0 0.36778846153846156 0.24639423076923078 0.0625 0.0625
0 0.42788461538461536 0.25961538461538464 0.0625 0.0625
0 0.39663461538461536 0.3713942307692308 0.0625 0.0625
0 0.43990384615384615 0.34134615384615385 0.0625 0.0625
0 0.453125 0.45072115384615385 0.0625 0.0625
0 0.47475961538461536 0.49038461538461536 0.0625 0.0625
0 0.53125 0.5564903846153846 0.0625 0.0625
0 0.48677884615384615 0.6490384615384616 0.0625 0.0625
0 0.5697115384615384 0.6778846153846154 0.0625 0.0625
0 0.5240384615384616 0.8413461538461539 0.0625 0.0625
0 0.5625 0.8257211538461539 0.0625 0.0625
0 0.609375 0.8377403846153846 0.0625 0.0625
0 0.65625 0.8677884615384616 0.0625 0.0625
0 0.6129807692307693 0.9350961538461539 0.0625 0.0625
0 0.8004807692307693 0.9182692307692307 0.0625 0.0625
0 0.8305288461538461 0.9447115384615384 0.0625 0.0625
0 0.43990384615384615 0.5817307692307693 0.0625 0.0625