0 0.08173076923076923 0.45552884615384615 0.056490384615384616 0.056490384615384616
0 0.12139423076923077 0.5709134615384616 0.056490384615384616 0.056490384615384616
0 0.32211538461538464 0.5024038461538461 0.056490384615384616 0.056490384615384616
0 0.40384615384615385 0.49759615384615385 0.056490384615384616 0.056490384615384616
0 0.5048076923076923 0.5132211538461539 0.056490384615384616 0.056490384615384616
0 0.5504807692307693 0.5240384615384616 0.056490384615384616 0.056490384615384616
0 0.5805288461538461 0.5240384615384616 0.056490384615384616 0.056490384615384616
0 0.5492788461538461 0.4483173076923077 0.056490384615384616 0.056490384615384616
0 0.6310096153846154 0.46153846153846156 0.056490384615384616 0.056490384615384616
0 0.6310096153846154 0.5288461538461539 0.056490384615384616 0.056490384615384616
0 0.6971153846153846 0.53125 0.056490384615384616 0.056490384615384616
0 0.6766826923076923 0.4951923076923077 0.056490384615384616 0.056490384615384616
0 0.7223557692307693 0.5528846153846154 0.056490384615384616 0.056490384615384616
0 0.7403846153846154 0.5288461538461539 0.056490384615384616 0.056490384615384616
0 0.7884615384615384 0.5408653846153846 0.056490384615384616 0.056490384615384616
0 0.7127403846153846 0.49759615384615385 0.056490384615384616 0.056490384615384616
0 0.7584134615384616 0.44591346153846156 0.056490384615384616 0.056490384615384616
0 0.8473557692307693 0.47596153846153844 0.056490384615384616 0.056490384615384616
0 0.8521634615384616 0.5432692307692307 0.056490384615384616 0.056490384615384616
0 0.8822115384615384 0.44471153846153844 0.056490384615384616 0.056490384615384616
0 0.9146634615384616 0.5324519230769231 0.056490384615384616 0.056490384615384616
0 0.9314903846153846 0.41346153846153844 0.056490384615384616 0.056490384615384616