0 0.13341346153846154 0.5336538461538461 0.056490384615384616 0.056490384615384616
0 0.15865384615384615 0.48677884615384615 0.056490384615384616 0.056490384615384616
0 0.21634615384615385 0.4795673076923077 0.056490384615384616 0.056490384615384616
0 0.22716346153846154 0.5649038461538461 0.056490384615384616 0.056490384615384616
0 0.2980769230769231 0.5396634615384616 0.056490384615384616 0.056490384615384616
0 0.2980769230769231 0.4891826923076923 0.056490384615384616 0.056490384615384616
0 0.3581730769230769 0.4831730769230769 0.056490384615384616 0.056490384615384616
0 0.3269230769230769 0.4543269230769231 0.056490384615384616 0.056490384615384616
0 0.34615384615384615 0.5793269230769231 0.056490384615384616 0.056490384615384616
0 0.37740384615384615 0.5540865384615384 0.056490384615384616 0.056490384615384616
0 0.39783653846153844 0.47716346153846156 0.056490384615384616 0.056490384615384616
0 0.44591346153846156 0.4855769230769231 0.056490384615384616 0.056490384615384616
0 0.4579326923076923 0.4639423076923077 0.056490384615384616 0.056490384615384616
0 0.4951923076923077 0.47475961538461536 0.056490384615384616 0.056490384615384616
0 0.6802884615384616 0.45552884615384615 0.056490384615384616 0.056490384615384616
0 0.9447115384615384 0.5420673076923077 0.056490384615384616 0.056490384615384616
0 0.43028846153846156 0.5516826923076923 0.056490384615384616 0.056490384615384616
0 0.46153846153846156 0.5288461538461539 0.056490384615384616 0.056490384615384616
0 0.4855769230769231 0.5504807692307693 0.056490384615384616 0.056490384615384616
0 0.9050480769230769 0.4579326923076923 0.056490384615384616 0.056490384615384616
0 0.9266826923076923 0.4807692307692308 0.056490384615384616 0.056490384615384616
0 0.9543269230769231 0.4639423076923077 0.056490384615384616 0.056490384615384616
0 0.9507211538461539 0.5336538461538461 0.056490384615384616 0.056490384615384616
0 0.7668269230769231 0.46153846153846156 0.056490384615384616 0.056490384615384616
0 0.6923076923076923 0.5288461538461539 0.056490384615384616 0.056490384615384616