0 0.3954326923076923 0.7944711538461539 0.056490384615384616 0.056490384615384616
0 0.4266826923076923 0.6887019230769231 0.056490384615384616 0.056490384615384616
0 0.4579326923076923 0.6418269230769231 0.056490384615384616 0.056490384615384616
0 0.5913461538461539 0.6923076923076923 0.056490384615384616 0.056490384615384616
0 0.5793269230769231 0.6322115384615384 0.056490384615384616 0.056490384615384616
0 0.5649038461538461 0.5817307692307693 0.056490384615384616 0.056490384615384616
0 0.5480769230769231 0.5084134615384616 0.056490384615384616 0.056490384615384616
0 0.6394230769230769 0.47115384615384615 0.056490384615384616 0.056490384615384616
0 0.5865384615384616 0.5336538461538461 0.056490384615384616 0.056490384615384616
0 0.6646634615384616 0.5588942307692307 0.056490384615384616 0.056490384615384616
0 0.6694711538461539 0.6382211538461539 0.056490384615384616 0.056490384615384616
0 0.5360576923076923 0.8605769230769231 0.056490384615384616 0.056490384615384616
0 0.4699519230769231 0.3762019230769231 0.056490384615384616 0.056490384615384616
0 0.6790865384615384 0.36778846153846156 0.056490384615384616 0.056490384615384616
0 0.6418269230769231 0.3137019230769231 0.056490384615384616 0.056490384615384616
0 0.6670673076923077 0.2668269230769231 0.056490384615384616 0.056490384615384616
0 0.5336538461538461 0.20192307692307693 0.056490384615384616 0.056490384615384616
0 0.5288461538461539 0.12139423076923077 0.056490384615384616 0.056490384615384616
0 0.5637019230769231 0.1466346153846154 0.056490384615384616 0.056490384615384616