0 0.37740384615384615 0.8557692307692307 0.052884615384615384 0.052884615384615384
0 0.42908653846153844 0.8701923076923077 0.052884615384615384 0.052884615384615384
0 0.3557692307692308 0.8257211538461539 0.052884615384615384 0.052884615384615384
0 0.3701923076923077 0.796875 0.052884615384615384 0.052884615384615384
0 0.4675480769230769 0.8581730769230769 0.052884615384615384 0.052884615384615384
0 0.4831730769230769 0.828125 0.052884615384615384 0.052884615384615384
0 0.43028846153846156 0.7644230769230769 0.052884615384615384 0.052884615384615384
0 0.45552884615384615 0.6947115384615384 0.052884615384615384 0.052884615384615384
0 0.5192307692307693 0.7151442307692307 0.052884615384615384 0.052884615384615384
0 0.49038461538461536 0.7608173076923077 0.052884615384615384 0.052884615384615384
0 0.46634615384615385 0.7367788461538461 0.052884615384615384 0.052884615384615384
0 0.5853365384615384 0.5841346153846154 0.052884615384615384 0.052884615384615384
0 0.4807692307692308 0.5625 0.052884615384615384 0.052884615384615384
0 0.47115384615384615 0.5 0.052884615384615384 0.052884615384615384
0 0.5625 0.4879807692307692 0.052884615384615384 0.052884615384615384
0 0.44350961538461536 0.41225961538461536 0.052884615384615384 0.052884615384615384
0 0.5444711538461539 0.41225961538461536 0.052884615384615384 0.052884615384615384
0 0.5348557692307693 0.4495192307692308 0.052884615384615384 0.052884615384615384
0 0.4098557692307692 0.28125 0.052884615384615384 0.052884615384615384
0 0.4483173076923077 0.27403846153846156 0.052884615384615384 0.052884615384615384
0 0.484375 0.24158653846153846 0.052884615384615384 0.052884615384615384
0 0.4651442307692308 0.20192307692307693 0.052884615384615384 0.052884615384615384
0 0.38822115384615385 0.23677884615384615 0.052884615384615384 0.052884615384615384
0 0.45913461538461536 0.13822115384615385 0.052884615384615384 0.052884615384615384
0 0.3389423076923077 0.14302884615384615 0.052884615384615384 0.052884615384615384
0 0.39663461538461536 0.04807692307692308 0.052884615384615384 0.052884615384615384
0 0.4074519230769231 0.016826923076923076 0.052884615384615384 0.03365384615384615
0 0.5288461538461539 0.5384615384615384 0.052884615384615384 0.052884615384615384