0 0.6586538461538461 0.5528846153846154 0.052884615384615384 0.052884615384615384
0 0.5552884615384616 0.5540865384615384 0.052884615384615384 0.052884615384615384
0 0.5492788461538461 0.5132211538461539 0.052884615384615384 0.052884615384615384
0 0.7680288461538461 0.4362980769230769 0.052884615384615384 0.052884615384615384
0 0.71875 0.3401442307692308 0.052884615384615384 0.052884615384615384
0 0.6694711538461539 0.37740384615384615 0.052884615384615384 0.052884615384615384
0 0.5769230769230769 0.4375 0.052884615384615384 0.052884615384615384
0 0.5805288461538461 0.31009615384615385 0.052884615384615384 0.052884615384615384
0 0.5504807692307693 0.375 0.052884615384615384 0.052884615384615384
0 0.43509615384615385 0.37740384615384615 0.052884615384615384 0.052884615384615384
0 0.4963942307692308 0.3088942307692308 0.052884615384615384 0.052884615384615384
0 0.4879807692307692 0.2512019230769231 0.052884615384615384 0.052884615384615384
0 0.43028846153846156 0.30288461538461536 0.052884615384615384 0.052884615384615384
0 0.3858173076923077 0.2536057692307692 0.052884615384615384 0.052884615384615384