0 0.22115384615384615 0.027644230769230768 0.0625 0.055288461538461536
0 0.21875 0.06490384615384616 0.0625 0.0625
0 0.13221153846153846 0.09134615384615384 0.0625 0.0625
0 0.18509615384615385 0.1502403846153846 0.0625 0.0625
0 0.25961538461538464 0.18990384615384615 0.0625 0.0625
0 0.21153846153846154 0.34375 0.0625 0.0625
0 0.23798076923076922 0.34375 0.0625 0.0625
0 0.3004807692307692 0.34375 0.0625 0.0625
0 0.34375 0.36899038461538464 0.0625 0.0625
0 0.30288461538461536 0.4375 0.0625 0.0625
0 0.35096153846153844 0.46274038461538464 0.0625 0.0625
0 0.39903846153846156 0.48677884615384615 0.0625 0.0625
0 0.44350961538461536 0.47115384615384615 0.0625 0.0625
0 0.49038461538461536 0.42788461538461536 0.0625 0.0625
0 0.5180288461538461 0.45072115384615385 0.0625 0.0625
0 0.4807692307692308 0.53125 0.0625 0.0625
0 0.6033653846153846 0.6658653846153846 0.0625 0.0625
0 0.6466346153846154 0.6838942307692307 0.0625 0.0625
0 0.6526442307692307 0.734375 0.0625 0.0625
0 0.6947115384615384 0.9302884615384616 0.0625 0.0625
0 0.7055288461538461 0.8629807692307693 0.0625 0.0625
0 0.6875 0.8221153846153846 0.0625 0.0625
0 0.7163461538461539 0.78125 0.0625 0.0625
0 0.7944711538461539 0.6286057692307693 0.0625 0.0625
0 0.7944711538461539 0.5901442307692307 0.0625 0.0625
0 0.7680288461538461 0.5432692307692307 0.0625 0.0625
0 0.703125 0.5841346153846154 0.0625 0.0625
0 0.6995192307692307 0.6153846153846154 0.0625 0.0625
0 0.7752403846153846 0.7536057692307693 0.0625 0.0625
0 0.16947115384615385 0.02403846153846154 0.0625 0.046875