0 0.8846153846153846 0.32211538461538464 0.056490384615384616 0.056490384615384616
0 0.8810096153846154 0.2439903846153846 0.056490384615384616 0.056490384615384616
0 0.828125 0.29927884615384615 0.056490384615384616 0.056490384615384616
0 0.8137019230769231 0.3173076923076923 0.056490384615384616 0.056490384615384616
0 0.8305288461538461 0.34134615384615385 0.056490384615384616 0.056490384615384616
0 0.7451923076923077 0.31490384615384615 0.056490384615384616 0.056490384615384616
0 0.7115384615384616 0.34615384615384615 0.056490384615384616 0.056490384615384616
0 0.7139423076923077 0.37740384615384615 0.056490384615384616 0.056490384615384616
0 0.7487980769230769 0.4375 0.056490384615384616 0.056490384615384616
0 0.7247596153846154 0.46153846153846156 0.056490384615384616 0.056490384615384616
0 0.6634615384615384 0.35697115384615385 0.056490384615384616 0.056490384615384616
0 0.6225961538461539 0.44471153846153844 0.056490384615384616 0.056490384615384616
0 0.6165865384615384 0.49158653846153844 0.056490384615384616 0.056490384615384616
0 0.6682692307692307 0.5372596153846154 0.056490384615384616 0.056490384615384616
0 0.5625 0.4362980769230769 0.056490384615384616 0.056490384615384616
0 0.5300480769230769 0.4795673076923077 0.056490384615384616 0.056490384615384616
0 0.5444711538461539 0.5829326923076923 0.056490384615384616 0.056490384615384616
0 0.6033653846153846 0.5721153846153846 0.056490384615384616 0.056490384615384616
0 0.5420673076923077 0.53125 0.056490384615384616 0.056490384615384616
0 0.4987980769230769 0.5817307692307693 0.056490384615384616 0.056490384615384616
0 0.49759615384615385 0.5060096153846154 0.056490384615384616 0.056490384615384616
0 0.43149038461538464 0.47596153846153844 0.056490384615384616 0.056490384615384616
0 0.41346153846153844 0.5697115384615384 0.056490384615384616 0.056490384615384616
0 0.3894230769230769 0.5805288461538461 0.056490384615384616 0.056490384615384616
0 0.46634615384615385 0.6670673076923077 0.056490384615384616 0.056490384615384616
0 0.37259615384615385 0.7319711538461539 0.056490384615384616 0.056490384615384616
0 0.30528846153846156 0.6237980769230769 0.056490384615384616 0.056490384615384616
0 0.25600961538461536 0.6586538461538461 0.056490384615384616 0.056490384615384616
0 0.22596153846153846 0.6009615384615384 0.056490384615384616 0.056490384615384616
0 0.20432692307692307 0.6706730769230769 0.056490384615384616 0.056490384615384616
0 0.17548076923076922 0.6911057692307693 0.056490384615384616 0.056490384615384616
0 0.12740384615384615 0.6862980769230769 0.056490384615384616 0.056490384615384616
0 0.26802884615384615 0.7475961538461539 0.056490384615384616 0.056490384615384616
0 0.2536057692307692 0.7728365384615384 0.056490384615384616 0.056490384615384616
0 0.06610576923076923 0.7151442307692307 0.056490384615384616 0.056490384615384616