0 0.9098557692307693 0.8004807692307693 0.0625 0.0625
0 0.9495192307692307 0.7512019230769231 0.0625 0.0625
0 0.9026442307692307 0.7055288461538461 0.0625 0.0625
0 0.8725961538461539 0.6935096153846154 0.0625 0.0625
0 0.8653846153846154 0.8112980769230769 0.0625 0.0625
0 0.8305288461538461 0.7572115384615384 0.0625 0.0625
0 0.7620192307692307 0.8052884615384616 0.0625 0.0625
0 0.8112980769230769 0.6526442307692307 0.0625 0.0625
0 0.8076923076923077 0.7043269230769231 0.0625 0.0625
0 0.7980769230769231 0.7367788461538461 0.0625 0.0625
0 0.7451923076923077 0.609375 0.0625 0.0625
0 0.7259615384615384 0.6754807692307693 0.0625 0.0625
0 0.7127403846153846 0.7067307692307693 0.0625 0.0625
0 0.6826923076923077 0.7091346153846154 0.0625 0.0625
0 0.640625 0.6634615384615384 0.0625 0.0625
0 0.6057692307692307 0.6177884615384616 0.0625 0.0625
0 0.6634615384615384 0.5793269230769231 0.0625 0.0625
0 0.6274038461538461 0.5745192307692307 0.0625 0.0625
0 0.5600961538461539 0.5444711538461539 0.0625 0.0625
0 0.5492788461538461 0.6382211538461539 0.0625 0.0625
0 0.5108173076923077 0.6370192307692307 0.0625 0.0625
0 0.4639423076923077 0.6057692307692307 0.0625 0.0625
0 0.47836538461538464 0.5456730769230769 0.0625 0.0625
0 0.5204326923076923 0.5192307692307693 0.0625 0.0625
0 0.4182692307692308 0.5492788461538461 0.0625 0.0625
0 0.4182692307692308 0.49759615384615385 0.0625 0.0625
0 0.36538461538461536 0.4963942307692308 0.0625 0.0625
0 0.375 0.41586538461538464 0.0625 0.0625
0 0.2980769230769231 0.4387019230769231 0.0625 0.0625
0 0.3137019230769231 0.4098557692307692 0.0625 0.0625
0 0.265625 0.3918269230769231 0.0625 0.0625
0 0.29086538461538464 0.359375 0.0625 0.0625
0 0.2403846153846154 0.3485576923076923 0.0625 0.0625
0 0.23197115384615385 0.45552884615384615 0.0625 0.0625
0 0.1778846153846154 0.4182692307692308 0.0625 0.0625
0 0.1622596153846154 0.38822115384615385 0.0625 0.0625
0 0.1935096153846154 0.37259615384615385 0.0625 0.0625
0 0.13341346153846154 0.33653846153846156 0.0625 0.0625
0 0.1875 0.26802884615384615 0.0625 0.0625
0 0.06490384615384616 0.2608173076923077 0.0625 0.0625