0 0.5793269230769231 0.8004807692307693 0.056490384615384616 0.056490384615384616
0 0.5288461538461539 0.7644230769230769 0.056490384615384616 0.056490384615384616
0 0.5865384615384616 0.7043269230769231 0.056490384615384616 0.056490384615384616
0 0.4831730769230769 0.6730769230769231 0.056490384615384616 0.056490384615384616
0 0.4987980769230769 0.6237980769230769 0.056490384615384616 0.056490384615384616
0 0.453125 0.5721153846153846 0.056490384615384616 0.056490384615384616
0 0.5132211538461539 0.5228365384615384 0.056490384615384616 0.056490384615384616
0 0.43149038461538464 0.4831730769230769 0.056490384615384616 0.056490384615384616
0 0.4963942307692308 0.4182692307692308 0.056490384615384616 0.056490384615384616
0 0.5072115384615384 0.44471153846153844 0.056490384615384616 0.056490384615384616
0 0.5456730769230769 0.4387019230769231 0.056490384615384616 0.056490384615384616
0 0.46153846153846156 0.31490384615384615 0.056490384615384616 0.056490384615384616
0 0.375 0.34615384615384615 0.056490384615384616 0.056490384615384616
0 0.6274038461538461 0.8509615384615384 0.056490384615384616 0.056490384615384616