0 0.8990384615384616 0.2776442307692308 0.056490384615384616 0.056490384615384616
0 0.8942307692307693 0.19951923076923078 0.056490384615384616 0.056490384615384616
0 0.8413461538461539 0.2548076923076923 0.056490384615384616 0.056490384615384616
0 0.8269230769230769 0.27283653846153844 0.056490384615384616 0.056490384615384616
0 0.8449519230769231 0.296875 0.056490384615384616 0.056490384615384616
0 0.7584134615384616 0.2692307692307692 0.056490384615384616 0.056490384615384616
0 0.7247596153846154 0.3004807692307692 0.056490384615384616 0.056490384615384616
0 0.7271634615384616 0.3317307692307692 0.056490384615384616 0.056490384615384616
0 0.7632211538461539 0.39302884615384615 0.056490384615384616 0.056490384615384616
0 0.7379807692307693 0.4170673076923077 0.056490384615384616 0.056490384615384616
0 0.6766826923076923 0.3125 0.056490384615384616 0.056490384615384616
0 0.6370192307692307 0.40024038461538464 0.056490384615384616 0.056490384615384616
0 0.6298076923076923 0.44591346153846156 0.056490384615384616 0.056490384615384616
0 0.6814903846153846 0.49278846153846156 0.056490384615384616 0.056490384615384616
0 0.5757211538461539 0.3918269230769231 0.056490384615384616 0.056490384615384616
0 0.5444711538461539 0.43509615384615385 0.056490384615384616 0.056490384615384616
0 0.5576923076923077 0.5384615384615384 0.056490384615384616 0.056490384615384616
0 0.6177884615384616 0.5276442307692307 0.056490384615384616 0.056490384615384616
0 0.5552884615384616 0.48677884615384615 0.056490384615384616 0.056490384615384616
0 0.5132211538461539 0.5372596153846154 0.056490384615384616 0.056490384615384616
0 0.5120192307692307 0.46153846153846156 0.056490384615384616 0.056490384615384616
0 0.44471153846153844 0.43149038461538464 0.056490384615384616 0.056490384615384616
0 0.4266826923076923 0.5240384615384616 0.056490384615384616 0.056490384615384616
0 0.40384615384615385 0.5348557692307693 0.056490384615384616 0.056490384615384616
0 0.4807692307692308 0.6225961538461539 0.056490384615384616 0.056490384615384616
0 0.3870192307692308 0.6875 0.056490384615384616 0.056490384615384616
0 0.31971153846153844 0.5793269230769231 0.056490384615384616 0.056490384615384616
0 0.2692307692307692 0.6129807692307693 0.056490384615384616 0.056490384615384616
0 0.2403846153846154 0.5564903846153846 0.056490384615384616 0.056490384615384616
0 0.21754807692307693 0.6262019230769231 0.056490384615384616 0.056490384615384616
0 0.18990384615384615 0.6466346153846154 0.056490384615384616 0.056490384615384616
0 0.140625 0.6418269230769231 0.056490384615384616 0.056490384615384616
0 0.28125 0.703125 0.056490384615384616 0.056490384615384616
0 0.26802884615384615 0.7271634615384616 0.056490384615384616 0.056490384615384616
0 0.08052884615384616 0.6694711538461539 0.056490384615384616 0.056490384615384616