0 0.11658653846153846 0.2091346153846154 0.056490384615384616 0.056490384615384616
0 0.140625 0.2127403846153846 0.056490384615384616 0.056490384615384616
0 0.15384615384615385 0.24759615384615385 0.056490384615384616 0.056490384615384616
0 0.22355769230769232 0.15745192307692307 0.056490384615384616 0.056490384615384616
0 0.265625 0.14302884615384615 0.056490384615384616 0.056490384615384616
0 0.2824519230769231 0.17427884615384615 0.056490384615384616 0.056490384615384616
0 0.3581730769230769 0.16947115384615385 0.056490384615384616 0.056490384615384616
0 0.36538461538461536 0.20552884615384615 0.056490384615384616 0.056490384615384616
0 0.31971153846153844 0.28125 0.056490384615384616 0.056490384615384616
0 0.40865384615384615 0.33653846153846156 0.056490384615384616 0.056490384615384616
0 0.41225961538461536 0.31009615384615385 0.056490384615384616 0.056490384615384616
0 0.43990384615384615 0.23197115384615385 0.056490384615384616 0.056490384615384616
0 0.46634615384615385 0.2548076923076923 0.056490384615384616 0.056490384615384616
0 0.453125 0.32572115384615385 0.056490384615384616 0.056490384615384616
0 0.47475961538461536 0.40024038461538464 0.056490384615384616 0.056490384615384616
0 0.5552884615384616 0.2620192307692308 0.056490384615384616 0.056490384615384616
0 0.5757211538461539 0.28846153846153844 0.056490384615384616 0.056490384615384616
0 0.515625 0.38461538461538464 0.056490384615384616 0.056490384615384616
0 0.609375 0.40024038461538464 0.056490384615384616 0.056490384615384616
0 0.6670673076923077 0.4026442307692308 0.056490384615384616 0.056490384615384616
0 0.6658653846153846 0.3629807692307692 0.056490384615384616 0.056490384615384616
0 0.6694711538461539 0.44471153846153844 0.056490384615384616 0.056490384615384616
0 0.7235576923076923 0.49158653846153844 0.056490384615384616 0.056490384615384616
0 0.7463942307692307 0.49158653846153844 0.056490384615384616 0.056490384615384616
0 0.7524038461538461 0.4387019230769231 0.056490384615384616 0.056490384615384616
0 0.7836538461538461 0.5649038461538461 0.056490384615384616 0.056490384615384616
0 0.7956730769230769 0.453125 0.056490384615384616 0.056490384615384616
0 0.21995192307692307 0.29447115384615385 0.056490384615384616 0.056490384615384616
0 0.27163461538461536 0.2704326923076923 0.056490384615384616 0.056490384615384616
0 0.28966346153846156 0.29447115384615385 0.056490384615384616 0.056490384615384616
0 0.23677884615384615 0.3269230769230769 0.056490384615384616 0.056490384615384616
0 0.2283653846153846 0.41346153846153844 0.056490384615384616 0.056490384615384616
0 0.30649038461538464 0.3894230769230769 0.056490384615384616 0.056490384615384616
0 0.3125 0.41947115384615385 0.056490384615384616 0.056490384615384616
0 0.23317307692307693 0.4543269230769231 0.056490384615384616 0.056490384615384616
0 0.27403846153846156 0.49759615384615385 0.056490384615384616 0.056490384615384616
0 0.26322115384615385 0.6887019230769231 0.056490384615384616 0.056490384615384616
0 0.32572115384615385 0.6742788461538461 0.056490384615384616 0.056490384615384616
0 0.27163461538461536 0.6069711538461539 0.056490384615384616 0.056490384615384616
0 0.34975961538461536 0.8137019230769231 0.056490384615384616 0.056490384615384616