0 0.9086538461538461 0.28846153846153844 0.056490384615384616 0.056490384615384616
0 0.8918269230769231 0.4110576923076923 0.056490384615384616 0.056490384615384616
0 0.84375 0.2980769230769231 0.056490384615384616 0.056490384615384616
0 0.8016826923076923 0.2920673076923077 0.056490384615384616 0.056490384615384616
0 0.875 0.38100961538461536 0.056490384615384616 0.056490384615384616
0 0.8389423076923077 0.38221153846153844 0.056490384615384616 0.056490384615384616
0 0.7908653846153846 0.40384615384615385 0.056490384615384616 0.056490384615384616
0 0.7800480769230769 0.31850961538461536 0.056490384615384616 0.056490384615384616
0 0.7307692307692307 0.328125 0.056490384615384616 0.056490384615384616
0 0.6971153846153846 0.36538461538461536 0.056490384615384616 0.056490384615384616
0 0.7211538461538461 0.4182692307692308 0.056490384615384616 0.056490384615384616
0 0.6899038461538461 0.4567307692307692 0.056490384615384616 0.056490384615384616
0 0.65625 0.35216346153846156 0.056490384615384616 0.056490384615384616
0 0.6141826923076923 0.33774038461538464 0.056490384615384616 0.056490384615384616
0 0.5 0.4098557692307692 0.056490384615384616 0.056490384615384616
0 0.5216346153846154 0.48197115384615385 0.056490384615384616 0.056490384615384616
0 0.44350961538461536 0.5072115384615384 0.056490384615384616 0.056490384615384616
0 0.4362980769230769 0.5637019230769231 0.056490384615384616 0.056490384615384616
0 0.39663461538461536 0.5552884615384616 0.056490384615384616 0.056490384615384616
0 0.33533653846153844 0.5961538461538461 0.056490384615384616 0.056490384615384616
0 0.2980769230769231 0.6622596153846154 0.056490384615384616 0.056490384615384616
0 0.2512019230769231 0.6586538461538461 0.056490384615384616 0.056490384615384616
0 0.23677884615384615 0.609375 0.056490384615384616 0.056490384615384616
0 0.203125 0.75 0.056490384615384616 0.056490384615384616
0 0.13942307692307693 0.7740384615384616 0.056490384615384616 0.056490384615384616
0 0.13221153846153846 0.7283653846153846 0.056490384615384616 0.056490384615384616
0 0.09615384615384616 0.7271634615384616 0.056490384615384616 0.056490384615384616
0 0.04447115384615385 0.703125 0.056490384615384616 0.056490384615384616
0 0.0889423076923077 0.6213942307692307 0.056490384615384616 0.056490384615384616
0 0.20673076923076922 0.5757211538461539 0.056490384615384616 0.056490384615384616
0 0.16947115384615385 0.5877403846153846 0.056490384615384616 0.056490384615384616
0 0.7211538461538461 0.1466346153846154 0.056490384615384616 0.056490384615384616
0 0.7163461538461539 0.24278846153846154 0.056490384615384616 0.056490384615384616
0 0.6490384615384616 0.2536057692307692 0.056490384615384616 0.056490384615384616
0 0.5817307692307693 0.20673076923076922 0.056490384615384616 0.056490384615384616
0 0.5192307692307693 0.22956730769230768 0.056490384615384616 0.056490384615384616
0 0.5420673076923077 0.35697115384615385 0.056490384615384616 0.056490384615384616
0 0.4074519230769231 0.35216346153846156 0.056490384615384616 0.056490384615384616
0 0.44471153846153844 0.4338942307692308 0.056490384615384616 0.056490384615384616
0 0.41346153846153844 0.4182692307692308 0.056490384615384616 0.056490384615384616
0 0.2620192307692308 0.5 0.056490384615384616 0.056490384615384616
0 0.29447115384615385 0.49158653846153844 0.056490384615384616 0.056490384615384616