0 0.27884615384615385 0.890625 0.056490384615384616 0.056490384615384616
0 0.32211538461538464 0.8353365384615384 0.056490384615384616 0.056490384615384616
0 0.3473557692307692 0.9651442307692307 0.056490384615384616 0.056490384615384616
0 0.41225961538461536 0.8810096153846154 0.056490384615384616 0.056490384615384616
0 0.43149038461538464 0.7644230769230769 0.056490384615384616 0.056490384615384616
0 0.46033653846153844 0.6947115384615384 0.056490384615384616 0.056490384615384616
0 0.42908653846153844 0.8305288461538461 0.056490384615384616 0.056490384615384616
0 0.5913461538461539 0.5709134615384616 0.056490384615384616 0.056490384615384616
0 0.5420673076923077 0.7740384615384616 0.056490384615384616 0.056490384615384616
0 0.6201923076923077 0.7247596153846154 0.056490384615384616 0.056490384615384616
0 0.6790865384615384 0.6850961538461539 0.056490384615384616 0.056490384615384616
0 0.7427884615384616 0.6610576923076923 0.056490384615384616 0.056490384615384616
0 0.7680288461538461 0.5072115384615384 0.056490384615384616 0.056490384615384616
0 0.6899038461538461 0.44711538461538464 0.056490384615384616 0.056490384615384616
0 0.5625 0.4423076923076923 0.056490384615384616 0.056490384615384616
0 0.421875 0.31009615384615385 0.056490384615384616 0.056490384615384616
0 0.390625 0.2548076923076923 0.056490384615384616 0.056490384615384616
0 0.3701923076923077 0.1935096153846154 0.056490384615384616 0.056490384615384616
0 0.3485576923076923 0.15865384615384615 0.056490384615384616 0.056490384615384616
0 0.28966346153846156 0.09735576923076923 0.056490384615384616 0.056490384615384616
0 0.42908653846153844 0.07451923076923077 0.056490384615384616 0.056490384615384616
0 0.43509615384615385 0.16826923076923078 0.056490384615384616 0.056490384615384616
0 0.4855769230769231 0.34134615384615385 0.056490384615384616 0.056490384615384616
0 0.48197115384615385 0.2283653846153846 0.056490384615384616 0.056490384615384616