0 0.9447115384615384 0.35697115384615385 0.056490384615384616 0.056490384615384616
0 0.8533653846153846 0.41346153846153844 0.056490384615384616 0.056490384615384616
0 0.8257211538461539 0.44471153846153844 0.056490384615384616 0.056490384615384616
0 0.8701923076923077 0.46634615384615385 0.056490384615384616 0.056490384615384616
0 0.7680288461538461 0.45072115384615385 0.056490384615384616 0.056490384615384616
0 0.7307692307692307 0.48677884615384615 0.056490384615384616 0.056490384615384616
0 0.7632211538461539 0.5072115384615384 0.056490384615384616 0.056490384615384616
0 0.8413461538461539 0.5865384615384616 0.056490384615384616 0.056490384615384616
0 0.7704326923076923 0.5528846153846154 0.056490384615384616 0.056490384615384616
0 0.8581730769230769 0.6598557692307693 0.056490384615384616 0.056490384615384616
0 0.7055288461538461 0.6670673076923077 0.056490384615384616 0.056490384615384616
0 0.7992788461538461 0.7680288461538461 0.056490384615384616 0.056490384615384616
0 0.6610576923076923 0.7680288461538461 0.056490384615384616 0.056490384615384616
0 0.7632211538461539 0.8341346153846154 0.056490384615384616 0.056490384615384616
0 0.7427884615384616 0.8677884615384616 0.056490384615384616 0.056490384615384616
0 0.6129807692307693 0.9555288461538461 0.056490384615384616 0.056490384615384616
0 0.8305288461538461 0.36177884615384615 0.056490384615384616 0.056490384615384616
0 0.7980769230769231 0.3473557692307692 0.056490384615384616 0.056490384615384616
0 0.78125 0.2776442307692308 0.056490384615384616 0.056490384615384616
0 0.6850961538461539 0.2644230769230769 0.056490384615384616 0.056490384615384616
0 0.6141826923076923 0.25600961538461536 0.056490384615384616 0.056490384615384616
0 0.4675480769230769 0.23197115384615385 0.056490384615384616 0.056490384615384616
0 0.4423076923076923 0.2536057692307692 0.056490384615384616 0.056490384615384616
0 0.42908653846153844 0.17668269230769232 0.056490384615384616 0.056490384615384616
0 0.40625 0.30288461538461536 0.056490384615384616 0.056490384615384616
0 0.34975961538461536 0.27403846153846156 0.056490384615384616 0.056490384615384616
0 0.33052884615384615 0.296875 0.056490384615384616 0.056490384615384616
0 0.34134615384615385 0.23197115384615385 0.056490384615384616 0.056490384615384616
0 0.27524038461538464 0.27524038461538464 0.056490384615384616 0.056490384615384616
0 0.20432692307692307 0.22596153846153846 0.056490384615384616 0.056490384615384616
0 0.14903846153846154 0.28365384615384615 0.056490384615384616 0.056490384615384616
0 0.08653846153846154 0.29447115384615385 0.056490384615384616 0.056490384615384616