0 0.2980769230769231 0.9639423076923077 0.056490384615384616 0.056490384615384616
0 0.27884615384615385 0.8461538461538461 0.056490384615384616 0.056490384615384616
0 0.3798076923076923 0.8389423076923077 0.056490384615384616 0.056490384615384616
0 0.36778846153846156 0.8918269230769231 0.056490384615384616 0.056490384615384616
0 0.37740384615384615 0.7680288461538461 0.056490384615384616 0.056490384615384616
0 0.40865384615384615 0.7055288461538461 0.056490384615384616 0.056490384615384616
0 0.5444711538461539 0.5865384615384616 0.056490384615384616 0.056490384615384616
0 0.7584134615384616 0.6081730769230769 0.056490384615384616 0.056490384615384616
0 0.6983173076923077 0.6742788461538461 0.056490384615384616 0.056490384615384616
0 0.5805288461538461 0.734375 0.056490384615384616 0.056490384615384616
0 0.23918269230769232 0.11177884615384616 0.056490384615384616 0.056490384615384616
0 0.38822115384615385 0.17067307692307693 0.056490384615384616 0.056490384615384616
0 0.34134615384615385 0.26322115384615385 0.056490384615384616 0.056490384615384616
0 0.3762019230769231 0.3173076923076923 0.056490384615384616 0.056490384615384616
0 0.45552884615384615 0.3269230769230769 0.056490384615384616 0.056490384615384616
0 0.5240384615384616 0.44471153846153844 0.056490384615384616 0.056490384615384616
0 0.6514423076923077 0.4543269230769231 0.056490384615384616 0.056490384615384616
0 0.7199519230769231 0.5144230769230769 0.056490384615384616 0.056490384615384616