0 0.5673076923076923 0.07091346153846154 0.056490384615384616 0.056490384615384616
0 0.7355769230769231 0.028846153846153848 0.056490384615384616 0.056490384615384616
0 0.6454326923076923 0.17427884615384615 0.056490384615384616 0.056490384615384616
0 0.6418269230769231 0.24519230769230768 0.056490384615384616 0.056490384615384616
0 0.5805288461538461 0.30408653846153844 0.056490384615384616 0.056490384615384616
0 0.6165865384615384 0.31009615384615385 0.056490384615384616 0.056490384615384616
0 0.6646634615384616 0.34615384615384615 0.056490384615384616 0.056490384615384616
0 0.5612980769230769 0.3701923076923077 0.056490384615384616 0.056490384615384616
0 0.5673076923076923 0.5180288461538461 0.056490384615384616 0.056490384615384616
0 0.5228365384615384 0.5204326923076923 0.056490384615384616 0.056490384615384616
0 0.5444711538461539 0.5805288461538461 0.056490384615384616 0.056490384615384616
0 0.6021634615384616 0.6009615384615384 0.056490384615384616 0.056490384615384616
0 0.6262019230769231 0.6262019230769231 0.056490384615384616 0.056490384615384616
0 0.6177884615384616 0.7139423076923077 0.056490384615384616 0.056490384615384616
0 0.7163461538461539 0.5072115384615384 0.056490384615384616 0.056490384615384616
0 0.6850961538461539 0.4639423076923077 0.056490384615384616 0.056490384615384616
0 0.6538461538461539 0.42908653846153844 0.056490384615384616 0.056490384615384616
0 0.6454326923076923 0.5492788461538461 0.056490384615384616 0.056490384615384616
0 0.46634615384615385 0.6959134615384616 0.056490384615384616 0.056490384615384616
0 0.4266826923076923 0.6694711538461539 0.056490384615384616 0.056490384615384616
0 0.5012019230769231 0.5913461538461539 0.056490384615384616 0.056490384615384616
0 0.5132211538461539 0.6514423076923077 0.056490384615384616 0.056490384615384616
0 0.46153846153846156 0.9747596153846154 0.056490384615384616 0.05048076923076923
0 0.4519230769230769 0.9050480769230769 0.056490384615384616 0.056490384615384616
0 0.33653846153846156 0.4639423076923077 0.056490384615384616 0.056490384615384616
0 0.35697115384615385 0.41947115384615385 0.056490384615384616 0.056490384615384616
0 0.28966346153846156 0.4014423076923077 0.056490384615384616 0.056490384615384616
0 0.3173076923076923 0.3485576923076923 0.056490384615384616 0.056490384615384616
0 0.2704326923076923 0.24158653846153846 0.056490384615384616 0.056490384615384616
0 0.23197115384615385 0.21394230769230768 0.056490384615384616 0.056490384615384616
0 0.3485576923076923 0.17908653846153846 0.056490384615384616 0.056490384615384616
0 0.3449519230769231 0.28125 0.056490384615384616 0.056490384615384616