0 0.5661057692307693 0.11778846153846154 0.056490384615384616 0.056490384615384616
0 0.6069711538461539 0.020432692307692308 0.056490384615384616 0.040865384615384616
0 0.6730769230769231 0.12259615384615384 0.056490384615384616 0.056490384615384616
0 0.6322115384615384 0.10336538461538461 0.056490384615384616 0.056490384615384616
0 0.6009615384615384 0.09615384615384616 0.056490384615384616 0.056490384615384616
0 0.46875 0.13221153846153846 0.056490384615384616 0.056490384615384616
0 0.4807692307692308 0.22355769230769232 0.056490384615384616 0.056490384615384616
0 0.5204326923076923 0.2800480769230769 0.056490384615384616 0.056490384615384616
0 0.5685096153846154 0.3317307692307692 0.056490384615384616 0.056490384615384616
0 0.453125 0.3317307692307692 0.056490384615384616 0.056490384615384616
0 0.4495192307692308 0.3870192307692308 0.056490384615384616 0.056490384615384616
0 0.44591346153846156 0.44471153846153844 0.056490384615384616 0.056490384615384616
0 0.5504807692307693 0.45072115384615385 0.056490384615384616 0.056490384615384616
0 0.5865384615384616 0.4723557692307692 0.056490384615384616 0.056490384615384616
0 0.6105769230769231 0.5240384615384616 0.056490384615384616 0.056490384615384616
0 0.6274038461538461 0.5637019230769231 0.056490384615384616 0.056490384615384616
0 0.5480769230769231 0.6105769230769231 0.056490384615384616 0.056490384615384616
0 0.48197115384615385 0.6262019230769231 0.056490384615384616 0.056490384615384616
0 0.6069711538461539 0.5961538461538461 0.056490384615384616 0.056490384615384616
0 0.6526442307692307 0.6802884615384616 0.056490384615384616 0.056490384615384616
0 0.5552884615384616 0.7043269230769231 0.056490384615384616 0.056490384615384616
0 0.6177884615384616 0.71875 0.056490384615384616 0.056490384615384616
0 0.6538461538461539 0.7572115384615384 0.056490384615384616 0.056490384615384616
0 0.546875 0.8112980769230769 0.056490384615384616 0.056490384615384616
0 0.6189903846153846 0.796875 0.056490384615384616 0.056490384615384616
0 0.5336538461538461 0.9435096153846154 0.056490384615384616 0.056490384615384616
0 0.5432692307692307 0.8557692307692307 0.056490384615384616 0.056490384615384616