0 0.9098557692307693 0.734375 0.055288461538461536 0.055288461538461536
0 0.7932692307692307 0.7475961538461539 0.055288461538461536 0.055288461538461536
0 0.7884615384615384 0.5757211538461539 0.055288461538461536 0.055288461538461536
0 0.6490384615384616 0.6298076923076923 0.055288461538461536 0.055288461538461536
0 0.578125 0.578125 0.055288461538461536 0.055288461538461536
0 0.6382211538461539 0.4807692307692308 0.055288461538461536 0.055288461538461536
0 0.5661057692307693 0.46153846153846156 0.055288461538461536 0.055288461538461536
0 0.5144230769230769 0.5661057692307693 0.055288461538461536 0.055288461538461536
0 0.4567307692307692 0.5432692307692307 0.055288461538461536 0.055288461538461536
0 0.47475961538461536 0.4807692307692308 0.055288461538461536 0.055288461538461536
0 0.4026442307692308 0.4387019230769231 0.055288461538461536 0.055288461538461536
0 0.33774038461538464 0.5324519230769231 0.055288461538461536 0.055288461538461536
0 0.32572115384615385 0.5012019230769231 0.055288461538461536 0.055288461538461536
0 0.23076923076923078 0.5240384615384616 0.055288461538461536 0.055288461538461536
0 0.2283653846153846 0.47475961538461536 0.055288461538461536 0.055288461538461536
0 0.25841346153846156 0.47836538461538464 0.055288461538461536 0.055288461538461536
0 0.28846153846153844 0.4230769230769231 0.055288461538461536 0.055288461538461536
0 0.25240384615384615 0.39302884615384615 0.055288461538461536 0.055288461538461536
0 0.1814903846153846 0.36899038461538464 0.055288461538461536 0.055288461538461536
0 0.10576923076923077 0.4098557692307692 0.055288461538461536 0.055288461538461536
0 0.02403846153846154 0.36778846153846156 0.046875 0.055288461538461536
0 0.09615384615384616 0.30408653846153844 0.055288461538461536 0.055288461538461536
0 0.039663461538461536 0.28846153846153844 0.055288461538461536 0.055288461538461536
0 0.028846153846153848 0.25721153846153844 0.055288461538461536 0.055288461538461536
0 0.8076923076923077 0.8545673076923077 0.055288461538461536 0.055288461538461536