0 0.5408653846153846 0.7908653846153846 0.055288461538461536 0.055288461538461536
0 0.6286057692307693 0.7692307692307693 0.055288461538461536 0.055288461538461536
0 0.5877403846153846 0.6911057692307693 0.055288461538461536 0.055288461538461536
0 0.5336538461538461 0.6322115384615384 0.055288461538461536 0.055288461538461536
0 0.5180288461538461 0.5949519230769231 0.055288461538461536 0.055288461538461536
0 0.3762019230769231 0.5552884615384616 0.055288461538461536 0.055288461538461536
0 0.4098557692307692 0.5324519230769231 0.055288461538461536 0.055288461538461536
0 0.47115384615384615 0.5276442307692307 0.055288461538461536 0.055288461538461536
0 0.453125 0.49759615384615385 0.055288461538461536 0.055288461538461536
0 0.4411057692307692 0.4519230769230769 0.055288461538461536 0.055288461538461536
0 0.40625 0.36899038461538464 0.055288461538461536 0.055288461538461536
0 0.31850961538461536 0.40384615384615385 0.055288461538461536 0.055288461538461536
0 0.32211538461538464 0.3629807692307692 0.055288461538461536 0.055288461538461536
0 0.2776442307692308 0.27163461538461536 0.055288461538461536 0.055288461538461536
0 0.36778846153846156 0.1875 0.055288461538461536 0.055288461538461536
0 0.38822115384615385 0.11298076923076923 0.055288461538461536 0.055288461538461536
0 0.22596153846153846 0.140625 0.055288461538461536 0.055288461538461536
0 0.23317307692307693 0.04927884615384615 0.055288461538461536 0.055288461538461536
0 0.4230769230769231 0.6694711538461539 0.055288461538461536 0.055288461538461536
0 0.40625 0.7043269230769231 0.055288461538461536 0.055288461538461536
0 0.3737980769230769 0.6658653846153846 0.055288461538461536 0.055288461538461536
0 0.3293269230769231 0.6658653846153846 0.055288461538461536 0.055288461538461536
0 0.24759615384615385 0.6009615384615384 0.055288461538461536 0.055288461538461536
0 0.22115384615384615 0.6923076923076923 0.055288461538461536 0.055288461538461536