0 0.9699519230769231 0.21394230769230768 0.056490384615384616 0.056490384615384616
0 0.9519230769230769 0.33653846153846156 0.056490384615384616 0.056490384615384616
0 0.9038461538461539 0.22355769230769232 0.056490384615384616 0.056490384615384616
0 0.8617788461538461 0.21754807692307693 0.056490384615384616 0.056490384615384616
0 0.9350961538461539 0.30649038461538464 0.056490384615384616 0.056490384615384616
0 0.8990384615384616 0.3088942307692308 0.056490384615384616 0.056490384615384616
0 0.8509615384615384 0.33052884615384615 0.056490384615384616 0.056490384615384616
0 0.8413461538461539 0.2439903846153846 0.056490384615384616 0.056490384615384616
0 0.7908653846153846 0.2536057692307692 0.056490384615384616 0.056490384615384616
0 0.7572115384615384 0.29086538461538464 0.056490384615384616 0.056490384615384616
0 0.78125 0.34375 0.056490384615384616 0.056490384615384616
0 0.7512019230769231 0.38221153846153844 0.056490384615384616 0.056490384615384616
0 0.7163461538461539 0.27884615384615385 0.056490384615384616 0.056490384615384616
0 0.6742788461538461 0.26322115384615385 0.056490384615384616 0.056490384615384616
0 0.5600961538461539 0.33653846153846156 0.056490384615384616 0.056490384615384616
0 0.5817307692307693 0.40865384615384615 0.056490384615384616 0.056490384615384616
0 0.5036057692307693 0.4338942307692308 0.056490384615384616 0.056490384615384616
0 0.49759615384615385 0.4891826923076923 0.056490384615384616 0.056490384615384616
0 0.4567307692307692 0.48197115384615385 0.056490384615384616 0.056490384615384616
0 0.3954326923076923 0.5228365384615384 0.056490384615384616 0.056490384615384616
0 0.3581730769230769 0.5877403846153846 0.056490384615384616 0.056490384615384616
0 0.3112980769230769 0.5853365384615384 0.056490384615384616 0.056490384615384616
0 0.296875 0.5348557692307693 0.056490384615384616 0.056490384615384616
0 0.26322115384615385 0.6754807692307693 0.056490384615384616 0.056490384615384616
0 0.19471153846153846 0.6971153846153846 0.056490384615384616 0.056490384615384616
0 0.1971153846153846 0.6586538461538461 0.056490384615384616 0.056490384615384616
0 0.15745192307692307 0.6538461538461539 0.056490384615384616 0.056490384615384616
0 0.1045673076923077 0.6286057692307693 0.056490384615384616 0.056490384615384616
0 0.14903846153846154 0.546875 0.056490384615384616 0.056490384615384616
0 0.26802884615384615 0.5024038461538461 0.056490384615384616 0.056490384615384616
0 0.23076923076923078 0.5132211538461539 0.056490384615384616 0.056490384615384616
0 0.7824519230769231 0.07211538461538461 0.056490384615384616 0.056490384615384616
0 0.7776442307692307 0.16826923076923078 0.056490384615384616 0.056490384615384616
0 0.7103365384615384 0.18028846153846154 0.056490384615384616 0.056490384615384616
0 0.6382211538461539 0.1346153846153846 0.056490384615384616 0.056490384615384616
0 0.5805288461538461 0.15504807692307693 0.056490384615384616 0.056490384615384616
0 0.6021634615384616 0.28365384615384615 0.056490384615384616 0.056490384615384616
0 0.4675480769230769 0.27884615384615385 0.056490384615384616 0.056490384615384616
0 0.5048076923076923 0.359375 0.056490384615384616 0.056490384615384616
0 0.47475961538461536 0.34375 0.056490384615384616 0.056490384615384616
0 0.32211538461538464 0.4254807692307692 0.056490384615384616 0.056490384615384616
0 0.3545673076923077 0.4170673076923077 0.056490384615384616 0.056490384615384616