0 0.921875 0.8497596153846154 0.0625 0.0625
0 0.9615384615384616 0.7992788461538461 0.0625 0.0625
0 0.9134615384615384 0.7536057692307693 0.0625 0.0625
0 0.8846153846153846 0.7427884615384616 0.0625 0.0625
0 0.8774038461538461 0.8605769230769231 0.0625 0.0625
0 0.8425480769230769 0.8052884615384616 0.0625 0.0625
0 0.7740384615384616 0.8533653846153846 0.0625 0.0625
0 0.8233173076923077 0.7007211538461539 0.0625 0.0625
0 0.8197115384615384 0.7524038461538461 0.0625 0.0625
0 0.8100961538461539 0.7848557692307693 0.0625 0.0625
0 0.7572115384615384 0.6586538461538461 0.0625 0.0625
0 0.7379807692307693 0.7247596153846154 0.0625 0.0625
0 0.7247596153846154 0.7560096153846154 0.0625 0.0625
0 0.6947115384615384 0.7572115384615384 0.0625 0.0625
0 0.6526442307692307 0.7115384615384616 0.0625 0.0625
0 0.6177884615384616 0.6658653846153846 0.0625 0.0625
0 0.6742788461538461 0.6274038461538461 0.0625 0.0625
0 0.6382211538461539 0.6225961538461539 0.0625 0.0625
0 0.5709134615384616 0.59375 0.0625 0.0625
0 0.5600961538461539 0.6862980769230769 0.0625 0.0625
0 0.5228365384615384 0.6850961538461539 0.0625 0.0625
0 0.47596153846153844 0.6538461538461539 0.0625 0.0625
0 0.49038461538461536 0.5949519230769231 0.0625 0.0625
0 0.5324519230769231 0.5685096153846154 0.0625 0.0625
0 0.43028846153846156 0.5973557692307693 0.0625 0.0625
0 0.43028846153846156 0.546875 0.0625 0.0625
0 0.37740384615384615 0.5444711538461539 0.0625 0.0625
0 0.3870192307692308 0.4651442307692308 0.0625 0.0625
0 0.31009615384615385 0.48677884615384615 0.0625 0.0625
0 0.32572115384615385 0.45913461538461536 0.0625 0.0625
0 0.2776442307692308 0.43990384615384615 0.0625 0.0625
0 0.30288461538461536 0.40865384615384615 0.0625 0.0625
0 0.25240384615384615 0.39783653846153844 0.0625 0.0625
0 0.24278846153846154 0.5036057692307693 0.0625 0.0625
0 0.18990384615384615 0.46634615384615385 0.0625 0.0625
0 0.17427884615384615 0.4375 0.0625 0.0625
0 0.20552884615384615 0.4206730769230769 0.0625 0.0625
0 0.14543269230769232 0.38461538461538464 0.0625 0.0625
0 0.19951923076923078 0.3173076923076923 0.0625 0.0625
0 0.07572115384615384 0.31009615384615385 0.0625 0.0625