0 0.3858173076923077 0.3798076923076923 0.056490384615384616 0.056490384615384616
0 0.5552884615384616 0.5492788461538461 0.056490384615384616 0.056490384615384616
0 0.5204326923076923 0.5072115384615384 0.056490384615384616 0.056490384615384616
0 0.5180288461538461 0.4579326923076923 0.056490384615384616 0.056490384615384616
0 0.32091346153846156 0.21394230769230768 0.056490384615384616 0.056490384615384616
0 0.35216346153846156 0.2980769230769231 0.056490384615384616 0.056490384615384616
0 0.23557692307692307 0.18509615384615385 0.056490384615384616 0.056490384615384616
0 0.5516826923076923 0.6610576923076923 0.056490384615384616 0.056490384615384616
0 0.5576923076923077 0.703125 0.056490384615384616 0.056490384615384616
0 0.5757211538461539 0.7475961538461539 0.056490384615384616 0.056490384615384616
0 0.5961538461538461 0.6850961538461539 0.056490384615384616 0.056490384615384616
0 0.6586538461538461 0.7884615384615384 0.056490384615384616 0.056490384615384616
0 0.7079326923076923 0.7764423076923077 0.056490384615384616 0.056490384615384616
0 0.5240384615384616 0.7944711538461539 0.056490384615384616 0.056490384615384616