0 0.4543269230769231 0.9026442307692307 0.055288461538461536 0.055288461538461536
0 0.4891826923076923 0.9038461538461539 0.055288461538461536 0.055288461538461536
0 0.4879807692307692 0.8413461538461539 0.055288461538461536 0.055288461538461536
0 0.45552884615384615 0.8112980769230769 0.055288461538461536 0.055288461538461536
0 0.5612980769230769 0.8798076923076923 0.055288461538461536 0.055288461538461536
0 0.6021634615384616 0.7848557692307693 0.055288461538461536 0.055288461538461536
0 0.6081730769230769 0.8701923076923077 0.055288461538461536 0.055288461538461536
0 0.6550480769230769 0.9110576923076923 0.055288461538461536 0.055288461538461536
0 0.6814903846153846 0.8762019230769231 0.055288461538461536 0.055288461538461536
0 0.6598557692307693 0.7884615384615384 0.055288461538461536 0.055288461538461536
0 0.7836538461538461 0.8774038461538461 0.055288461538461536 0.055288461538461536
0 0.765625 0.7427884615384616 0.055288461538461536 0.055288461538461536
0 0.8341346153846154 0.7475961538461539 0.055288461538461536 0.055288461538461536
0 0.7079326923076923 0.8185096153846154 0.055288461538461536 0.055288461538461536
0 0.7884615384615384 0.6538461538461539 0.055288461538461536 0.055288461538461536
0 0.38461538461538464 0.8064903846153846 0.055288461538461536 0.055288461538461536
0 0.4495192307692308 0.7740384615384616 0.055288461538461536 0.055288461538461536
0 0.4338942307692308 0.7127403846153846 0.055288461538461536 0.055288461538461536
0 0.3713942307692308 0.7223557692307693 0.055288461538461536 0.055288461538461536
0 0.38822115384615385 0.6802884615384616 0.055288461538461536 0.055288461538461536
0 0.3317307692307692 0.6334134615384616 0.055288461538461536 0.055288461538461536
0 0.4254807692307692 0.5625 0.055288461538461536 0.055288461538461536
0 0.37259615384615385 0.5576923076923077 0.055288461538461536 0.055288461538461536
0 0.2920673076923077 0.5240384615384616 0.055288461538461536 0.055288461538461536
0 0.38822115384615385 0.4735576923076923 0.055288461538461536 0.055288461538461536
0 0.3737980769230769 0.4170673076923077 0.055288461538461536 0.055288461538461536
0 0.3161057692307692 0.4495192307692308 0.055288461538461536 0.055288461538461536
0 0.2860576923076923 0.43028846153846156 0.055288461538461536 0.055288461538461536
0 0.265625 0.3004807692307692 0.055288461538461536 0.055288461538461536
0 0.3858173076923077 0.2956730769230769 0.055288461538461536 0.055288461538461536
0 0.35096153846153844 0.2127403846153846 0.055288461538461536 0.055288461538461536
0 0.36177884615384615 0.13221153846153846 0.055288461538461536 0.055288461538461536
0 0.34134615384615385 0.039663461538461536 0.055288461538461536 0.055288461538461536
0 0.3016826923076923 0.0889423076923077 0.055288461538461536 0.055288461538461536