0 0.04927884615384615 0.38100961538461536 0.056490384615384616 0.056490384615384616
0 0.07932692307692307 0.36658653846153844 0.056490384615384616 0.056490384615384616
0 0.1658653846153846 0.3713942307692308 0.056490384615384616 0.056490384615384616
0 0.140625 0.40384615384615385 0.056490384615384616 0.056490384615384616
0 0.10336538461538461 0.47475961538461536 0.056490384615384616 0.056490384615384616
0 0.19471153846153846 0.5661057692307693 0.056490384615384616 0.056490384615384616
0 0.23317307692307693 0.53125 0.056490384615384616 0.056490384615384616
0 0.20432692307692307 0.4050480769230769 0.056490384615384616 0.056490384615384616
0 0.234375 0.46033653846153844 0.056490384615384616 0.056490384615384616
0 0.29086538461538464 0.47596153846153844 0.056490384615384616 0.056490384615384616
0 0.32572115384615385 0.6478365384615384 0.056490384615384616 0.056490384615384616
0 0.3317307692307692 0.6045673076923077 0.056490384615384616 0.056490384615384616
0 0.359375 0.5600961538461539 0.056490384615384616 0.056490384615384616
0 0.34615384615384615 0.53125 0.056490384615384616 0.056490384615384616
0 0.4543269230769231 0.6706730769230769 0.056490384615384616 0.056490384615384616
0 0.4735576923076923 0.6538461538461539 0.056490384615384616 0.056490384615384616
0 0.5024038461538461 0.6069711538461539 0.056490384615384616 0.056490384615384616
0 0.5120192307692307 0.5588942307692307 0.056490384615384616 0.056490384615384616
0 0.5444711538461539 0.5745192307692307 0.056490384615384616 0.056490384615384616
0 0.5685096153846154 0.5492788461538461 0.056490384615384616 0.056490384615384616
0 0.5889423076923077 0.5576923076923077 0.056490384615384616 0.056490384615384616
0 0.6430288461538461 0.5649038461538461 0.056490384615384616 0.056490384615384616
0 0.6694711538461539 0.5625 0.056490384615384616 0.056490384615384616
0 0.6694711538461539 0.6274038461538461 0.056490384615384616 0.056490384615384616
0 0.7115384615384616 0.6322115384615384 0.056490384615384616 0.056490384615384616
0 0.7668269230769231 0.6081730769230769 0.056490384615384616 0.056490384615384616
0 0.6971153846153846 0.5252403846153846 0.056490384615384616 0.056490384615384616
0 0.7872596153846154 0.5372596153846154 0.056490384615384616 0.056490384615384616
0 0.8185096153846154 0.5889423076923077 0.056490384615384616 0.056490384615384616
0 0.8485576923076923 0.6274038461538461 0.056490384615384616 0.056490384615384616
0 0.8882211538461539 0.6382211538461539 0.056490384615384616 0.056490384615384616
0 0.8617788461538461 0.5913461538461539 0.056490384615384616 0.056490384615384616
0 0.7067307692307693 0.5805288461538461 0.056490384615384616 0.056490384615384616
0 0.9314903846153846 0.5120192307692307 0.056490384615384616 0.056490384615384616
0 0.9591346153846154 0.5877403846153846 0.056490384615384616 0.056490384615384616
0 0.9747596153846154 0.6598557692307693 0.05048076923076923 0.055288461538461536
0 0.08774038461538461 0.11778846153846154 0.056490384615384616 0.056490384615384616
0 0.12740384615384615 0.11658653846153846 0.056490384615384616 0.056490384615384616
0 0.1814903846153846 0.11177884615384616 0.056490384615384616 0.056490384615384616
0 0.24879807692307693 0.1502403846153846 0.056490384615384616 0.056490384615384616
0 0.2920673076923077 0.12139423076923077 0.056490384615384616 0.056490384615384616
0 0.3713942307692308 0.09014423076923077 0.056490384615384616 0.056490384615384616
0 0.1141826923076923 0.15985576923076922 0.056490384615384616 0.056490384615384616
0 0.07692307692307693 0.17427884615384615 0.056490384615384616 0.056490384615384616
0 0.09134615384615384 0.21634615384615385 0.056490384615384616 0.056490384615384616
0 0.16466346153846154 0.2512019230769231 0.056490384615384616 0.056490384615384616
0 0.1935096153846154 0.2548076923076923 0.056490384615384616 0.056490384615384616
0 0.18990384615384615 0.34134615384615385 0.056490384615384616 0.056490384615384616
0 0.29447115384615385 0.2956730769230769 0.056490384615384616 0.056490384615384616
0 0.28365384615384615 0.36899038461538464 0.056490384615384616 0.056490384615384616
0 0.31850961538461536 0.38100961538461536 0.056490384615384616 0.056490384615384616
0 0.34975961538461536 0.3713942307692308 0.056490384615384616 0.056490384615384616
0 0.35216346153846156 0.41225961538461536 0.056490384615384616 0.056490384615384616
0 0.4014423076923077 0.43149038461538464 0.056490384615384616 0.056490384615384616
0 0.3954326923076923 0.39903846153846156 0.056490384615384616 0.056490384615384616
0 0.4639423076923077 0.41466346153846156 0.056490384615384616 0.056490384615384616
0 0.44350961538461536 0.3798076923076923 0.056490384615384616 0.056490384615384616
0 0.484375 0.38822115384615385 0.056490384615384616 0.056490384615384616
0 0.5240384615384616 0.4098557692307692 0.056490384615384616 0.056490384615384616
0 0.5300480769230769 0.36177884615384615 0.056490384615384616 0.056490384615384616
0 0.5829326923076923 0.39302884615384615 0.056490384615384616 0.056490384615384616
0 0.4879807692307692 0.3245192307692308 0.056490384615384616 0.056490384615384616
0 0.6322115384615384 0.36899038461538464 0.056490384615384616 0.056490384615384616
0 0.6490384615384616 0.3401442307692308 0.056490384615384616 0.056490384615384616
0 0.6742788461538461 0.4675480769230769 0.056490384615384616 0.056490384615384616
0 0.7596153846153846 0.49038461538461536 0.056490384615384616 0.056490384615384616
0 0.8293269230769231 0.4483173076923077 0.056490384615384616 0.056490384615384616