0 0.9362980769230769 0.7860576923076923 0.056490384615384616 0.056490384615384616
0 0.9122596153846154 0.8365384615384616 0.056490384615384616 0.056490384615384616
0 0.8725961538461539 0.8798076923076923 0.056490384615384616 0.056490384615384616
0 0.9134615384615384 0.8762019230769231 0.056490384615384616 0.056490384615384616
0 0.9375 0.9074519230769231 0.056490384615384616 0.056490384615384616
0 0.8293269230769231 0.8822115384615384 0.056490384615384616 0.056490384615384616
0 0.8052884615384616 0.9507211538461539 0.056490384615384616 0.056490384615384616
0 0.7620192307692307 0.9338942307692307 0.056490384615384616 0.056490384615384616
0 0.6394230769230769 0.8293269230769231 0.056490384615384616 0.056490384615384616
0 0.6225961538461539 0.7944711538461539 0.056490384615384616 0.056490384615384616
0 0.6610576923076923 0.7608173076923077 0.056490384615384616 0.056490384615384616
0 0.6129807692307693 0.7007211538461539 0.056490384615384616 0.056490384615384616
0 0.5829326923076923 0.6766826923076923 0.056490384615384616 0.056490384615384616
0 0.5625 0.65625 0.056490384615384616 0.056490384615384616
0 0.5180288461538461 0.6298076923076923 0.056490384615384616 0.056490384615384616
0 0.47115384615384615 0.6057692307692307 0.056490384615384616 0.056490384615384616
0 0.45552884615384615 0.6983173076923077 0.056490384615384616 0.056490384615384616
0 0.40625 0.5985576923076923 0.056490384615384616 0.056490384615384616
0 0.3293269230769231 0.6081730769230769 0.056490384615384616 0.056490384615384616
0 0.35096153846153844 0.5817307692307693 0.056490384615384616 0.056490384615384616
0 0.3004807692307692 0.5709134615384616 0.056490384615384616 0.056490384615384616
0 0.27524038461538464 0.5600961538461539 0.056490384615384616 0.056490384615384616
0 0.3137019230769231 0.5144230769230769 0.056490384615384616 0.056490384615384616
0 0.2512019230769231 0.5012019230769231 0.056490384615384616 0.056490384615384616
0 0.21754807692307693 0.4735576923076923 0.056490384615384616 0.056490384615384616
0 0.18990384615384615 0.45913461538461536 0.056490384615384616 0.056490384615384616
0 0.17067307692307693 0.40625 0.056490384615384616 0.056490384615384616
0 0.16346153846153846 0.3713942307692308 0.056490384615384616 0.056490384615384616
0 0.22596153846153846 0.39903846153846156 0.056490384615384616 0.056490384615384616
0 0.22596153846153846 0.34615384615384615 0.056490384615384616 0.056490384615384616
0 0.16346153846153846 0.13581730769230768 0.056490384615384616 0.056490384615384616
0 0.15865384615384615 0.0985576923076923 0.056490384615384616 0.056490384615384616
0 0.234375 0.18870192307692307 0.056490384615384616 0.056490384615384616
0 0.2439903846153846 0.22355769230769232 0.056490384615384616 0.056490384615384616
0 0.22716346153846154 0.27403846153846156 0.056490384615384616 0.056490384615384616
0 0.17067307692307693 0.24519230769230768 0.056490384615384616 0.056490384615384616
0 0.33774038461538464 0.5360576923076923 0.056490384615384616 0.056490384615384616
0 0.5300480769230769 0.6754807692307693 0.056490384615384616 0.056490384615384616