0 0.2956730769230769 0.9747596153846154 0.056490384615384616 0.05048076923076923
0 0.2764423076923077 0.8605769230769231 0.056490384615384616 0.056490384615384616
0 0.37740384615384615 0.8521634615384616 0.056490384615384616 0.056490384615384616
0 0.36658653846153844 0.9050480769230769 0.056490384615384616 0.056490384615384616
0 0.3858173076923077 0.7884615384615384 0.056490384615384616 0.056490384615384616
0 0.41346153846153844 0.7199519230769231 0.056490384615384616 0.056490384615384616
0 0.5480769230769231 0.5985576923076923 0.056490384615384616 0.056490384615384616
0 0.7572115384615384 0.6225961538461539 0.056490384615384616 0.056490384615384616
0 0.6959134615384616 0.6887019230769231 0.056490384615384616 0.056490384615384616
0 0.5709134615384616 0.75 0.056490384615384616 0.056490384615384616
0 0.23677884615384615 0.12620192307692307 0.056490384615384616 0.056490384615384616
0 0.3858173076923077 0.18509615384615385 0.056490384615384616 0.056490384615384616
0 0.3389423076923077 0.2764423076923077 0.056490384615384616 0.056490384615384616
0 0.3737980769230769 0.33052884615384615 0.056490384615384616 0.056490384615384616
0 0.4543269230769231 0.34134615384615385 0.056490384615384616 0.056490384615384616
0 0.5228365384615384 0.4579326923076923 0.056490384615384616 0.056490384615384616
0 0.6490384615384616 0.4675480769230769 0.056490384615384616 0.056490384615384616
0 0.7175480769230769 0.5288461538461539 0.056490384615384616 0.056490384615384616