0 0.6141826923076923 0.11778846153846154 0.056490384615384616 0.056490384615384616
0 0.5865384615384616 0.17427884615384615 0.056490384615384616 0.056490384615384616
0 0.5444711538461539 0.24278846153846154 0.056490384615384616 0.056490384615384616
0 0.5829326923076923 0.25721153846153844 0.056490384615384616 0.056490384615384616
0 0.6298076923076923 0.2956730769230769 0.056490384615384616 0.056490384615384616
0 0.4855769230769231 0.46153846153846156 0.056490384615384616 0.056490384615384616
0 0.5048076923076923 0.5288461538461539 0.056490384615384616 0.056490384615384616
0 0.5925480769230769 0.5673076923076923 0.056490384615384616 0.056490384615384616
0 0.5865384615384616 0.65625 0.056490384615384616 0.056490384615384616
0 0.5709134615384616 0.42908653846153844 0.056490384615384616 0.056490384615384616
0 0.6766826923076923 0.44591346153846156 0.056490384615384616 0.056490384615384616
0 0.7668269230769231 0.4951923076923077 0.056490384615384616 0.056490384615384616
0 0.7860576923076923 0.3605769230769231 0.056490384615384616 0.056490384615384616
0 0.7860576923076923 0.41466346153846156 0.056490384615384616 0.056490384615384616
0 0.31009615384615385 0.1201923076923077 0.056490384615384616 0.056490384615384616
0 0.20072115384615385 0.16105769230769232 0.056490384615384616 0.056490384615384616
0 0.22355769230769232 0.21995192307692307 0.056490384615384616 0.056490384615384616
0 0.23918269230769232 0.2800480769230769 0.056490384615384616 0.056490384615384616
0 0.24879807692307693 0.33533653846153844 0.056490384615384616 0.056490384615384616
0 0.3173076923076923 0.36658653846153844 0.056490384615384616 0.056490384615384616
0 0.29927884615384615 0.4074519230769231 0.056490384615384616 0.056490384615384616
0 0.3137019230769231 0.18870192307692307 0.056490384615384616 0.056490384615384616
0 0.3918269230769231 0.6141826923076923 0.056490384615384616 0.056490384615384616
0 0.4579326923076923 0.5360576923076923 0.056490384615384616 0.056490384615384616
0 0.48197115384615385 0.5913461538461539 0.056490384615384616 0.056490384615384616
0 0.41947115384615385 0.9110576923076923 0.056490384615384616 0.056490384615384616
0 0.4206730769230769 0.8485576923076923 0.056490384615384616 0.056490384615384616
0 0.4423076923076923 0.7512019230769231 0.056490384615384616 0.056490384615384616
0 0.47716346153846156 0.7584134615384616 0.056490384615384616 0.056490384615384616
0 0.5072115384615384 0.8413461538461539 0.056490384615384616 0.056490384615384616