0 0.3076923076923077 0.6057692307692307 0.056490384615384616 0.056490384615384616
0 0.9747596153846154 0.4579326923076923 0.05048076923076923 0.056490384615384616
0 0.9350961538461539 0.46153846153846156 0.056490384615384616 0.056490384615384616
0 0.9411057692307693 0.5757211538461539 0.056490384615384616 0.056490384615384616
0 0.8365384615384616 0.5649038461538461 0.056490384615384616 0.056490384615384616
0 0.7475961538461539 0.4855769230769231 0.056490384615384616 0.056490384615384616
0 0.7199519230769231 0.4855769230769231 0.056490384615384616 0.056490384615384616
0 0.7355769230769231 0.578125 0.056490384615384616 0.056490384615384616
0 0.6706730769230769 0.6009615384615384 0.056490384615384616 0.056490384615384616
0 0.6310096153846154 0.5072115384615384 0.056490384615384616 0.056490384615384616
0 0.5564903846153846 0.6069711538461539 0.056490384615384616 0.056490384615384616
0 0.5324519230769231 0.6322115384615384 0.056490384615384616 0.056490384615384616
0 0.47115384615384615 0.6189903846153846 0.056490384615384616 0.056490384615384616
0 0.46153846153846156 0.6694711538461539 0.056490384615384616 0.056490384615384616
0 0.4074519230769231 0.6742788461538461 0.056490384615384616 0.056490384615384616
0 0.41947115384615385 0.6454326923076923 0.056490384615384616 0.056490384615384616
0 0.37259615384615385 0.65625 0.056490384615384616 0.056490384615384616
0 0.3713942307692308 0.5685096153846154 0.056490384615384616 0.056490384615384616
0 0.25600961538461536 0.6490384615384616 0.056490384615384616 0.056490384615384616
0 0.26322115384615385 0.5552884615384616 0.056490384615384616 0.056490384615384616
0 0.16947115384615385 0.6201923076923077 0.056490384615384616 0.056490384615384616
0 0.13221153846153846 0.5913461538461539 0.056490384615384616 0.056490384615384616
0 0.055288461538461536 0.5697115384615384 0.056490384615384616 0.056490384615384616