0 0.7620192307692307 0.9447115384615384 0.055288461538461536 0.055288461538461536
0 0.7584134615384616 0.8846153846153846 0.055288461538461536 0.055288461538461536
0 0.8918269230769231 0.9567307692307693 0.055288461538461536 0.055288461538461536
0 0.890625 0.9110576923076923 0.055288461538461536 0.055288461538461536
0 0.84375 0.9194711538461539 0.055288461538461536 0.055288461538461536
0 0.8617788461538461 0.8774038461538461 0.055288461538461536 0.055288461538461536
0 0.8233173076923077 0.8449519230769231 0.055288461538461536 0.055288461538461536
0 0.8918269230769231 0.8257211538461539 0.055288461538461536 0.055288461538461536
0 0.8461538461538461 0.7908653846153846 0.055288461538461536 0.055288461538461536
0 0.9002403846153846 0.7512019230769231 0.055288461538461536 0.055288461538461536
0 0.8605769230769231 0.7584134615384616 0.055288461538461536 0.055288461538461536
0 0.8786057692307693 0.7127403846153846 0.055288461538461536 0.055288461538461536
0 0.7836538461538461 0.7403846153846154 0.055288461538461536 0.055288461538461536
0 0.7944711538461539 0.7115384615384616 0.055288461538461536 0.055288461538461536
0 0.8665865384615384 0.6586538461538461 0.055288461538461536 0.055288461538461536
0 0.8990384615384616 0.6225961538461539 0.055288461538461536 0.055288461538461536
0 0.8076923076923077 0.6610576923076923 0.055288461538461536 0.055288461538461536
0 0.7980769230769231 0.5721153846153846 0.055288461538461536 0.055288461538461536
0 0.8569711538461539 0.5480769230769231 0.055288461538461536 0.055288461538461536
0 0.8473557692307693 0.5048076923076923 0.055288461538461536 0.055288461538461536
0 0.8990384615384616 0.46274038461538464 0.055288461538461536 0.055288461538461536
0 0.8557692307692307 0.38100961538461536 0.055288461538461536 0.055288461538461536
0 0.8713942307692307 0.33533653846153844 0.055288461538461536 0.055288461538461536
0 0.8317307692307693 0.3485576923076923 0.055288461538461536 0.055288461538461536
0 0.7992788461538461 0.35096153846153844 0.055288461538461536 0.055288461538461536
0 0.7596153846153846 0.39663461538461536 0.055288461538461536 0.055288461538461536
0 0.7680288461538461 0.33653846153846156 0.055288461538461536 0.055288461538461536
0 0.7704326923076923 0.28365384615384615 0.055288461538461536 0.055288461538461536
0 0.7427884615384616 0.7283653846153846 0.055288461538461536 0.055288461538461536
0 0.734375 0.7572115384615384 0.055288461538461536 0.055288461538461536
0 0.7319711538461539 0.8521634615384616 0.055288461538461536 0.055288461538461536
0 0.6622596153846154 0.7908653846153846 0.055288461538461536 0.055288461538461536
0 0.6274038461538461 0.7644230769230769 0.055288461538461536 0.055288461538461536
0 0.6887019230769231 0.7091346153846154 0.055288461538461536 0.055288461538461536
0 0.6598557692307693 0.7007211538461539 0.055288461538461536 0.055288461538461536
0 0.5865384615384616 0.7259615384615384 0.055288461538461536 0.055288461538461536
0 0.6694711538461539 0.6322115384615384 0.055288461538461536 0.055288461538461536
0 0.6105769230769231 0.6274038461538461 0.055288461538461536 0.055288461538461536
0 0.5673076923076923 0.5961538461538461 0.055288461538461536 0.055288461538461536
0 0.5576923076923077 0.6466346153846154 0.055288461538461536 0.055288461538461536
0 0.515625 0.6346153846153846 0.055288461538461536 0.055288461538461536
0 0.5336538461538461 0.671875 0.055288461538461536 0.055288461538461536
0 0.5168269230769231 0.6959134615384616 0.055288461538461536 0.055288461538461536
0 0.46875 0.6346153846153846 0.055288461538461536 0.055288461538461536
0 0.40865384615384615 0.6225961538461539 0.055288461538461536 0.055288461538461536
0 0.3762019230769231 0.6322115384615384 0.055288461538461536 0.055288461538461536
0 0.3798076923076923 0.6021634615384616 0.055288461538461536 0.055288461538461536
0 0.3245192307692308 0.6009615384615384 0.055288461538461536 0.055288461538461536
0 0.32572115384615385 0.5516826923076923 0.055288461538461536 0.055288461538461536
0 0.3737980769230769 0.5048076923076923 0.055288461538461536 0.055288461538461536
0 0.36899038461538464 0.45072115384615385 0.055288461538461536 0.055288461538461536
0 0.33052884615384615 0.5096153846153846 0.055288461538461536 0.055288461538461536
0 0.32211538461538464 0.47475961538461536 0.055288461538461536 0.055288461538461536
0 0.27403846153846156 0.3918269230769231 0.055288461538461536 0.055288461538461536
0 0.2536057692307692 0.41947115384615385 0.055288461538461536 0.055288461538461536
0 0.234375 0.5444711538461539 0.055288461538461536 0.055288461538461536
0 0.2512019230769231 0.49038461538461536 0.055288461538461536 0.055288461538461536
0 0.19471153846153846 0.5348557692307693 0.055288461538461536 0.055288461538461536
0 0.2091346153846154 0.4254807692307692 0.055288461538461536 0.055288461538461536
0 0.16947115384615385 0.5048076923076923 0.055288461538461536 0.055288461538461536
0 0.15384615384615385 0.4338942307692308 0.055288461538461536 0.055288461538461536
0 0.06490384615384616 0.46033653846153844 0.055288461538461536 0.055288461538461536
0 0.05889423076923077 0.34134615384615385 0.055288461538461536 0.055288461538461536
0 0.06009615384615385 0.40024038461538464 0.055288461538461536 0.055288461538461536