0 0.8545673076923077 0.9290865384615384 0.056490384615384616 0.056490384615384616
0 0.8858173076923077 0.8725961538461539 0.056490384615384616 0.056490384615384616
0 0.8882211538461539 0.8040865384615384 0.056490384615384616 0.056490384615384616
0 0.7836538461538461 0.7752403846153846 0.056490384615384616 0.056490384615384616
0 0.8149038461538461 0.7151442307692307 0.056490384615384616 0.056490384615384616
0 0.8112980769230769 0.671875 0.056490384615384616 0.056490384615384616
0 0.8137019230769231 0.640625 0.056490384615384616 0.056490384615384616
0 0.9591346153846154 0.65625 0.056490384615384616 0.056490384615384616
0 0.765625 0.7247596153846154 0.056490384615384616 0.056490384615384616
0 0.7391826923076923 0.7572115384615384 0.056490384615384616 0.056490384615384616
0 0.6201923076923077 0.7596153846153846 0.056490384615384616 0.056490384615384616
0 0.5697115384615384 0.7295673076923077 0.056490384615384616 0.056490384615384616
0 0.59375 0.6971153846153846 0.056490384615384616 0.056490384615384616
0 0.5697115384615384 0.6069711538461539 0.056490384615384616 0.056490384615384616
0 0.5216346153846154 0.5637019230769231 0.056490384615384616 0.056490384615384616
0 0.41947115384615385 0.6033653846153846 0.056490384615384616 0.056490384615384616
0 0.38822115384615385 0.5625 0.056490384615384616 0.056490384615384616
0 0.4723557692307692 0.4951923076923077 0.056490384615384616 0.056490384615384616
0 0.4411057692307692 0.4855769230769231 0.056490384615384616 0.056490384615384616
0 0.31490384615384615 0.4879807692307692 0.056490384615384616 0.056490384615384616
0 0.38221153846153844 0.43028846153846156 0.056490384615384616 0.056490384615384616
0 0.3894230769230769 0.3762019230769231 0.056490384615384616 0.056490384615384616
0 0.34975961538461536 0.359375 0.056490384615384616 0.056490384615384616
0 0.23076923076923078 0.31971153846153844 0.056490384615384616 0.056490384615384616
0 0.21875 0.28966346153846156 0.056490384615384616 0.056490384615384616
0 0.23677884615384615 0.25841346153846156 0.056490384615384616 0.056490384615384616
0 0.31009615384615385 0.2932692307692308 0.056490384615384616 0.056490384615384616
0 0.2764423076923077 0.23557692307692307 0.056490384615384616 0.056490384615384616
0 0.26322115384615385 0.20552884615384615 0.056490384615384616 0.056490384615384616
0 0.17668269230769232 0.20552884615384615 0.056490384615384616 0.056490384615384616
0 0.24759615384615385 0.16826923076923078 0.056490384615384616 0.056490384615384616
0 0.24759615384615385 0.12860576923076922 0.056490384615384616 0.056490384615384616
0 0.14903846153846154 0.11899038461538461 0.056490384615384616 0.056490384615384616
0 0.21875 0.08413461538461539 0.056490384615384616 0.056490384615384616
0 0.2403846153846154 0.04807692307692308 0.056490384615384616 0.056490384615384616
0 0.3894230769230769 0.4963942307692308 0.056490384615384616 0.056490384615384616
0 0.22115384615384615 0.18389423076923078 0.056490384615384616 0.056490384615384616
0 0.9350961538461539 0.5817307692307693 0.056490384615384616 0.056490384615384616
0 0.9086538461538461 0.5240384615384616 0.056490384615384616 0.056490384615384616
0 0.9735576923076923 0.4699519230769231 0.052884615384615384 0.056490384615384616
0 0.8774038461538461 0.38822115384615385 0.056490384615384616 0.056490384615384616
0 0.8581730769230769 0.2980769230769231 0.056490384615384616 0.056490384615384616
0 0.8545673076923077 0.24759615384615385 0.056490384615384616 0.056490384615384616
0 0.8677884615384616 0.18990384615384615 0.056490384615384616 0.056490384615384616
0 0.9074519230769231 0.2956730769230769 0.056490384615384616 0.056490384615384616
0 0.9423076923076923 0.265625 0.056490384615384616 0.056490384615384616
0 0.9026442307692307 0.11899038461538461 0.056490384615384616 0.056490384615384616
0 0.9459134615384616 0.35336538461538464 0.056490384615384616 0.056490384615384616