0 0.2824519230769231 0.08533653846153846 0.056490384615384616 0.056490384615384616
0 0.38341346153846156 0.12259615384615384 0.056490384615384616 0.056490384615384616
0 0.41466346153846156 0.17908653846153846 0.056490384615384616 0.056490384615384616
0 0.3016826923076923 0.16947115384615385 0.056490384615384616 0.056490384615384616
0 0.43028846153846156 0.22716346153846154 0.056490384615384616 0.056490384615384616
0 0.3918269230769231 0.25721153846153844 0.056490384615384616 0.056490384615384616
0 0.4735576923076923 0.2548076923076923 0.056490384615384616 0.056490384615384616
0 0.5360576923076923 0.37259615384615385 0.056490384615384616 0.056490384615384616
0 0.47716346153846156 0.33052884615384615 0.056490384615384616 0.056490384615384616
0 0.5324519230769231 0.33413461538461536 0.056490384615384616 0.056490384615384616
0 0.5288461538461539 0.28125 0.056490384615384616 0.056490384615384616
0 0.4326923076923077 0.44591346153846156 0.056490384615384616 0.056490384615384616
0 0.5324519230769231 0.4230769230769231 0.056490384615384616 0.056490384615384616
0 0.5324519230769231 0.47716346153846156 0.056490384615384616 0.056490384615384616
0 0.5228365384615384 0.5036057692307693 0.056490384615384616 0.056490384615384616
0 0.5829326923076923 0.5288461538461539 0.056490384615384616 0.056490384615384616
0 0.4735576923076923 0.5444711538461539 0.056490384615384616 0.056490384615384616
0 0.5396634615384616 0.5853365384615384 0.056490384615384616 0.056490384615384616
0 0.49759615384615385 0.6045673076923077 0.056490384615384616 0.056490384615384616
0 0.5204326923076923 0.6430288461538461 0.056490384615384616 0.056490384615384616
0 0.5709134615384616 0.6201923076923077 0.056490384615384616 0.056490384615384616
0 0.5697115384615384 0.7043269230769231 0.056490384615384616 0.056490384615384616
0 0.5889423076923077 0.6790865384615384 0.056490384615384616 0.056490384615384616
0 0.5552884615384616 0.7896634615384616 0.056490384615384616 0.056490384615384616
0 0.5889423076923077 0.7524038461538461 0.056490384615384616 0.056490384615384616
0 0.6550480769230769 0.7788461538461539 0.056490384615384616 0.056490384615384616
0 0.6730769230769231 0.7980769230769231 0.056490384615384616 0.056490384615384616
0 0.6262019230769231 0.8389423076923077 0.056490384615384616 0.056490384615384616
0 0.6165865384615384 0.8990384615384616 0.056490384615384616 0.056490384615384616
0 0.6610576923076923 0.8413461538461539 0.056490384615384616 0.056490384615384616
0 0.6694711538461539 0.890625 0.056490384615384616 0.056490384615384616
0 0.6923076923076923 0.8858173076923077 0.056490384615384616 0.056490384615384616
0 0.6887019230769231 0.9230769230769231 0.056490384615384616 0.056490384615384616
0 0.7632211538461539 0.96875 0.056490384615384616 0.056490384615384616