0 0.04927884615384615 0.7740384615384616 0.056490384615384616 0.056490384615384616
0 0.052884615384615384 0.8100961538461539 0.056490384615384616 0.056490384615384616
0 0.15384615384615385 0.8882211538461539 0.056490384615384616 0.056490384615384616
0 0.14543269230769232 0.7764423076923077 0.056490384615384616 0.056490384615384616
0 0.24879807692307693 0.8173076923076923 0.056490384615384616 0.056490384615384616
0 0.2824519230769231 0.7668269230769231 0.056490384615384616 0.056490384615384616
0 0.26322115384615385 0.7091346153846154 0.056490384615384616 0.056490384615384616
0 0.30528846153846156 0.6995192307692307 0.056490384615384616 0.056490384615384616
0 0.33533653846153844 0.7680288461538461 0.056490384615384616 0.056490384615384616
0 0.31009615384615385 0.8088942307692307 0.056490384615384616 0.056490384615384616
0 0.36538461538461536 0.6177884615384616 0.056490384615384616 0.056490384615384616
0 0.3858173076923077 0.5697115384615384 0.056490384615384616 0.056490384615384616
0 0.4579326923076923 0.6298076923076923 0.056490384615384616 0.056490384615384616
0 0.5384615384615384 0.40865384615384615 0.056490384615384616 0.056490384615384616
0 0.5625 0.37259615384615385 0.056490384615384616 0.056490384615384616
0 0.6057692307692307 0.34615384615384615 0.056490384615384616 0.056490384615384616
0 0.5973557692307693 0.3088942307692308 0.056490384615384616 0.056490384615384616
0 0.5324519230769231 0.23557692307692307 0.056490384615384616 0.056490384615384616
0 0.5865384615384616 0.21153846153846154 0.056490384615384616 0.056490384615384616
0 0.3629807692307692 0.7992788461538461 0.056490384615384616 0.056490384615384616
0 0.4326923076923077 0.7367788461538461 0.056490384615384616 0.056490384615384616
0 0.4855769230769231 0.7007211538461539 0.056490384615384616 0.056490384615384616
0 0.4879807692307692 0.7439903846153846 0.056490384615384616 0.056490384615384616
0 0.5240384615384616 0.6947115384615384 0.056490384615384616 0.056490384615384616
0 0.6526442307692307 0.6382211538461539 0.056490384615384616 0.056490384615384616
0 0.7668269230769231 0.6346153846153846 0.056490384615384616 0.056490384615384616
0 0.8016826923076923 0.6225961538461539 0.056490384615384616 0.056490384615384616
0 0.8461538461538461 0.625 0.056490384615384616 0.056490384615384616
0 0.8942307692307693 0.7139423076923077 0.056490384615384616 0.056490384615384616