0 0.7115384615384616 0.5649038461538461 0.055288461538461536 0.055288461538461536
0 0.75 0.5793269230769231 0.055288461538461536 0.055288461538461536
0 0.8100961538461539 0.5564903846153846 0.055288461538461536 0.055288461538461536
0 0.8497596153846154 0.4951923076923077 0.055288461538461536 0.055288461538461536
0 0.8149038461538461 0.4855769230769231 0.055288461538461536 0.055288461538461536
0 0.7536057692307693 0.48197115384615385 0.055288461538461536 0.055288461538461536
0 0.7007211538461539 0.5012019230769231 0.055288461538461536 0.055288461538461536
0 0.578125 0.7007211538461539 0.055288461538461536 0.055288461538461536
0 0.5024038461538461 0.6694711538461539 0.055288461538461536 0.055288461538461536
0 0.5132211538461539 0.6430288461538461 0.055288461538461536 0.055288461538461536
0 0.5336538461538461 0.6237980769230769 0.055288461538461536 0.055288461538461536
0 0.5733173076923077 0.5168269230769231 0.055288461538461536 0.055288461538461536
0 0.6021634615384616 0.49278846153846156 0.055288461538461536 0.055288461538461536
0 0.6069711538461539 0.6237980769230769 0.055288461538461536 0.055288461538461536
0 0.6322115384615384 0.5757211538461539 0.055288461538461536 0.055288461538461536
0 0.6538461538461539 0.5649038461538461 0.055288461538461536 0.055288461538461536
0 0.6334134615384616 0.47115384615384615 0.055288461538461536 0.055288461538461536
0 0.7103365384615384 0.4675480769230769 0.055288461538461536 0.055288461538461536
0 0.7548076923076923 0.328125 0.055288461538461536 0.055288461538461536
0 0.7235576923076923 0.24278846153846154 0.055288461538461536 0.055288461538461536
0 0.7920673076923077 0.13942307692307693 0.055288461538461536 0.055288461538461536
0 0.7596153846153846 0.11177884615384616 0.055288461538461536 0.055288461538461536
0 0.8052884615384616 0.08774038461538461 0.055288461538461536 0.055288461538461536
0 0.7115384615384616 0.2800480769230769 0.055288461538461536 0.055288461538461536
0 0.6442307692307693 0.359375 0.055288461538461536 0.055288461538461536
0 0.6129807692307693 0.41346153846153844 0.055288461538461536 0.055288461538461536
0 0.7163461538461539 0.38822115384615385 0.055288461538461536 0.055288461538461536
0 0.7536057692307693 0.35697115384615385 0.055288461538461536 0.055288461538461536
0 0.7692307692307693 0.24759615384615385 0.055288461538461536 0.055288461538461536
0 0.22596153846153846 0.8425480769230769 0.055288461538461536 0.055288461538461536
0 0.31490384615384615 0.8774038461538461 0.055288461538461536 0.055288461538461536
0 0.36177884615384615 0.8365384615384616 0.055288461538461536 0.055288461538461536
0 0.26802884615384615 0.7896634615384616 0.055288461538461536 0.055288461538461536
0 0.30649038461538464 0.7896634615384616 0.055288461538461536 0.055288461538461536
0 0.2536057692307692 0.7259615384615384 0.055288461538461536 0.055288461538461536
0 0.34134615384615385 0.6899038461538461 0.055288461538461536 0.055288461538461536
0 0.38100961538461536 0.6274038461538461 0.055288461538461536 0.055288461538461536
0 0.4074519230769231 0.6033653846153846 0.055288461538461536 0.055288461538461536
0 0.3798076923076923 0.5625 0.055288461538461536 0.055288461538461536
0 0.3125 0.6165865384615384 0.055288461538461536 0.055288461538461536
0 0.31971153846153844 0.5817307692307693 0.055288461538461536 0.055288461538461536
0 0.30408653846153844 0.5588942307692307 0.055288461538461536 0.055288461538461536
0 0.2704326923076923 0.5336538461538461 0.055288461538461536 0.055288461538461536
0 0.3918269230769231 0.5180288461538461 0.055288461538461536 0.055288461538461536
0 0.35096153846153844 0.44471153846153844 0.055288461538461536 0.055288461538461536
0 0.3161057692307692 0.3870192307692308 0.055288461538461536 0.055288461538461536
0 0.35096153846153844 0.38822115384615385 0.055288461538461536 0.055288461538461536
0 0.27163461538461536 0.46153846153846156 0.055288461538461536 0.055288461538461536
0 0.2403846153846154 0.45072115384615385 0.055288461538461536 0.055288461538461536
0 0.23677884615384615 0.39663461538461536 0.055288461538461536 0.055288461538461536
0 0.2091346153846154 0.36538461538461536 0.055288461538461536 0.055288461538461536
0 0.24639423076923078 0.32211538461538464 0.055288461538461536 0.055288461538461536
0 0.29927884615384615 0.27884615384615385 0.055288461538461536 0.055288461538461536
0 0.22956730769230768 0.25841346153846156 0.055288461538461536 0.055288461538461536
0 0.18028846153846154 0.3088942307692308 0.055288461538461536 0.055288461538461536
0 0.140625 0.28725961538461536 0.055288461538461536 0.055288461538461536