0 0.19471153846153846 0.12259615384615384 0.056490384615384616 0.056490384615384616
0 0.32211538461538464 0.15745192307692307 0.056490384615384616 0.056490384615384616
0 0.22115384615384615 0.14543269230769232 0.056490384615384616 0.056490384615384616
0 0.22716346153846154 0.1814903846153846 0.056490384615384616 0.056490384615384616
0 0.3449519230769231 0.21995192307692307 0.056490384615384616 0.056490384615384616
0 0.24158653846153846 0.29447115384615385 0.056490384615384616 0.056490384615384616
0 0.30288461538461536 0.3137019230769231 0.056490384615384616 0.056490384615384616
0 0.2536057692307692 0.38341346153846156 0.056490384615384616 0.056490384615384616
0 0.2668269230769231 0.3449519230769231 0.056490384615384616 0.056490384615384616
0 0.2512019230769231 0.44350961538461536 0.056490384615384616 0.056490384615384616
0 0.25841346153846156 0.49278846153846156 0.056490384615384616 0.056490384615384616
0 0.29447115384615385 0.5516826923076923 0.056490384615384616 0.056490384615384616
0 0.29927884615384615 0.47115384615384615 0.056490384615384616 0.056490384615384616
0 0.3233173076923077 0.4639423076923077 0.056490384615384616 0.056490384615384616
0 0.34134615384615385 0.49759615384615385 0.056490384615384616 0.056490384615384616
0 0.3449519230769231 0.5324519230769231 0.056490384615384616 0.056490384615384616
0 0.4182692307692308 0.6646634615384616 0.056490384615384616 0.056490384615384616
0 0.46634615384615385 0.6262019230769231 0.056490384615384616 0.056490384615384616
0 0.4699519230769231 0.7524038461538461 0.056490384615384616 0.056490384615384616
0 0.5120192307692307 0.9350961538461539 0.056490384615384616 0.056490384615384616
0 0.6298076923076923 0.8689903846153846 0.056490384615384616 0.056490384615384616
0 0.5829326923076923 0.8413461538461539 0.056490384615384616 0.056490384615384616
0 0.5432692307692307 0.7524038461538461 0.056490384615384616 0.056490384615384616