0 0.765625 0.9771634615384616 0.055288461538461536 0.04447115384615385
0 0.7632211538461539 0.9338942307692307 0.055288461538461536 0.055288461538461536
0 0.9399038461538461 0.9711538461538461 0.055288461538461536 0.055288461538461536
0 0.8942307692307693 0.9603365384615384 0.055288461538461536 0.055288461538461536
0 0.8473557692307693 0.96875 0.055288461538461536 0.055288461538461536
0 0.8653846153846154 0.9254807692307693 0.055288461538461536 0.055288461538461536
0 0.8269230769230769 0.8930288461538461 0.055288461538461536 0.055288461538461536
0 0.8954326923076923 0.875 0.055288461538461536 0.055288461538461536
0 0.8509615384615384 0.8401442307692307 0.055288461538461536 0.055288461538461536
0 0.9038461538461539 0.7992788461538461 0.055288461538461536 0.055288461538461536
0 0.8641826923076923 0.8076923076923077 0.055288461538461536 0.055288461538461536
0 0.8822115384615384 0.7620192307692307 0.055288461538461536 0.055288461538461536
0 0.7908653846153846 0.7884615384615384 0.055288461538461536 0.055288461538461536
0 0.7980769230769231 0.7608173076923077 0.055288461538461536 0.055288461538461536
0 0.8701923076923077 0.7067307692307693 0.055288461538461536 0.055288461538461536
0 0.8942307692307693 0.6694711538461539 0.055288461538461536 0.055288461538461536
0 0.8112980769230769 0.7103365384615384 0.055288461538461536 0.055288461538461536
0 0.8016826923076923 0.6189903846153846 0.055288461538461536 0.055288461538461536
0 0.8605769230769231 0.5925480769230769 0.055288461538461536 0.055288461538461536
0 0.8509615384615384 0.5540865384615384 0.055288461538461536 0.055288461538461536
0 0.8990384615384616 0.5072115384615384 0.055288461538461536 0.055288461538461536
0 0.859375 0.43028846153846156 0.055288461538461536 0.055288461538461536
0 0.875 0.38341346153846156 0.055288461538461536 0.055288461538461536
0 0.8365384615384616 0.39783653846153844 0.055288461538461536 0.055288461538461536
0 0.8028846153846154 0.39903846153846156 0.055288461538461536 0.055288461538461536
0 0.7632211538461539 0.44471153846153844 0.055288461538461536 0.055288461538461536
0 0.7716346153846154 0.38461538461538464 0.055288461538461536 0.055288461538461536
0 0.7740384615384616 0.3317307692307692 0.055288461538461536 0.055288461538461536
0 0.7475961538461539 0.7776442307692307 0.055288461538461536 0.055288461538461536
0 0.7379807692307693 0.8064903846153846 0.055288461538461536 0.055288461538461536
0 0.7355769230769231 0.9014423076923077 0.055288461538461536 0.055288461538461536
0 0.6658653846153846 0.8401442307692307 0.055288461538461536 0.055288461538461536
0 0.6310096153846154 0.8137019230769231 0.055288461538461536 0.055288461538461536
0 0.6923076923076923 0.7572115384615384 0.055288461538461536 0.055288461538461536
0 0.6634615384615384 0.7487980769230769 0.055288461538461536 0.055288461538461536
0 0.5901442307692307 0.7740384615384616 0.055288461538461536 0.055288461538461536
0 0.6742788461538461 0.6802884615384616 0.055288461538461536 0.055288461538461536
0 0.6141826923076923 0.6754807692307693 0.055288461538461536 0.055288461538461536
0 0.5709134615384616 0.6454326923076923 0.055288461538461536 0.055288461538461536
0 0.5612980769230769 0.6947115384615384 0.055288461538461536 0.055288461538461536
0 0.5192307692307693 0.6838942307692307 0.055288461538461536 0.055288461538461536
0 0.5372596153846154 0.7211538461538461 0.055288461538461536 0.055288461538461536
0 0.5204326923076923 0.7451923076923077 0.055288461538461536 0.055288461538461536
0 0.4723557692307692 0.6838942307692307 0.055288461538461536 0.055288461538461536
0 0.41225961538461536 0.671875 0.055288461538461536 0.055288461538461536
0 0.3798076923076923 0.6814903846153846 0.055288461538461536 0.055288461538461536
0 0.38341346153846156 0.6514423076923077 0.055288461538461536 0.055288461538461536
0 0.328125 0.6490384615384616 0.055288461538461536 0.055288461538461536
0 0.3293269230769231 0.6009615384615384 0.055288461538461536 0.055288461538461536
0 0.37740384615384615 0.5540865384615384 0.055288461538461536 0.055288461538461536
0 0.37259615384615385 0.5 0.055288461538461536 0.055288461538461536
0 0.33533653846153844 0.5588942307692307 0.055288461538461536 0.055288461538461536
0 0.32572115384615385 0.5240384615384616 0.055288461538461536 0.055288461538461536
0 0.2776442307692308 0.43990384615384615 0.055288461538461536 0.055288461538461536
0 0.25721153846153844 0.4675480769230769 0.055288461538461536 0.055288461538461536
0 0.23798076923076922 0.5925480769230769 0.055288461538461536 0.055288461538461536
0 0.2548076923076923 0.5384615384615384 0.055288461538461536 0.055288461538461536
0 0.19831730769230768 0.5841346153846154 0.055288461538461536 0.055288461538461536
0 0.2127403846153846 0.47475961538461536 0.055288461538461536 0.055288461538461536
0 0.17427884615384615 0.5540865384615384 0.055288461538461536 0.055288461538461536
0 0.15865384615384615 0.48197115384615385 0.055288461538461536 0.055288461538461536
0 0.06971153846153846 0.5084134615384616 0.055288461538461536 0.055288461538461536
0 0.0625 0.3894230769230769 0.055288461538461536 0.055288461538461536
0 0.06370192307692307 0.4495192307692308 0.055288461538461536 0.055288461538461536