0 0.09735576923076923 0.33533653846153844 0.056490384615384616 0.056490384615384616
0 0.08653846153846154 0.41947115384615385 0.056490384615384616 0.056490384615384616
0 0.11899038461538461 0.43028846153846156 0.056490384615384616 0.056490384615384616
0 0.15625 0.45072115384615385 0.056490384615384616 0.056490384615384616
0 0.21754807692307693 0.47475961538461536 0.056490384615384616 0.056490384615384616
0 0.19591346153846154 0.39302884615384615 0.056490384615384616 0.056490384615384616
0 0.23677884615384615 0.3942307692307692 0.056490384615384616 0.056490384615384616
0 0.24278846153846154 0.359375 0.056490384615384616 0.056490384615384616
0 0.29447115384615385 0.38221153846153844 0.056490384615384616 0.056490384615384616
0 0.3317307692307692 0.34975961538461536 0.056490384615384616 0.056490384615384616
0 0.3425480769230769 0.4074519230769231 0.056490384615384616 0.056490384615384616
0 0.37259615384615385 0.45072115384615385 0.056490384615384616 0.056490384615384616
0 0.3798076923076923 0.37259615384615385 0.056490384615384616 0.056490384615384616
0 0.38100961538461536 0.3137019230769231 0.056490384615384616 0.056490384615384616
0 0.44711538461538464 0.28365384615384615 0.056490384615384616 0.056490384615384616
0 0.2704326923076923 0.4879807692307692 0.056490384615384616 0.056490384615384616
0 0.25240384615384615 0.546875 0.056490384615384616 0.056490384615384616
0 0.28725961538461536 0.5576923076923077 0.056490384615384616 0.056490384615384616
0 0.32091346153846156 0.48677884615384615 0.056490384615384616 0.056490384615384616
0 0.38100961538461536 0.5084134615384616 0.056490384615384616 0.056490384615384616
0 0.3605769230769231 0.5697115384615384 0.056490384615384616 0.056490384615384616
0 0.3786057692307692 0.6177884615384616 0.056490384615384616 0.056490384615384616
0 0.42427884615384615 0.6310096153846154 0.056490384615384616 0.056490384615384616
0 0.5072115384615384 0.5384615384615384 0.056490384615384616 0.056490384615384616
0 0.5552884615384616 0.6322115384615384 0.056490384615384616 0.056490384615384616
0 0.5661057692307693 0.5793269230769231 0.056490384615384616 0.056490384615384616
0 0.5961538461538461 0.5805288461538461 0.056490384615384616 0.056490384615384616
0 0.609375 0.6646634615384616 0.056490384615384616 0.056490384615384616
0 0.6526442307692307 0.5913461538461539 0.056490384615384616 0.056490384615384616
0 0.7007211538461539 0.6177884615384616 0.056490384615384616 0.056490384615384616
0 0.7475961538461539 0.59375 0.056490384615384616 0.056490384615384616
0 0.8197115384615384 0.6141826923076923 0.056490384615384616 0.056490384615384616
0 0.7536057692307693 0.7127403846153846 0.056490384615384616 0.056490384615384616
0 0.8004807692307693 0.7151442307692307 0.056490384615384616 0.056490384615384616
0 0.8545673076923077 0.7319711538461539 0.056490384615384616 0.056490384615384616
0 0.8822115384615384 0.7427884615384616 0.056490384615384616 0.056490384615384616
0 0.9206730769230769 0.7115384615384616 0.056490384615384616 0.056490384615384616
0 0.9038461538461539 0.6418269230769231 0.056490384615384616 0.056490384615384616
0 0.47716346153846156 0.6057692307692307 0.056490384615384616 0.056490384615384616
0 0.8137019230769231 0.6586538461538461 0.056490384615384616 0.056490384615384616