0 0.7608173076923077 0.0985576923076923 0.056490384615384616 0.056490384615384616
0 0.6634615384615384 0.14783653846153846 0.056490384615384616 0.056490384615384616
0 0.5360576923076923 0.13581730769230768 0.056490384615384616 0.056490384615384616
0 0.5300480769230769 0.18990384615384615 0.056490384615384616 0.056490384615384616
0 0.5180288461538461 0.21995192307692307 0.056490384615384616 0.056490384615384616
0 0.5300480769230769 0.2668269230769231 0.056490384615384616 0.056490384615384616
0 0.6358173076923077 0.25240384615384615 0.056490384615384616 0.056490384615384616
0 0.43990384615384615 0.41947115384615385 0.056490384615384616 0.056490384615384616
0 0.4543269230769231 0.44471153846153844 0.056490384615384616 0.056490384615384616
0 0.5600961538461539 0.4735576923076923 0.056490384615384616 0.056490384615384616
0 0.5612980769230769 0.41947115384615385 0.056490384615384616 0.056490384615384616
0 0.5300480769230769 0.5817307692307693 0.056490384615384616 0.056490384615384616
0 0.3737980769230769 0.48197115384615385 0.056490384615384616 0.056490384615384616
0 0.36658653846153844 0.6574519230769231 0.056490384615384616 0.056490384615384616
0 0.36658653846153844 0.6850961538461539 0.056490384615384616 0.056490384615384616
0 0.42908653846153844 0.8016826923076923 0.056490384615384616 0.056490384615384616
0 0.31971153846153844 0.7728365384615384 0.056490384615384616 0.056490384615384616
0 0.3329326923076923 0.8149038461538461 0.056490384615384616 0.056490384615384616
0 0.2764423076923077 0.8353365384615384 0.056490384615384616 0.056490384615384616
0 0.24519230769230768 0.8605769230769231 0.056490384615384616 0.056490384615384616
0 0.23918269230769232 0.9074519230769231 0.056490384615384616 0.056490384615384616
0 0.4050480769230769 0.90625 0.056490384615384616 0.056490384615384616
0 0.45072115384615385 0.9074519230769231 0.056490384615384616 0.056490384615384616
0 0.40384615384615385 0.8581730769230769 0.056490384615384616 0.056490384615384616
0 0.5769230769230769 0.53125 0.056490384615384616 0.056490384615384616
0 0.6009615384615384 0.4074519230769231 0.056490384615384616 0.056490384615384616
0 0.46033653846153844 0.31490384615384615 0.056490384615384616 0.056490384615384616