0 0.9206730769230769 0.53125 0.056490384615384616 0.056490384615384616
0 0.9038461538461539 0.5 0.056490384615384616 0.056490384615384616
0 0.9471153846153846 0.4495192307692308 0.056490384615384616 0.056490384615384616
0 0.8569711538461539 0.4338942307692308 0.056490384615384616 0.056490384615384616
0 0.8353365384615384 0.5024038461538461 0.056490384615384616 0.056490384615384616
0 0.8100961538461539 0.43028846153846156 0.056490384615384616 0.056490384615384616
0 0.7572115384615384 0.45552884615384615 0.056490384615384616 0.056490384615384616
0 0.7199519230769231 0.40384615384615385 0.056490384615384616 0.056490384615384616
0 0.7007211538461539 0.43028846153846156 0.056490384615384616 0.056490384615384616
0 0.7680288461538461 0.5348557692307693 0.056490384615384616 0.056490384615384616
0 0.7355769230769231 0.5240384615384616 0.056490384615384616 0.056490384615384616
0 0.7019230769230769 0.5276442307692307 0.056490384615384616 0.056490384615384616
0 0.6466346153846154 0.5528846153846154 0.056490384615384616 0.056490384615384616
0 0.6310096153846154 0.5817307692307693 0.056490384615384616 0.056490384615384616
0 0.5805288461538461 0.5288461538461539 0.056490384615384616 0.056490384615384616
0 0.5625 0.5480769230769231 0.056490384615384616 0.056490384615384616
0 0.5480769230769231 0.46634615384615385 0.056490384615384616 0.056490384615384616
0 0.5276442307692307 0.37259615384615385 0.056490384615384616 0.056490384615384616
0 0.49158653846153844 0.53125 0.056490384615384616 0.056490384615384616
0 0.40024038461538464 0.4254807692307692 0.056490384615384616 0.056490384615384616
0 0.375 0.5552884615384616 0.056490384615384616 0.056490384615384616
0 0.3233173076923077 0.5925480769230769 0.056490384615384616 0.056490384615384616
0 0.25600961538461536 0.5600961538461539 0.056490384615384616 0.056490384615384616
0 0.17668269230769232 0.5540865384615384 0.056490384615384616 0.056490384615384616
0 0.19591346153846154 0.46634615384615385 0.056490384615384616 0.056490384615384616
0 0.10336538461538461 0.47596153846153844 0.056490384615384616 0.056490384615384616
0 0.04447115384615385 0.5516826923076923 0.056490384615384616 0.056490384615384616
0 0.45552884615384615 0.49759615384615385 0.056490384615384616 0.056490384615384616
0 0.15504807692307693 0.59375 0.056490384615384616 0.056490384615384616
0 0.2127403846153846 0.6009615384615384 0.056490384615384616 0.056490384615384616
0 0.26802884615384615 0.609375 0.056490384615384616 0.056490384615384616
0 0.2668269230769231 0.5084134615384616 0.056490384615384616 0.056490384615384616
0 0.29927884615384615 0.5072115384615384 0.056490384615384616 0.056490384615384616
0 0.03485576923076923 0.6117788461538461 0.056490384615384616 0.056490384615384616