0 0.5685096153846154 0.046875 0.0625 0.0625
0 0.609375 0.11778846153846154 0.0625 0.0625
0 0.6538461538461539 0.09615384615384616 0.0625 0.0625
0 0.6754807692307693 0.27884615384615385 0.0625 0.0625
0 0.6971153846153846 0.27163461538461536 0.0625 0.0625
0 0.7427884615384616 0.4182692307692308 0.0625 0.0625
0 0.8052884615384616 0.29086538461538464 0.0625 0.0625
0 0.8413461538461539 0.3473557692307692 0.0625 0.0625
0 0.7992788461538461 0.359375 0.0625 0.0625
0 0.8882211538461539 0.41346153846153844 0.0625 0.0625
0 0.8413461538461539 0.4567307692307692 0.0625 0.0625
0 0.8653846153846154 0.48197115384615385 0.0625 0.0625
0 0.8822115384615384 0.5649038461538461 0.0625 0.0625
0 0.9086538461538461 0.5252403846153846 0.0625 0.0625
0 0.8990384615384616 0.47475961538461536 0.0625 0.0625
0 0.5432692307692307 0.5348557692307693 0.0625 0.0625
0 0.5528846153846154 0.6213942307692307 0.0625 0.0625
0 0.5901442307692307 0.6057692307692307 0.0625 0.0625
0 0.6033653846153846 0.6814903846153846 0.0625 0.0625
0 0.6850961538461539 0.6634615384615384 0.0625 0.0625
0 0.6177884615384616 0.7536057692307693 0.0625 0.0625
0 0.6634615384615384 0.8617788461538461 0.0625 0.0625
0 0.6899038461538461 0.8028846153846154 0.0625 0.0625
0 0.7163461538461539 0.7620192307692307 0.0625 0.0625
0 0.6995192307692307 0.8774038461538461 0.0625 0.0625
0 0.7223557692307693 0.9254807692307693 0.0625 0.0625
0 0.7848557692307693 0.7836538461538461 0.0625 0.0625
0 0.7944711538461539 0.8341346153846154 0.0625 0.0625
0 0.8317307692307693 0.8557692307692307 0.0625 0.0625
0 0.7884615384615384 0.9338942307692307 0.0625 0.0625
0 0.8257211538461539 0.921875 0.0625 0.0625
0 0.8725961538461539 0.9086538461538461 0.0625 0.0625
0 0.12259615384615384 0.10576923076923077 0.0625 0.0625
0 0.13701923076923078 0.34615384615384615 0.0625 0.0625
0 0.14423076923076922 0.42427884615384615 0.0625 0.0625
0 0.17427884615384615 0.39663461538461536 0.0625 0.0625
0 0.11778846153846154 0.4807692307692308 0.0625 0.0625
0 0.11778846153846154 0.5600961538461539 0.0625 0.0625
0 0.2283653846153846 0.5745192307692307 0.0625 0.0625
0 0.265625 0.5192307692307693 0.0625 0.0625
0 0.23677884615384615 0.48197115384615385 0.0625 0.0625
0 0.30528846153846156 0.5841346153846154 0.0625 0.0625
0 0.30288461538461536 0.6322115384615384 0.0625 0.0625
0 0.30288461538461536 0.6911057692307693 0.0625 0.0625
0 0.35336538461538464 0.5841346153846154 0.0625 0.0625
0 0.39663461538461536 0.7572115384615384 0.0625 0.0625
0 0.49759615384615385 0.765625 0.0625 0.0625
0 0.5 0.875 0.0625 0.0625
0 0.234375 0.35096153846153844 0.0625 0.0625
0 0.23798076923076922 0.32211538461538464 0.0625 0.0625