0 0.8569711538461539 0.19951923076923078 0.056490384615384616 0.056490384615384616
0 0.7704326923076923 0.27283653846153844 0.056490384615384616 0.056490384615384616
0 0.6081730769230769 0.21514423076923078 0.056490384615384616 0.056490384615384616
0 0.6057692307692307 0.2536057692307692 0.056490384615384616 0.056490384615384616
0 0.5865384615384616 0.3004807692307692 0.056490384615384616 0.056490384615384616
0 0.5492788461538461 0.3004807692307692 0.056490384615384616 0.056490384615384616
0 0.5432692307692307 0.3485576923076923 0.056490384615384616 0.056490384615384616
0 0.48197115384615385 0.32572115384615385 0.056490384615384616 0.056490384615384616
0 0.5132211538461539 0.43509615384615385 0.056490384615384616 0.056490384615384616
0 0.39903846153846156 0.40865384615384615 0.056490384615384616 0.056490384615384616
0 0.39663461538461536 0.46634615384615385 0.056490384615384616 0.056490384615384616
0 0.4206730769230769 0.49759615384615385 0.056490384615384616 0.056490384615384616
0 0.38822115384615385 0.5336538461538461 0.056490384615384616 0.056490384615384616
0 0.3293269230769231 0.6286057692307693 0.056490384615384616 0.056490384615384616
0 0.29447115384615385 0.6069711538461539 0.056490384615384616 0.056490384615384616