0 0.18389423076923078 0.4723557692307692 0.0625 0.0625
0 0.25600961538461536 0.5721153846153846 0.0625 0.0625
0 0.3004807692307692 0.4254807692307692 0.0625 0.0625
0 0.44350961538461536 0.4375 0.0625 0.0625
0 0.5661057692307693 0.45552884615384615 0.0625 0.0625
0 0.6586538461538461 0.4651442307692308 0.0625 0.0625
0 0.6322115384615384 0.5408653846153846 0.0625 0.0625
0 0.6694711538461539 0.5661057692307693 0.0625 0.0625
0 0.6814903846153846 0.5901442307692307 0.0625 0.0625
0 0.7632211538461539 0.6286057692307693 0.0625 0.0625
0 0.7944711538461539 0.6310096153846154 0.0625 0.0625
0 0.8052884615384616 0.5685096153846154 0.0625 0.0625
0 0.8557692307692307 0.6009615384615384 0.0625 0.0625
0 0.7632211538461539 0.5492788461538461 0.0625 0.0625
0 0.9134615384615384 0.7872596153846154 0.0625 0.0625
0 0.8822115384615384 0.6153846153846154 0.0625 0.0625
0 0.41346153846153844 0.8846153846153846 0.0625 0.0625
0 0.43509615384615385 0.7067307692307693 0.0625 0.0625
0 0.3942307692307692 0.6466346153846154 0.0625 0.0625
0 0.375 0.6213942307692307 0.0625 0.0625
0 0.29447115384615385 0.6598557692307693 0.0625 0.0625