0 0.46274038461538464 0.16105769230769232 0.056490384615384616 0.056490384615384616
0 0.3737980769230769 0.18629807692307693 0.056490384615384616 0.056490384615384616
0 0.5805288461538461 0.14423076923076922 0.056490384615384616 0.056490384615384616
0 0.5673076923076923 0.11778846153846154 0.056490384615384616 0.056490384615384616
0 0.5480769230769231 0.20072115384615385 0.056490384615384616 0.056490384615384616
0 0.5793269230769231 0.20192307692307693 0.056490384615384616 0.056490384615384616
0 0.4699519230769231 0.20673076923076922 0.056490384615384616 0.056490384615384616
0 0.47836538461538464 0.12860576923076922 0.056490384615384616 0.056490384615384616
0 0.421875 0.13701923076923078 0.056490384615384616 0.056490384615384616
0 0.40384615384615385 0.2704326923076923 0.056490384615384616 0.056490384615384616
0 0.296875 0.21754807692307693 0.056490384615384616 0.056490384615384616
0 0.35096153846153844 0.1502403846153846 0.056490384615384616 0.056490384615384616
0 0.24759615384615385 0.13221153846153846 0.056490384615384616 0.056490384615384616
0 0.22596153846153846 0.09134615384615384 0.056490384615384616 0.056490384615384616
0 0.171875 0.09615384615384616 0.056490384615384616 0.056490384615384616
0 0.6646634615384616 0.22716346153846154 0.056490384615384616 0.056490384615384616
0 0.7740384615384616 0.5228365384615384 0.056490384615384616 0.056490384615384616
0 0.7980769230769231 0.5348557692307693 0.056490384615384616 0.056490384615384616
0 0.7019230769230769 0.4543269230769231 0.056490384615384616 0.056490384615384616
0 0.5444711538461539 0.4987980769230769 0.056490384615384616 0.056490384615384616
0 0.47115384615384615 0.5012019230769231 0.056490384615384616 0.056490384615384616
0 0.5204326923076923 0.5889423076923077 0.056490384615384616 0.056490384615384616
0 0.5492788461538461 0.5961538461538461 0.056490384615384616 0.056490384615384616
0 0.7211538461538461 0.5697115384615384 0.056490384615384616 0.056490384615384616
0 0.6887019230769231 0.6057692307692307 0.056490384615384616 0.056490384615384616
0 0.625 0.6213942307692307 0.056490384615384616 0.056490384615384616
0 0.6646634615384616 0.6682692307692307 0.056490384615384616 0.056490384615384616
0 0.6502403846153846 0.703125 0.056490384615384616 0.056490384615384616
0 0.6153846153846154 0.7932692307692307 0.056490384615384616 0.056490384615384616
0 0.5853365384615384 0.7944711538461539 0.056490384615384616 0.056490384615384616
0 0.5973557692307693 0.7548076923076923 0.056490384615384616 0.056490384615384616
0 0.5024038461538461 0.8100961538461539 0.056490384615384616 0.056490384615384616
0 0.5600961538461539 0.8413461538461539 0.056490384615384616 0.056490384615384616
0 0.47475961538461536 0.859375 0.056490384615384616 0.056490384615384616
0 0.45552884615384615 0.9254807692307693 0.056490384615384616 0.056490384615384616
0 0.5757211538461539 0.6622596153846154 0.056490384615384616 0.056490384615384616