0 0.6574519230769231 0.8509615384615384 0.056490384615384616 0.056490384615384616
0 0.6814903846153846 0.7884615384615384 0.056490384615384616 0.056490384615384616
0 0.5757211538461539 0.7776442307692307 0.056490384615384616 0.056490384615384616
0 0.640625 0.71875 0.056490384615384616 0.056490384615384616
0 0.5600961538461539 0.5757211538461539 0.056490384615384616 0.056490384615384616
0 0.5336538461538461 0.484375 0.056490384615384616 0.056490384615384616
0 0.5072115384615384 0.4675480769230769 0.056490384615384616 0.056490384615384616
0 0.35336538461538464 0.5048076923076923 0.056490384615384616 0.056490384615384616
0 0.3293269230769231 0.34375 0.056490384615384616 0.056490384615384616
0 0.24759615384615385 0.39783653846153844 0.056490384615384616 0.056490384615384616
0 0.25240384615384615 0.2860576923076923 0.056490384615384616 0.056490384615384616
0 0.22235576923076922 0.24879807692307693 0.056490384615384616 0.056490384615384616
0 0.1814903846153846 0.27163461538461536 0.056490384615384616 0.056490384615384616
0 0.13341346153846154 0.21875 0.056490384615384616 0.056490384615384616
0 0.16947115384615385 0.15865384615384615 0.056490384615384616 0.056490384615384616
0 0.08653846153846154 0.14302884615384615 0.056490384615384616 0.056490384615384616
0 0.12740384615384615 0.11538461538461539 0.056490384615384616 0.056490384615384616
0 0.11298076923076923 0.08173076923076923 0.056490384615384616 0.056490384615384616
0 0.06129807692307692 0.036057692307692304 0.056490384615384616 0.056490384615384616