0 0.6298076923076923 0.02283653846153846 0.056490384615384616 0.04447115384615385
0 0.6021634615384616 0.0733173076923077 0.056490384615384616 0.056490384615384616
0 0.5600961538461539 0.14182692307692307 0.056490384615384616 0.056490384615384616
0 0.5985576923076923 0.15504807692307693 0.056490384615384616 0.056490384615384616
0 0.6454326923076923 0.19471153846153846 0.056490384615384616 0.056490384615384616
0 0.5012019230769231 0.359375 0.056490384615384616 0.056490384615384616
0 0.5204326923076923 0.4266826923076923 0.056490384615384616 0.056490384615384616
0 0.6081730769230769 0.46634615384615385 0.056490384615384616 0.056490384615384616
0 0.6021634615384616 0.5552884615384616 0.056490384615384616 0.056490384615384616
0 0.5865384615384616 0.3269230769230769 0.056490384615384616 0.056490384615384616
0 0.6923076923076923 0.3449519230769231 0.056490384615384616 0.056490384615384616
0 0.7824519230769231 0.39302884615384615 0.056490384615384616 0.056490384615384616
0 0.8016826923076923 0.25841346153846156 0.056490384615384616 0.056490384615384616
0 0.8016826923076923 0.3137019230769231 0.056490384615384616 0.056490384615384616
0 0.32572115384615385 0.02403846153846154 0.056490384615384616 0.046875
0 0.21634615384615385 0.06009615384615385 0.056490384615384616 0.056490384615384616
0 0.23918269230769232 0.11778846153846154 0.056490384615384616 0.056490384615384616
0 0.2548076923076923 0.17908653846153846 0.056490384615384616 0.056490384615384616
0 0.2644230769230769 0.23317307692307693 0.056490384615384616 0.056490384615384616
0 0.3329326923076923 0.2644230769230769 0.056490384615384616 0.056490384615384616
0 0.31490384615384615 0.30528846153846156 0.056490384615384616 0.056490384615384616
0 0.3293269230769231 0.08653846153846154 0.056490384615384616 0.056490384615384616
0 0.4074519230769231 0.5132211538461539 0.056490384615384616 0.056490384615384616
0 0.4735576923076923 0.43509615384615385 0.056490384615384616 0.056490384615384616
0 0.49759615384615385 0.4891826923076923 0.056490384615384616 0.056490384615384616
0 0.43509615384615385 0.8100961538461539 0.056490384615384616 0.056490384615384616
0 0.4362980769230769 0.7475961538461539 0.056490384615384616 0.056490384615384616
0 0.4579326923076923 0.6490384615384616 0.056490384615384616 0.056490384615384616
0 0.49278846153846156 0.6574519230769231 0.056490384615384616 0.056490384615384616
0 0.5228365384615384 0.7391826923076923 0.056490384615384616 0.056490384615384616