0 0.2644230769230769 0.3870192307692308 0.055288461538461536 0.055288461538461536
0 0.32572115384615385 0.36899038461538464 0.055288461538461536 0.055288461538461536
0 0.3161057692307692 0.41947115384615385 0.055288461538461536 0.055288461538461536
0 0.4014423076923077 0.3713942307692308 0.055288461538461536 0.055288461538461536
0 0.4387019230769231 0.37259615384615385 0.055288461538461536 0.055288461538461536
0 0.4074519230769231 0.4110576923076923 0.055288461538461536 0.055288461538461536
0 0.4074519230769231 0.44471153846153844 0.055288461538461536 0.055288461538461536
0 0.44350961538461536 0.4362980769230769 0.055288461538461536 0.055288461538461536
0 0.4951923076923077 0.43028846153846156 0.055288461538461536 0.055288461538461536
0 0.5697115384615384 0.4423076923076923 0.055288461538461536 0.055288461538461536
0 0.5697115384615384 0.36177884615384615 0.055288461538461536 0.055288461538461536
0 0.6177884615384616 0.38221153846153844 0.055288461538461536 0.055288461538461536
0 0.7091346153846154 0.46153846153846156 0.055288461538461536 0.055288461538461536
0 0.45552884615384615 0.47596153846153844 0.055288461538461536 0.055288461538461536
0 0.2403846153846154 0.484375 0.055288461538461536 0.055288461538461536
0 0.2548076923076923 0.5180288461538461 0.055288461538461536 0.055288461538461536
0 0.31009615384615385 0.4963942307692308 0.055288461538461536 0.055288461538461536
0 0.3605769230769231 0.4987980769230769 0.055288461538461536 0.055288461538461536
0 0.3629807692307692 0.5685096153846154 0.055288461538461536 0.055288461538461536
0 0.38341346153846156 0.59375 0.055288461538461536 0.055288461538461536
0 0.3004807692307692 0.6538461538461539 0.055288461538461536 0.055288461538461536
0 0.3798076923076923 0.6382211538461539 0.055288461538461536 0.055288461538461536
0 0.34375 0.6899038461538461 0.055288461538461536 0.055288461538461536