0 0.9735576923076923 0.5336538461538461 0.052884615384615384 0.056490384615384616
0 0.9447115384615384 0.4519230769230769 0.056490384615384616 0.056490384615384616
0 0.9098557692307693 0.4362980769230769 0.056490384615384616 0.056490384615384616
0 0.8990384615384616 0.5324519230769231 0.056490384615384616 0.056490384615384616
0 0.8641826923076923 0.5240384615384616 0.056490384615384616 0.056490384615384616
0 0.8377403846153846 0.5108173076923077 0.056490384615384616 0.056490384615384616
0 0.8329326923076923 0.46634615384615385 0.056490384615384616 0.056490384615384616
0 0.7944711538461539 0.5012019230769231 0.056490384615384616 0.056490384615384616
0 0.7740384615384616 0.4543269230769231 0.056490384615384616 0.056490384615384616
0 0.7884615384615384 0.41586538461538464 0.056490384615384616 0.056490384615384616
0 0.734375 0.5096153846153846 0.056490384615384616 0.056490384615384616
0 0.6802884615384616 0.44711538461538464 0.056490384615384616 0.056490384615384616
0 0.6418269230769231 0.4675480769230769 0.056490384615384616 0.056490384615384616
0 0.6598557692307693 0.5300480769230769 0.056490384615384616 0.056490384615384616
0 0.5973557692307693 0.47475961538461536 0.056490384615384616 0.056490384615384616
0 0.5576923076923077 0.4891826923076923 0.056490384615384616 0.056490384615384616
0 0.53125 0.5480769230769231 0.056490384615384616 0.056490384615384616
0 0.5444711538461539 0.5913461538461539 0.056490384615384616 0.056490384615384616
0 0.5060096153846154 0.6057692307692307 0.056490384615384616 0.056490384615384616
0 0.46153846153846156 0.6262019230769231 0.056490384615384616 0.056490384615384616
0 0.390625 0.6466346153846154 0.056490384615384616 0.056490384615384616
0 0.4074519230769231 0.5805288461538461 0.056490384615384616 0.056490384615384616
0 0.4362980769230769 0.5805288461538461 0.056490384615384616 0.056490384615384616
0 0.34134615384615385 0.6177884615384616 0.056490384615384616 0.056490384615384616
0 0.3605769230769231 0.5745192307692307 0.056490384615384616 0.056490384615384616
0 0.21634615384615385 0.5841346153846154 0.056490384615384616 0.056490384615384616
0 0.24759615384615385 0.5252403846153846 0.056490384615384616 0.056490384615384616
0 0.20072115384615385 0.5180288461538461 0.056490384615384616 0.056490384615384616
0 0.12259615384615384 0.5865384615384616 0.056490384615384616 0.056490384615384616
0 0.11658653846153846 0.4855769230769231 0.056490384615384616 0.056490384615384616
0 0.07091346153846154 0.47115384615384615 0.056490384615384616 0.056490384615384616
0 0.04447115384615385 0.4795673076923077 0.056490384615384616 0.056490384615384616
0 0.24759615384615385 0.5685096153846154 0.056490384615384616 0.056490384615384616