0 0.8545673076923077 0.8942307692307693 0.056490384615384616 0.056490384615384616
0 0.7824519230769231 0.9615384615384616 0.056490384615384616 0.056490384615384616
0 0.7548076923076923 0.9362980769230769 0.056490384615384616 0.056490384615384616
0 0.6742788461538461 0.8125 0.056490384615384616 0.056490384615384616
0 0.7163461538461539 0.7752403846153846 0.056490384615384616 0.056490384615384616
0 0.6346153846153846 0.71875 0.056490384615384616 0.056490384615384616
0 0.5612980769230769 0.6430288461538461 0.056490384615384616 0.056490384615384616
0 0.5865384615384616 0.6057692307692307 0.056490384615384616 0.056490384615384616
0 0.5721153846153846 0.5757211538461539 0.056490384615384616 0.056490384615384616
0 0.5600961538461539 0.5456730769230769 0.056490384615384616 0.056490384615384616
0 0.5024038461538461 0.4699519230769231 0.056490384615384616 0.056490384615384616
0 0.43028846153846156 0.5132211538461539 0.056490384615384616 0.056490384615384616
0 0.34134615384615385 0.39903846153846156 0.056490384615384616 0.056490384615384616
0 0.32572115384615385 0.14903846153846154 0.056490384615384616 0.056490384615384616
0 0.30528846153846156 0.12259615384615384 0.056490384615384616 0.056490384615384616
0 0.27403846153846156 0.171875 0.056490384615384616 0.056490384615384616
0 0.38461538461538464 0.1971153846153846 0.056490384615384616 0.056490384615384616
0 0.7055288461538461 0.9182692307692307 0.056490384615384616 0.056490384615384616
0 0.5180288461538461 0.6802884615384616 0.056490384615384616 0.056490384615384616
0 0.484375 0.6766826923076923 0.056490384615384616 0.056490384615384616
0 0.4831730769230769 0.6430288461538461 0.056490384615384616 0.056490384615384616
0 0.4891826923076923 0.6069711538461539 0.056490384615384616 0.056490384615384616
0 0.3894230769230769 0.6586538461538461 0.056490384615384616 0.056490384615384616
0 0.36177884615384615 0.6237980769230769 0.056490384615384616 0.056490384615384616
0 0.32572115384615385 0.5757211538461539 0.056490384615384616 0.056490384615384616
0 0.34615384615384615 0.5456730769230769 0.056490384615384616 0.056490384615384616
0 0.25961538461538464 0.4411057692307692 0.056490384615384616 0.056490384615384616
0 0.2824519230769231 0.4266826923076923 0.056490384615384616 0.056490384615384616