0 0.03365384615384615 0.09495192307692307 0.056490384615384616 0.056490384615384616
0 0.125 0.02403846153846154 0.057692307692307696 0.04807692307692308
0 0.11057692307692307 0.056490384615384616 0.056490384615384616 0.056490384615384616
0 0.0673076923076923 0.12259615384615384 0.056490384615384616 0.056490384615384616
0 0.13581730769230768 0.14182692307692307 0.056490384615384616 0.056490384615384616
0 0.14182692307692307 0.11057692307692307 0.056490384615384616 0.056490384615384616
0 0.06370192307692307 0.18028846153846154 0.056490384615384616 0.056490384615384616
0 0.15144230769230768 0.17668269230769232 0.056490384615384616 0.056490384615384616
0 0.16466346153846154 0.20673076923076922 0.056490384615384616 0.056490384615384616
0 0.14182692307692307 0.21153846153846154 0.056490384615384616 0.056490384615384616
0 0.11057692307692307 0.23557692307692307 0.056490384615384616 0.056490384615384616
0 0.23918269230769232 0.3329326923076923 0.056490384615384616 0.056490384615384616
0 0.2764423076923077 0.35096153846153844 0.056490384615384616 0.056490384615384616
0 0.27283653846153844 0.4050480769230769 0.056490384615384616 0.056490384615384616
0 0.24759615384615385 0.3701923076923077 0.056490384615384616 0.056490384615384616
0 0.16706730769230768 0.34615384615384615 0.056490384615384616 0.056490384615384616
0 0.21153846153846154 0.46153846153846156 0.056490384615384616 0.056490384615384616
0 0.36177884615384615 0.47115384615384615 0.056490384615384616 0.056490384615384616
0 0.3269230769230769 0.46153846153846156 0.056490384615384616 0.056490384615384616
0 0.27403846153846156 0.5420673076923077 0.056490384615384616 0.056490384615384616
0 0.3076923076923077 0.5805288461538461 0.056490384615384616 0.056490384615384616
0 0.41346153846153844 0.5456730769230769 0.056490384615384616 0.056490384615384616
0 0.45552884615384615 0.5889423076923077 0.056490384615384616 0.056490384615384616
0 0.45552884615384615 0.7043269230769231 0.056490384615384616 0.056490384615384616
0 0.5024038461538461 0.7295673076923077 0.056490384615384616 0.056490384615384616
0 0.4831730769230769 0.6742788461538461 0.056490384615384616 0.056490384615384616
0 0.6262019230769231 0.7367788461538461 0.056490384615384616 0.056490384615384616
0 0.6742788461538461 0.7524038461538461 0.056490384615384616 0.056490384615384616
0 0.6538461538461539 0.7019230769230769 0.056490384615384616 0.056490384615384616
0 0.7415865384615384 0.9098557692307693 0.056490384615384616 0.056490384615384616
0 0.7788461538461539 0.7896634615384616 0.056490384615384616 0.056490384615384616
0 0.6959134615384616 0.6478365384615384 0.056490384615384616 0.056490384615384616
0 0.8461538461538461 0.6322115384615384 0.056490384615384616 0.056490384615384616