0 0.5252403846153846 0.16826923076923078 0.0625 0.0625
0 0.5913461538461539 0.29447115384615385 0.0625 0.0625
0 0.6153846153846154 0.328125 0.0625 0.0625
0 0.6899038461538461 0.33774038461538464 0.0625 0.0625
0 0.7151442307692307 0.3557692307692308 0.0625 0.0625
0 0.7524038461538461 0.38221153846153844 0.0625 0.0625
0 0.6310096153846154 0.4254807692307692 0.0625 0.0625
0 0.7163461538461539 0.453125 0.0625 0.0625
0 0.7463942307692307 0.45913461538461536 0.0625 0.0625
0 0.8930288461538461 0.49759615384615385 0.0625 0.0625
0 0.9242788461538461 0.5961538461538461 0.0625 0.0625
0 0.5504807692307693 0.46634615384615385 0.0625 0.0625
0 0.5685096153846154 0.5072115384615384 0.0625 0.0625
0 0.640625 0.47475961538461536 0.0625 0.0625
0 0.5745192307692307 0.5997596153846154 0.0625 0.0625
0 0.6658653846153846 0.5841346153846154 0.0625 0.0625
0 0.6899038461538461 0.6802884615384616 0.0625 0.0625
0 0.5877403846153846 0.71875 0.0625 0.0625
0 0.515625 0.8317307692307693 0.0625 0.0625
0 0.6370192307692307 0.78125 0.0625 0.0625