0 0.039663461538461536 0.5072115384615384 0.056490384615384616 0.056490384615384616
0 0.13942307692307693 0.5600961538461539 0.056490384615384616 0.056490384615384616
0 0.11778846153846154 0.5228365384615384 0.056490384615384616 0.056490384615384616
0 0.19471153846153846 0.5240384615384616 0.056490384615384616 0.056490384615384616
0 0.17668269230769232 0.40625 0.056490384615384616 0.056490384615384616
0 0.3329326923076923 0.5673076923076923 0.056490384615384616 0.056490384615384616
0 0.45072115384615385 0.43990384615384615 0.056490384615384616 0.056490384615384616
0 0.6201923076923077 0.5300480769230769 0.056490384615384616 0.056490384615384616
0 0.7235576923076923 0.6177884615384616 0.056490384615384616 0.056490384615384616
0 0.8521634615384616 0.49759615384615385 0.056490384615384616 0.056490384615384616
0 0.8016826923076923 0.5012019230769231 0.056490384615384616 0.056490384615384616
0 0.7007211538461539 0.47596153846153844 0.056490384615384616 0.056490384615384616
0 0.9266826923076923 0.4855769230769231 0.056490384615384616 0.056490384615384616
0 0.5336538461538461 0.5925480769230769 0.056490384615384616 0.056490384615384616
0 0.4987980769230769 0.5072115384615384 0.056490384615384616 0.056490384615384616
0 0.4543269230769231 0.49278846153846156 0.056490384615384616 0.056490384615384616
0 0.23918269230769232 0.43149038461538464 0.056490384615384616 0.056490384615384616