0 0.6862980769230769 0.9194711538461539 0.056490384615384616 0.056490384615384616
0 0.6862980769230769 0.8713942307692307 0.056490384615384616 0.056490384615384616
0 0.6694711538461539 0.8365384615384616 0.056490384615384616 0.056490384615384616
0 0.703125 0.8305288461538461 0.056490384615384616 0.056490384615384616
0 0.6153846153846154 0.84375 0.056490384615384616 0.056490384615384616
0 0.6274038461538461 0.7920673076923077 0.056490384615384616 0.056490384615384616
0 0.6790865384615384 0.7536057692307693 0.056490384615384616 0.056490384615384616
0 0.6574519230769231 0.7259615384615384 0.056490384615384616 0.056490384615384616
0 0.6129807692307693 0.7403846153846154 0.056490384615384616 0.056490384615384616
0 0.5961538461538461 0.7007211538461539 0.056490384615384616 0.056490384615384616
0 0.5528846153846154 0.7331730769230769 0.056490384615384616 0.056490384615384616
0 0.5673076923076923 0.6538461538461539 0.056490384615384616 0.056490384615384616
0 0.5925480769230769 0.6213942307692307 0.056490384615384616 0.056490384615384616
0 0.5300480769230769 0.5901442307692307 0.056490384615384616 0.056490384615384616
0 0.5721153846153846 0.5661057692307693 0.056490384615384616 0.056490384615384616
0 0.5 0.5504807692307693 0.056490384615384616 0.056490384615384616
0 0.5396634615384616 0.5348557692307693 0.056490384615384616 0.056490384615384616
0 0.5360576923076923 0.49158653846153844 0.056490384615384616 0.056490384615384616
0 0.5793269230769231 0.47596153846153844 0.056490384615384616 0.056490384615384616
0 0.5252403846153846 0.4567307692307692 0.056490384615384616 0.056490384615384616
0 0.5372596153846154 0.421875 0.056490384615384616 0.056490384615384616
0 0.4362980769230769 0.3942307692307692 0.056490384615384616 0.056490384615384616
0 0.5024038461538461 0.4230769230769231 0.056490384615384616 0.056490384615384616
0 0.5336538461538461 0.37259615384615385 0.056490384615384616 0.056490384615384616
0 0.5396634615384616 0.31850961538461536 0.056490384615384616 0.056490384615384616
0 0.5348557692307693 0.27403846153846156 0.056490384615384616 0.056490384615384616
0 0.5384615384615384 0.22716346153846154 0.056490384615384616 0.056490384615384616
0 0.47836538461538464 0.1971153846153846 0.056490384615384616 0.056490384615384616
0 0.39302884615384615 0.20072115384615385 0.056490384615384616 0.056490384615384616
0 0.42788461538461536 0.17307692307692307 0.056490384615384616 0.056490384615384616
0 0.4170673076923077 0.125 0.056490384615384616 0.056490384615384616
0 0.33052884615384615 0.11778846153846154 0.056490384615384616 0.056490384615384616
0 0.38461538461538464 0.06971153846153846 0.056490384615384616 0.056490384615384616
0 0.2824519230769231 0.03365384615384615 0.056490384615384616 0.056490384615384616