0 0.49038461538461536 0.020432692307692308 0.056490384615384616 0.040865384615384616
0 0.5372596153846154 0.11057692307692307 0.056490384615384616 0.056490384615384616
0 0.5204326923076923 0.18389423076923078 0.056490384615384616 0.056490384615384616
0 0.46274038461538464 0.22115384615384615 0.056490384615384616 0.056490384615384616
0 0.5072115384615384 0.35216346153846156 0.056490384615384616 0.056490384615384616
0 0.5793269230769231 0.3112980769230769 0.056490384615384616 0.056490384615384616
0 0.5036057692307693 0.4110576923076923 0.056490384615384616 0.056490384615384616
0 0.5769230769230769 0.4362980769230769 0.056490384615384616 0.056490384615384616
0 0.5853365384615384 0.48197115384615385 0.056490384615384616 0.056490384615384616
0 0.6310096153846154 0.5216346153846154 0.056490384615384616 0.056490384615384616
0 0.6286057692307693 0.5757211538461539 0.056490384615384616 0.056490384615384616
0 0.6334134615384616 0.6189903846153846 0.056490384615384616 0.056490384615384616
0 0.5444711538461539 0.5540865384615384 0.056490384615384616 0.056490384615384616
0 0.46634615384615385 0.5120192307692307 0.056490384615384616 0.056490384615384616
0 0.5408653846153846 0.5913461538461539 0.056490384615384616 0.056490384615384616
0 0.5252403846153846 0.6189903846153846 0.056490384615384616 0.056490384615384616
0 0.43509615384615385 0.6021634615384616 0.056490384615384616 0.056490384615384616
0 0.4855769230769231 0.3317307692307692 0.056490384615384616 0.056490384615384616
0 0.43509615384615385 0.7319711538461539 0.056490384615384616 0.056490384615384616
0 0.5024038461538461 0.7668269230769231 0.056490384615384616 0.056490384615384616
0 0.31971153846153844 0.7584134615384616 0.056490384615384616 0.056490384615384616
0 0.3125 0.8341346153846154 0.056490384615384616 0.056490384615384616