0 0.9423076923076923 0.19110576923076922 0.055288461538461536 0.055288461538461536
0 0.8858173076923077 0.125 0.055288461538461536 0.055288461538461536
0 0.8701923076923077 0.25961538461538464 0.055288461538461536 0.055288461538461536
0 0.8257211538461539 0.3605769230769231 0.055288461538461536 0.055288461538461536
0 0.7524038461538461 0.3942307692307692 0.055288461538461536 0.055288461538461536
0 0.7259615384615384 0.5204326923076923 0.055288461538461536 0.055288461538461536
0 0.6983173076923077 0.49038461538461536 0.055288461538461536 0.055288461538461536
0 0.7211538461538461 0.35336538461538464 0.055288461538461536 0.055288461538461536
0 0.5528846153846154 0.38822115384615385 0.055288461538461536 0.055288461538461536
0 0.5180288461538461 0.4110576923076923 0.055288461538461536 0.055288461538461536
0 0.5240384615384616 0.5408653846153846 0.055288461538461536 0.055288461538461536
0 0.6057692307692307 0.45072115384615385 0.055288461538461536 0.055288461538461536
0 0.49038461538461536 0.6213942307692307 0.055288461538461536 0.055288461538461536
0 0.37259615384615385 0.6574519230769231 0.055288461538461536 0.055288461538461536
0 0.3269230769230769 0.6334134615384616 0.055288461538461536 0.055288461538461536
0 0.25841346153846156 0.6850961538461539 0.055288461538461536 0.055288461538461536
0 0.25 0.7475961538461539 0.055288461538461536 0.055288461538461536
0 0.3545673076923077 0.7848557692307693 0.055288461538461536 0.055288461538461536
0 0.2403846153846154 0.8918269230769231 0.055288461538461536 0.055288461538461536
0 0.16947115384615385 0.9074519230769231 0.055288461538461536 0.055288461538461536