0 0.7475961538461539 0.24519230769230768 0.056490384615384616 0.056490384615384616
0 0.6322115384615384 0.2536057692307692 0.056490384615384616 0.056490384615384616
0 0.5949519230769231 0.22115384615384615 0.056490384615384616 0.056490384615384616
0 0.5612980769230769 0.2692307692307692 0.056490384615384616 0.056490384615384616
0 0.6069711538461539 0.3329326923076923 0.056490384615384616 0.056490384615384616
0 0.5997596153846154 0.3762019230769231 0.056490384615384616 0.056490384615384616
0 0.5552884615384616 0.35697115384615385 0.056490384615384616 0.056490384615384616
0 0.5060096153846154 0.32211538461538464 0.056490384615384616 0.056490384615384616
0 0.47475961538461536 0.5108173076923077 0.056490384615384616 0.056490384615384616
0 0.390625 0.5288461538461539 0.056490384615384616 0.056490384615384616
0 0.4326923076923077 0.4206730769230769 0.056490384615384616 0.056490384615384616
0 0.375 0.59375 0.056490384615384616 0.056490384615384616
0 0.43509615384615385 0.6694711538461539 0.056490384615384616 0.056490384615384616
0 0.4519230769230769 0.7091346153846154 0.056490384615384616 0.056490384615384616
0 0.390625 0.6862980769230769 0.056490384615384616 0.056490384615384616
0 0.4026442307692308 0.7836538461538461 0.056490384615384616 0.056490384615384616
0 0.3641826923076923 0.828125 0.056490384615384616 0.056490384615384616
0 0.32572115384615385 0.7512019230769231 0.056490384615384616 0.056490384615384616
0 0.35216346153846156 0.6346153846153846 0.056490384615384616 0.056490384615384616