0 0.5600961538461539 0.057692307692307696 0.056490384615384616 0.056490384615384616
0 0.7271634615384616 0.021634615384615384 0.056490384615384616 0.04326923076923077
0 0.6382211538461539 0.16105769230769232 0.056490384615384616 0.056490384615384616
0 0.6334134615384616 0.23197115384615385 0.056490384615384616 0.056490384615384616
0 0.5733173076923077 0.28966346153846156 0.056490384615384616 0.056490384615384616
0 0.6081730769230769 0.2956730769230769 0.056490384615384616 0.056490384615384616
0 0.6574519230769231 0.3329326923076923 0.056490384615384616 0.056490384615384616
0 0.5540865384615384 0.35697115384615385 0.056490384615384616 0.056490384615384616
0 0.5600961538461539 0.5048076923076923 0.056490384615384616 0.056490384615384616
0 0.5144230769230769 0.5072115384615384 0.056490384615384616 0.056490384615384616
0 0.5360576923076923 0.5673076923076923 0.056490384615384616 0.056490384615384616
0 0.5949519230769231 0.5865384615384616 0.056490384615384616 0.056490384615384616
0 0.6177884615384616 0.6117788461538461 0.056490384615384616 0.056490384615384616
0 0.6105769230769231 0.7007211538461539 0.056490384615384616 0.056490384615384616
0 0.7079326923076923 0.49278846153846156 0.056490384615384616 0.056490384615384616
0 0.6766826923076923 0.45072115384615385 0.056490384615384616 0.056490384615384616
0 0.6454326923076923 0.41466346153846156 0.056490384615384616 0.056490384615384616
0 0.6382211538461539 0.5360576923076923 0.056490384615384616 0.056490384615384616
0 0.4579326923076923 0.6826923076923077 0.056490384615384616 0.056490384615384616
0 0.41947115384615385 0.6550480769230769 0.056490384615384616 0.056490384615384616
0 0.49278846153846156 0.578125 0.056490384615384616 0.056490384615384616
0 0.5048076923076923 0.6382211538461539 0.056490384615384616 0.056490384615384616
0 0.4543269230769231 0.9639423076923077 0.056490384615384616 0.056490384615384616
0 0.44471153846153844 0.8918269230769231 0.056490384615384616 0.056490384615384616
0 0.3293269230769231 0.45072115384615385 0.056490384615384616 0.056490384615384616
0 0.3485576923076923 0.40625 0.056490384615384616 0.056490384615384616
0 0.2824519230769231 0.38822115384615385 0.056490384615384616 0.056490384615384616
0 0.31009615384615385 0.33533653846153844 0.056490384615384616 0.056490384615384616
0 0.26322115384615385 0.22716346153846154 0.056490384615384616 0.056490384615384616
0 0.22355769230769232 0.20072115384615385 0.056490384615384616 0.056490384615384616
0 0.34134615384615385 0.16466346153846154 0.056490384615384616 0.056490384615384616
0 0.33653846153846156 0.26802884615384615 0.056490384615384616 0.056490384615384616