0 0.8389423076923077 0.042067307692307696 0.052884615384615384 0.052884615384615384
0 0.7355769230769231 0.04326923076923077 0.052884615384615384 0.052884615384615384
0 0.7151442307692307 0.078125 0.052884615384615384 0.052884615384615384
0 0.7788461538461539 0.125 0.052884615384615384 0.052884615384615384
0 0.7451923076923077 0.14302884615384615 0.052884615384615384 0.052884615384615384
0 0.7572115384615384 0.1875 0.052884615384615384 0.052884615384615384
0 0.7151442307692307 0.21875 0.052884615384615384 0.052884615384615384
0 0.6634615384615384 0.14182692307692307 0.052884615384615384 0.052884615384615384
0 0.6370192307692307 0.140625 0.052884615384615384 0.052884615384615384
0 0.6526442307692307 0.17668269230769232 0.052884615384615384 0.052884615384615384
0 0.6658653846153846 0.22355769230769232 0.052884615384615384 0.052884615384615384
0 0.6875 0.28846153846153844 0.052884615384615384 0.052884615384615384
0 0.7439903846153846 0.2800480769230769 0.052884615384615384 0.052884615384615384
0 0.6213942307692307 0.32572115384615385 0.052884615384615384 0.052884615384615384
0 0.6177884615384616 0.2848557692307692 0.052884615384615384 0.052884615384615384
0 0.5432692307692307 0.24278846153846154 0.052884615384615384 0.052884615384615384
0 0.5588942307692307 0.3088942307692308 0.052884615384615384 0.052884615384615384
0 0.4795673076923077 0.34975961538461536 0.052884615384615384 0.052884615384615384
0 0.43990384615384615 0.2980769230769231 0.052884615384615384 0.052884615384615384
0 0.4254807692307692 0.375 0.052884615384615384 0.052884615384615384
0 0.3641826923076923 0.3557692307692308 0.052884615384615384 0.052884615384615384
0 0.43028846153846156 0.4411057692307692 0.052884615384615384 0.052884615384615384
0 0.30649038461538464 0.6346153846153846 0.052884615384615384 0.052884615384615384
0 0.26802884615384615 0.5829326923076923 0.052884615384615384 0.052884615384615384
0 0.15144230769230768 0.7740384615384616 0.052884615384615384 0.052884615384615384
0 0.18028846153846154 0.6021634615384616 0.052884615384615384 0.052884615384615384
0 0.5108173076923077 0.3629807692307692 0.052884615384615384 0.052884615384615384
0 0.49759615384615385 0.3786057692307692 0.052884615384615384 0.052884615384615384
0 0.5528846153846154 0.4098557692307692 0.052884615384615384 0.052884615384615384
0 0.4879807692307692 0.4098557692307692 0.052884615384615384 0.052884615384615384
0 0.5492788461538461 0.45552884615384615 0.052884615384615384 0.052884615384615384
0 0.5396634615384616 0.49278846153846156 0.052884615384615384 0.052884615384615384
0 0.47836538461538464 0.4362980769230769 0.052884615384615384 0.052884615384615384
0 0.45072115384615385 0.42908653846153844 0.052884615384615384 0.052884615384615384
0 0.4387019230769231 0.4831730769230769 0.052884615384615384 0.052884615384615384
0 0.4375 0.5072115384615384 0.052884615384615384 0.052884615384615384
0 0.5048076923076923 0.5793269230769231 0.052884615384615384 0.052884615384615384
0 0.4891826923076923 0.6177884615384616 0.052884615384615384 0.052884615384615384
0 0.5036057692307693 0.6430288461538461 0.052884615384615384 0.052884615384615384
0 0.43149038461538464 0.6826923076923077 0.052884615384615384 0.052884615384615384
0 0.5288461538461539 0.6790865384615384 0.052884615384615384 0.052884615384615384
0 0.49399038461538464 0.7608173076923077 0.052884615384615384 0.052884615384615384
0 0.53125 0.8137019230769231 0.052884615384615384 0.052884615384615384
0 0.40865384615384615 0.8125 0.052884615384615384 0.052884615384615384
0 0.45552884615384615 0.8173076923076923 0.052884615384615384 0.052884615384615384
0 0.5733173076923077 0.8677884615384616 0.052884615384615384 0.052884615384615384
0 0.4579326923076923 0.8786057692307693 0.052884615384615384 0.052884615384615384
0 0.5564903846153846 0.9134615384615384 0.052884615384615384 0.052884615384615384
0 0.5492788461538461 0.9447115384615384 0.052884615384615384 0.052884615384615384
0 0.47596153846153844 0.9759615384615384 0.052884615384615384 0.046875