0 0.9435096153846154 0.5745192307692307 0.10817307692307693 0.09014423076923077
0 0.8858173076923077 0.4483173076923077 0.10817307692307693 0.09014423076923077
0 0.8100961538461539 0.4651442307692308 0.10817307692307693 0.09014423076923077
0 0.7463942307692307 0.5564903846153846 0.10817307692307693 0.09014423076923077
0 0.7235576923076923 0.43990384615384615 0.10817307692307693 0.09014423076923077
0 0.6262019230769231 0.43990384615384615 0.10817307692307693 0.09014423076923077
0 0.5997596153846154 0.5865384615384616 0.10817307692307693 0.09014423076923077
0 0.5 0.5817307692307693 0.10817307692307693 0.09014423076923077
0 0.42427884615384615 0.6742788461538461 0.10817307692307693 0.09014423076923077
0 0.2704326923076923 0.6862980769230769 0.10817307692307693 0.09014423076923077
0 0.20432692307692307 0.6117788461538461 0.10817307692307693 0.09014423076923077
0 0.30649038461538464 0.5 0.10817307692307693 0.09014423076923077
0 0.5276442307692307 0.4266826923076923 0.10817307692307693 0.09014423076923077
0 0.4723557692307692 0.37259615384615385 0.10817307692307693 0.09014423076923077
0 0.41346153846153844 0.2956730769230769 0.10817307692307693 0.09014423076923077
0 0.40024038461538464 0.3605769230769231 0.10817307692307693 0.09014423076923077
0 0.328125 0.3918269230769231 0.10817307692307693 0.09014423076923077
0 0.1814903846153846 0.3137019230769231 0.10817307692307693 0.09014423076923077
0 0.14783653846153846 0.44350961538461536 0.10817307692307693 0.09014423076923077