0 0.1622596153846154 0.0889423076923077 0.052884615384615384 0.052884615384615384
0 0.13701923076923078 0.12740384615384615 0.052884615384615384 0.052884615384615384
0 0.22115384615384615 0.125 0.052884615384615384 0.052884615384615384
0 0.15865384615384615 0.18629807692307693 0.052884615384615384 0.052884615384615384
0 0.15865384615384615 0.21634615384615385 0.052884615384615384 0.052884615384615384
0 0.3016826923076923 0.3713942307692308 0.052884615384615384 0.052884615384615384
0 0.33653846153846156 0.38341346153846156 0.052884615384615384 0.052884615384615384
0 0.375 0.41947115384615385 0.052884615384615384 0.052884615384615384
0 0.41947115384615385 0.3485576923076923 0.052884615384615384 0.052884615384615384
0 0.40865384615384615 0.38822115384615385 0.052884615384615384 0.052884615384615384
0 0.4483173076923077 0.38341346153846156 0.052884615384615384 0.052884615384615384
0 0.4795673076923077 0.3918269230769231 0.052884615384615384 0.052884615384615384
0 0.5084134615384616 0.4206730769230769 0.052884615384615384 0.052884615384615384
0 0.453125 0.5144230769230769 0.052884615384615384 0.052884615384615384
0 0.47115384615384615 0.5204326923076923 0.052884615384615384 0.052884615384615384
0 0.5192307692307693 0.5384615384615384 0.052884615384615384 0.052884615384615384
0 0.4807692307692308 0.6009615384615384 0.052884615384615384 0.052884615384615384
0 0.5492788461538461 0.6057692307692307 0.052884615384615384 0.052884615384615384
0 0.5564903846153846 0.5288461538461539 0.052884615384615384 0.052884615384615384
0 0.5865384615384616 0.5420673076923077 0.052884615384615384 0.052884615384615384
0 0.6502403846153846 0.5600961538461539 0.052884615384615384 0.052884615384615384
0 0.7199519230769231 0.5913461538461539 0.052884615384615384 0.052884615384615384
0 0.7247596153846154 0.7211538461538461 0.052884615384615384 0.052884615384615384
0 0.7584134615384616 0.6959134615384616 0.052884615384615384 0.052884615384615384
0 0.8052884615384616 0.6923076923076923 0.052884615384615384 0.052884615384615384
0 0.8245192307692307 0.7211538461538461 0.052884615384615384 0.052884615384615384
0 0.8485576923076923 0.7752403846153846 0.052884615384615384 0.052884615384615384
0 0.7908653846153846 0.7536057692307693 0.052884615384615384 0.052884615384615384
0 0.9110576923076923 0.7740384615384616 0.052884615384615384 0.052884615384615384
0 0.828125 0.8389423076923077 0.052884615384615384 0.052884615384615384
0 0.8846153846153846 0.9375 0.052884615384615384 0.052884615384615384
0 0.9266826923076923 0.9495192307692307 0.052884615384615384 0.052884615384615384