0 0.8990384615384616 0.8990384615384616 0.052884615384615384 0.052884615384615384
0 0.8557692307692307 0.9747596153846154 0.052884615384615384 0.05048076923076923
0 0.7992788461538461 0.9567307692307693 0.052884615384615384 0.052884615384615384
0 0.8149038461538461 0.7776442307692307 0.052884615384615384 0.052884615384615384
0 0.7884615384615384 0.7536057692307693 0.052884615384615384 0.052884615384615384
0 0.7367788461538461 0.8677884615384616 0.052884615384615384 0.052884615384615384
0 0.7067307692307693 0.8473557692307693 0.052884615384615384 0.052884615384615384
0 0.71875 0.7848557692307693 0.052884615384615384 0.052884615384615384
0 0.7704326923076923 0.7271634615384616 0.052884615384615384 0.052884615384615384
0 0.7091346153846154 0.6802884615384616 0.052884615384615384 0.052884615384615384
0 0.5841346153846154 0.7103365384615384 0.052884615384615384 0.052884615384615384
0 0.6862980769230769 0.6009615384615384 0.052884615384615384 0.052884615384615384
0 0.5600961538461539 0.6646634615384616 0.052884615384615384 0.052884615384615384
0 0.5817307692307693 0.6322115384615384 0.052884615384615384 0.052884615384615384
0 0.6165865384615384 0.5985576923076923 0.052884615384615384 0.052884615384615384
0 0.5865384615384616 0.5384615384615384 0.052884615384615384 0.052884615384615384
0 0.49399038461538464 0.6778846153846154 0.052884615384615384 0.052884615384615384
0 0.49399038461538464 0.5588942307692307 0.052884615384615384 0.052884615384615384
0 0.4567307692307692 0.5504807692307693 0.052884615384615384 0.052884615384615384
0 0.5060096153846154 0.4831730769230769 0.052884615384615384 0.052884615384615384
0 0.49278846153846156 0.4495192307692308 0.052884615384615384 0.052884615384615384
0 0.4411057692307692 0.4567307692307692 0.052884615384615384 0.052884615384615384
0 0.32572115384615385 0.5120192307692307 0.052884615384615384 0.052884615384615384
0 0.31850961538461536 0.4519230769230769 0.052884615384615384 0.052884615384615384
0 0.3737980769230769 0.3641826923076923 0.052884615384615384 0.052884615384615384
0 0.2932692307692308 0.38221153846153844 0.052884615384615384 0.052884615384615384
0 0.36778846153846156 0.2776442307692308 0.052884615384615384 0.052884615384615384
0 0.26322115384615385 0.3245192307692308 0.052884615384615384 0.052884615384615384
0 0.33413461538461536 0.22596153846153846 0.052884615384615384 0.052884615384615384
0 0.29927884615384615 0.19831730769230768 0.052884615384615384 0.052884615384615384
0 0.23677884615384615 0.21153846153846154 0.052884615384615384 0.052884615384615384
0 0.2860576923076923 0.12259615384615384 0.052884615384615384 0.052884615384615384
0 0.2283653846153846 0.14423076923076922 0.052884615384615384 0.052884615384615384
0 0.3125 0.13701923076923078 0.052884615384615384 0.052884615384615384
0 0.18028846153846154 0.054086538461538464 0.052884615384615384 0.052884615384615384
0 0.03485576923076923 0.042067307692307696 0.052884615384615384 0.052884615384615384
0 0.15985576923076922 0.11778846153846154 0.052884615384615384 0.052884615384615384
0 0.8257211538461539 0.8353365384615384 0.052884615384615384 0.052884615384615384
0 0.5336538461538461 0.5360576923076923 0.052884615384615384 0.052884615384615384
0 0.40625 0.3786057692307692 0.052884615384615384 0.052884615384615384
0 0.4254807692307692 0.43509615384615385 0.052884615384615384 0.052884615384615384
0 0.3894230769230769 0.5204326923076923 0.052884615384615384 0.052884615384615384
0 0.20552884615384615 0.27163461538461536 0.052884615384615384 0.052884615384615384