0 0.6742788461538461 0.09134615384615384 0.052884615384615384 0.052884615384615384
0 0.7692307692307693 0.10336538461538461 0.052884615384615384 0.052884615384615384
0 0.7283653846153846 0.18269230769230768 0.052884615384615384 0.052884615384615384
0 0.6213942307692307 0.4110576923076923 0.052884615384615384 0.052884615384615384
0 0.7079326923076923 0.49038461538461536 0.052884615384615384 0.052884615384615384
0 0.6646634615384616 0.48197115384615385 0.052884615384615384 0.052884615384615384
0 0.6538461538461539 0.5204326923076923 0.052884615384615384 0.052884615384615384
0 0.6634615384615384 0.5697115384615384 0.052884615384615384 0.052884615384615384
0 0.6117788461538461 0.5961538461538461 0.052884615384615384 0.052884615384615384
0 0.5492788461538461 0.5997596153846154 0.052884615384615384 0.052884615384615384
0 0.49759615384615385 0.6850961538461539 0.052884615384615384 0.052884615384615384
0 0.4338942307692308 0.7103365384615384 0.052884615384615384 0.052884615384615384
0 0.39302884615384615 0.6995192307692307 0.052884615384615384 0.052884615384615384
0 0.40024038461538464 0.7560096153846154 0.052884615384615384 0.052884615384615384
0 0.33653846153846156 0.7560096153846154 0.052884615384615384 0.052884615384615384
0 0.34134615384615385 0.8016826923076923 0.052884615384615384 0.052884615384615384
0 0.36778846153846156 0.8173076923076923 0.052884615384615384 0.052884615384615384
0 0.31971153846153844 0.8497596153846154 0.052884615384615384 0.052884615384615384
0 0.30528846153846156 0.8737980769230769 0.052884615384615384 0.052884615384615384
0 0.30528846153846156 0.8161057692307693 0.052884615384615384 0.052884615384615384
0 0.26322115384615385 0.8473557692307693 0.052884615384615384 0.052884615384615384
0 0.22115384615384615 0.9399038461538461 0.052884615384615384 0.052884615384615384