0 0.17548076923076922 0.125 0.052884615384615384 0.052884615384615384
0 0.3425480769230769 0.09495192307692307 0.052884615384615384 0.052884615384615384
0 0.42427884615384615 0.11538461538461539 0.052884615384615384 0.052884615384615384
0 0.39302884615384615 0.28725961538461536 0.052884615384615384 0.052884615384615384
0 0.4411057692307692 0.3389423076923077 0.052884615384615384 0.052884615384615384
0 0.5276442307692307 0.35216346153846156 0.052884615384615384 0.052884615384615384
0 0.5504807692307693 0.3317307692307692 0.052884615384615384 0.052884615384615384
0 0.5600961538461539 0.27884615384615385 0.052884615384615384 0.052884615384615384
0 0.5997596153846154 0.2980769230769231 0.052884615384615384 0.052884615384615384
0 0.6538461538461539 0.32572115384615385 0.052884615384615384 0.052884615384615384
0 0.7740384615384616 0.23317307692307693 0.052884615384615384 0.052884615384615384
0 0.6862980769230769 0.33653846153846156 0.052884615384615384 0.052884615384615384
0 0.7103365384615384 0.23677884615384615 0.052884615384615384 0.052884615384615384
0 0.1201923076923077 0.27403846153846156 0.052884615384615384 0.052884615384615384
0 0.20793269230769232 0.22596153846153846 0.052884615384615384 0.052884615384615384
0 0.27403846153846156 0.22956730769230768 0.052884615384615384 0.052884615384615384
0 0.22716346153846154 0.2956730769230769 0.052884615384615384 0.052884615384615384
0 0.25721153846153844 0.33653846153846156 0.052884615384615384 0.052884615384615384
0 0.3293269230769231 0.3641826923076923 0.052884615384615384 0.052884615384615384
0 0.2620192307692308 0.36778846153846156 0.052884615384615384 0.052884615384615384
0 0.3894230769230769 0.3858173076923077 0.052884615384615384 0.052884615384615384
0 0.2980769230769231 0.4543269230769231 0.052884615384615384 0.052884615384615384
0 0.36177884615384615 0.5084134615384616 0.052884615384615384 0.052884615384615384
0 0.39302884615384615 0.5336538461538461 0.052884615384615384 0.052884615384615384
0 0.4963942307692308 0.5552884615384616 0.052884615384615384 0.052884615384615384
0 0.45913461538461536 0.6790865384615384 0.052884615384615384 0.052884615384615384
0 0.5889423076923077 0.6081730769230769 0.052884615384615384 0.052884615384615384
0 0.5576923076923077 0.6574519230769231 0.052884615384615384 0.052884615384615384
0 0.5180288461538461 0.7067307692307693 0.052884615384615384 0.052884615384615384
0 0.6538461538461539 0.7415865384615384 0.052884615384615384 0.052884615384615384