0 0.19110576923076922 0.9591346153846154 0.052884615384615384 0.052884615384615384
0 0.15865384615384615 0.7127403846153846 0.052884615384615384 0.052884615384615384
0 0.12740384615384615 0.6189903846153846 0.052884615384615384 0.052884615384615384
0 0.22956730769230768 0.6213942307692307 0.052884615384615384 0.052884615384615384
0 0.19591346153846154 0.6117788461538461 0.052884615384615384 0.052884615384615384
0 0.21634615384615385 0.5805288461538461 0.052884615384615384 0.052884615384615384
0 0.11658653846153846 0.5360576923076923 0.052884615384615384 0.052884615384615384
0 0.21995192307692307 0.5288461538461539 0.052884615384615384 0.052884615384615384
0 0.18028846153846154 0.48197115384615385 0.052884615384615384 0.052884615384615384
0 0.21153846153846154 0.47115384615384615 0.052884615384615384 0.052884615384615384
0 0.22355769230769232 0.4362980769230769 0.052884615384615384 0.052884615384615384
0 0.21995192307692307 0.3701923076923077 0.052884615384615384 0.052884615384615384
0 0.16826923076923078 0.2860576923076923 0.052884615384615384 0.052884615384615384
0 0.203125 0.25841346153846156 0.052884615384615384 0.052884615384615384
0 0.15264423076923078 0.1502403846153846 0.052884615384615384 0.052884615384615384
0 0.1778846153846154 0.14903846153846154 0.052884615384615384 0.052884615384615384
0 0.09254807692307693 0.10096153846153846 0.052884615384615384 0.052884615384615384
0 0.09495192307692307 0.03245192307692308 0.052884615384615384 0.052884615384615384
0 0.046875 0.021634615384615384 0.052884615384615384 0.04326923076923077
0 0.18269230769230768 0.6382211538461539 0.052884615384615384 0.052884615384615384
0 0.27283653846153844 0.8257211538461539 0.052884615384615384 0.052884615384615384
0 0.3317307692307692 0.9038461538461539 0.052884615384615384 0.052884615384615384
0 0.3245192307692308 0.8125 0.052884615384615384 0.052884615384615384
0 0.33052884615384615 0.7632211538461539 0.052884615384615384 0.052884615384615384
0 0.35216346153846156 0.6875 0.052884615384615384 0.052884615384615384
0 0.4014423076923077 0.6670673076923077 0.052884615384615384 0.052884615384615384
0 0.40625 0.5805288461538461 0.052884615384615384 0.052884615384615384
0 0.4326923076923077 0.5709134615384616 0.052884615384615384 0.052884615384615384
0 0.41346153846153844 0.47836538461538464 0.052884615384615384 0.052884615384615384
0 0.4723557692307692 0.5444711538461539 0.052884615384615384 0.052884615384615384
0 0.5024038461538461 0.5288461538461539 0.052884615384615384 0.052884615384615384
0 0.5204326923076923 0.47115384615384615 0.052884615384615384 0.052884615384615384
0 0.45072115384615385 0.4543269230769231 0.052884615384615384 0.052884615384615384
0 0.4206730769230769 0.34134615384615385 0.052884615384615384 0.052884615384615384
0 0.42908653846153844 0.28125 0.052884615384615384 0.052884615384615384
0 0.46153846153846156 0.3485576923076923 0.052884615384615384 0.052884615384615384
0 0.5288461538461539 0.359375 0.052884615384615384 0.052884615384615384
0 0.5132211538461539 0.31850961538461536 0.052884615384615384 0.052884615384615384
0 0.47596153846153844 0.27163461538461536 0.052884615384615384 0.052884615384615384
0 0.5348557692307693 0.25240384615384615 0.052884615384615384 0.052884615384615384
0 0.4675480769230769 0.20552884615384615 0.052884615384615384 0.052884615384615384
0 0.6117788461538461 0.16466346153846154 0.052884615384615384 0.052884615384615384
0 0.6129807692307693 0.10817307692307693 0.052884615384615384 0.052884615384615384
0 0.43028846153846156 0.8185096153846154 0.052884615384615384 0.052884615384615384
0 0.44471153846153844 0.7764423076923077 0.052884615384615384 0.052884615384615384
0 0.484375 0.7776442307692307 0.052884615384615384 0.052884615384615384
0 0.4951923076923077 0.7463942307692307 0.052884615384615384 0.052884615384615384
0 0.5264423076923077 0.7115384615384616 0.052884615384615384 0.052884615384615384
0 0.5733173076923077 0.7151442307692307 0.052884615384615384 0.052884615384615384
0 0.5865384615384616 0.6706730769230769 0.052884615384615384 0.052884615384615384
0 0.4963942307692308 0.6790865384615384 0.052884615384615384 0.052884615384615384
0 0.46033653846153844 0.640625 0.052884615384615384 0.052884615384615384
0 0.5240384615384616 0.5925480769230769 0.052884615384615384 0.052884615384615384
0 0.5673076923076923 0.5853365384615384 0.052884615384615384 0.052884615384615384
0 0.6346153846153846 0.5637019230769231 0.052884615384615384 0.052884615384615384
0 0.6814903846153846 0.6310096153846154 0.052884615384615384 0.052884615384615384
0 0.71875 0.5685096153846154 0.052884615384615384 0.052884615384615384
0 0.75 0.6057692307692307 0.052884615384615384 0.052884615384615384
0 0.7884615384615384 0.6153846153846154 0.052884615384615384 0.052884615384615384
0 0.8870192307692307 0.5036057692307693 0.052884615384615384 0.052884615384615384
0 0.8882211538461539 0.5564903846153846 0.052884615384615384 0.052884615384615384
0 0.9579326923076923 0.5480769230769231 0.052884615384615384 0.052884615384615384