0 0.3629807692307692 0.16466346153846154 0.056490384615384616 0.056490384615384616
0 0.2512019230769231 0.27884615384615385 0.056490384615384616 0.056490384615384616
0 0.23197115384615385 0.31850961538461536 0.056490384615384616 0.056490384615384616
0 0.21634615384615385 0.3389423076923077 0.056490384615384616 0.056490384615384616
0 0.23798076923076922 0.38221153846153844 0.056490384615384616 0.056490384615384616
0 0.31850961538461536 0.3954326923076923 0.056490384615384616 0.056490384615384616
0 0.3088942307692308 0.3293269230769231 0.056490384615384616 0.056490384615384616
0 0.27884615384615385 0.30288461538461536 0.056490384615384616 0.056490384615384616
0 0.41586538461538464 0.2956730769230769 0.056490384615384616 0.056490384615384616
0 0.453125 0.35336538461538464 0.056490384615384616 0.056490384615384616
0 0.4879807692307692 0.4014423076923077 0.056490384615384616 0.056490384615384616
0 0.453125 0.4639423076923077 0.056490384615384616 0.056490384615384616
0 0.5384615384615384 0.4723557692307692 0.056490384615384616 0.056490384615384616
0 0.48197115384615385 0.49759615384615385 0.056490384615384616 0.056490384615384616
0 0.5793269230769231 0.4735576923076923 0.056490384615384616 0.056490384615384616
0 0.4963942307692308 0.5673076923076923 0.056490384615384616 0.056490384615384616
0 0.5228365384615384 0.5817307692307693 0.056490384615384616 0.056490384615384616
0 0.59375 0.5709134615384616 0.056490384615384616 0.056490384615384616
0 0.6213942307692307 0.6838942307692307 0.056490384615384616 0.056490384615384616
0 0.5697115384615384 0.7271634615384616 0.056490384615384616 0.056490384615384616
0 0.5721153846153846 0.7932692307692307 0.056490384615384616 0.056490384615384616
0 0.6129807692307693 0.8665865384615384 0.056490384615384616 0.056490384615384616
0 0.6586538461538461 0.8521634615384616 0.056490384615384616 0.056490384615384616
0 0.6947115384615384 0.78125 0.056490384615384616 0.056490384615384616
0 0.7632211538461539 0.7632211538461539 0.056490384615384616 0.056490384615384616