0 0.8653846153846154 0.9302884615384616 0.052884615384615384 0.052884615384615384
0 0.8365384615384616 0.8990384615384616 0.052884615384615384 0.052884615384615384
0 0.8137019230769231 0.8629807692307693 0.052884615384615384 0.052884615384615384
0 0.7199519230769231 0.9134615384615384 0.052884615384615384 0.052884615384615384
0 0.7283653846153846 0.8713942307692307 0.052884615384615384 0.052884615384615384
0 0.6971153846153846 0.8509615384615384 0.052884615384615384 0.052884615384615384
0 0.7391826923076923 0.8449519230769231 0.052884615384615384 0.052884615384615384
0 0.7536057692307693 0.8173076923076923 0.052884615384615384 0.052884615384615384
0 0.7211538461538461 0.8004807692307693 0.052884615384615384 0.052884615384615384
0 0.6742788461538461 0.7776442307692307 0.052884615384615384 0.052884615384615384
0 0.7283653846153846 0.7055288461538461 0.052884615384615384 0.052884615384615384
0 0.6394230769230769 0.7475961538461539 0.052884615384615384 0.052884615384615384
0 0.5889423076923077 0.7463942307692307 0.052884615384615384 0.052884615384615384
0 0.6947115384615384 0.671875 0.052884615384615384 0.052884615384615384
0 0.5901442307692307 0.7007211538461539 0.052884615384615384 0.052884615384615384
0 0.6887019230769231 0.6382211538461539 0.052884615384615384 0.052884615384615384
0 0.703125 0.6117788461538461 0.052884615384615384 0.052884615384615384
0 0.5673076923076923 0.6706730769230769 0.052884615384615384 0.052884615384615384
0 0.6370192307692307 0.5865384615384616 0.052884615384615384 0.052884615384615384
0 0.5805288461538461 0.6225961538461539 0.052884615384615384 0.052884615384615384
0 0.5600961538461539 0.5288461538461539 0.052884615384615384 0.052884615384615384
0 0.49278846153846156 0.5745192307692307 0.052884615384615384 0.052884615384615384
0 0.5288461538461539 0.5204326923076923 0.052884615384615384 0.052884615384615384
0 0.4387019230769231 0.5564903846153846 0.052884615384615384 0.052884615384615384
0 0.4098557692307692 0.5144230769230769 0.052884615384615384 0.052884615384615384
0 0.48197115384615385 0.47475961538461536 0.052884615384615384 0.052884615384615384
0 0.48677884615384615 0.3918269230769231 0.052884615384615384 0.052884615384615384
0 0.375 0.4579326923076923 0.052884615384615384 0.052884615384615384
0 0.39302884615384615 0.4266826923076923 0.052884615384615384 0.052884615384615384
0 0.421875 0.4014423076923077 0.052884615384615384 0.052884615384615384
0 0.4014423076923077 0.3762019230769231 0.052884615384615384 0.052884615384615384
0 0.4098557692307692 0.33774038461538464 0.052884615384615384 0.052884615384615384
0 0.38822115384615385 0.31009615384615385 0.052884615384615384 0.052884615384615384
0 0.375 0.2620192307692308 0.052884615384615384 0.052884615384615384
0 0.35336538461538464 0.27403846153846156 0.052884615384615384 0.052884615384615384
0 0.38221153846153844 0.23076923076923078 0.052884615384615384 0.052884615384615384
0 0.2776442307692308 0.26322115384615385 0.052884615384615384 0.052884615384615384
0 0.33653846153846156 0.20673076923076922 0.052884615384615384 0.052884615384615384
0 0.29447115384615385 0.21995192307692307 0.052884615384615384 0.052884615384615384
0 0.234375 0.18990384615384615 0.052884615384615384 0.052884615384615384
0 0.2620192307692308 0.12139423076923077 0.052884615384615384 0.052884615384615384
0 0.23918269230769232 0.08774038461538461 0.052884615384615384 0.052884615384615384
0 0.2127403846153846 0.1141826923076923 0.052884615384615384 0.052884615384615384
0 0.17908653846153846 0.09615384615384616 0.052884615384615384 0.052884615384615384
0 0.171875 0.14903846153846154 0.052884615384615384 0.052884615384615384
0 0.09735576923076923 0.17427884615384615 0.052884615384615384 0.052884615384615384
0 0.10336538461538461 0.02283653846153846 0.052884615384615384 0.04447115384615385