0 0.28725961538461536 0.19471153846153846 0.052884615384615384 0.052884615384615384
0 0.3016826923076923 0.25961538461538464 0.052884615384615384 0.052884615384615384
0 0.29447115384615385 0.29927884615384615 0.052884615384615384 0.052884615384615384
0 0.3401442307692308 0.2776442307692308 0.052884615384615384 0.052884615384615384
0 0.36899038461538464 0.2776442307692308 0.052884615384615384 0.052884615384615384
0 0.38100961538461536 0.3161057692307692 0.052884615384615384 0.052884615384615384
0 0.42427884615384615 0.38100961538461536 0.052884615384615384 0.052884615384615384
0 0.34975961538461536 0.46153846153846156 0.052884615384615384 0.052884615384615384
0 0.39903846153846156 0.45913461538461536 0.052884615384615384 0.052884615384615384
0 0.4735576923076923 0.5036057692307693 0.052884615384615384 0.052884615384615384
0 0.43990384615384615 0.6274038461538461 0.052884615384615384 0.052884615384615384
0 0.4206730769230769 0.6382211538461539 0.052884615384615384 0.052884615384615384
0 0.3786057692307692 0.65625 0.052884615384615384 0.052884615384615384
0 0.4483173076923077 0.6971153846153846 0.052884615384615384 0.052884615384615384
0 0.3762019230769231 0.703125 0.052884615384615384 0.052884615384615384
0 0.4411057692307692 0.7487980769230769 0.052884615384615384 0.052884615384615384
0 0.375 0.7475961538461539 0.052884615384615384 0.052884615384615384
0 0.38341346153846156 0.8822115384615384 0.052884615384615384 0.052884615384615384
0 0.4579326923076923 0.8774038461538461 0.052884615384615384 0.052884615384615384
0 0.4795673076923077 0.9375 0.052884615384615384 0.052884615384615384