0 0.4326923076923077 0.859375 0.052884615384615384 0.052884615384615384
0 0.48197115384615385 0.8341346153846154 0.052884615384615384 0.052884615384615384
0 0.5324519230769231 0.8004807692307693 0.052884615384615384 0.052884615384615384
0 0.5841346153846154 0.8173076923076923 0.052884615384615384 0.052884615384615384
0 0.6622596153846154 0.7920673076923077 0.052884615384615384 0.052884615384615384
0 0.7043269230769231 0.7319711538461539 0.052884615384615384 0.052884615384615384
0 0.6262019230769231 0.6899038461538461 0.052884615384615384 0.052884615384615384
0 0.6766826923076923 0.6766826923076923 0.052884615384615384 0.052884615384615384
0 0.7007211538461539 0.6189903846153846 0.052884615384615384 0.052884615384615384
0 0.75 0.6911057692307693 0.052884615384615384 0.052884615384615384
0 0.8137019230769231 0.6382211538461539 0.052884615384615384 0.052884615384615384
0 0.8389423076923077 0.6670673076923077 0.052884615384615384 0.052884615384615384
0 0.8257211538461539 0.6069711538461539 0.052884615384615384 0.052884615384615384
0 0.8822115384615384 0.6382211538461539 0.052884615384615384 0.052884615384615384
0 0.7800480769230769 0.5673076923076923 0.052884615384615384 0.052884615384615384
0 0.8137019230769231 0.5132211538461539 0.052884615384615384 0.052884615384615384
0 0.734375 0.48677884615384615 0.052884615384615384 0.052884615384615384
0 0.8365384615384616 0.4266826923076923 0.052884615384615384 0.052884615384615384
0 0.8149038461538461 0.3329326923076923 0.052884615384615384 0.052884615384615384
0 0.8088942307692307 0.2764423076923077 0.052884615384615384 0.052884615384615384
0 0.8990384615384616 0.31490384615384615 0.052884615384615384 0.052884615384615384
0 0.8665865384615384 0.20552884615384615 0.052884615384615384 0.052884615384615384
0 0.8461538461538461 0.16346153846153846 0.052884615384615384 0.052884615384615384
0 0.9350961538461539 0.11177884615384616 0.052884615384615384 0.052884615384615384
0 0.36177884615384615 0.7692307692307693 0.052884615384615384 0.052884615384615384
0 0.3125 0.7944711538461539 0.052884615384615384 0.052884615384615384
0 0.31971153846153844 0.7331730769230769 0.052884615384615384 0.052884615384615384
0 0.3245192307692308 0.6983173076923077 0.052884615384615384 0.052884615384615384
0 0.29086538461538464 0.7259615384615384 0.052884615384615384 0.052884615384615384
0 0.2620192307692308 0.6959134615384616 0.052884615384615384 0.052884615384615384
0 0.21634615384615385 0.7644230769230769 0.052884615384615384 0.052884615384615384
0 0.19230769230769232 0.75 0.052884615384615384 0.052884615384615384
0 0.234375 0.6778846153846154 0.052884615384615384 0.052884615384615384
0 0.33052884615384615 0.6310096153846154 0.052884615384615384 0.052884615384615384
0 0.31971153846153844 0.6069711538461539 0.052884615384615384 0.052884615384615384
0 0.27884615384615385 0.5288461538461539 0.052884615384615384 0.052884615384615384
0 0.23197115384615385 0.5288461538461539 0.052884615384615384 0.052884615384615384
0 0.3762019230769231 0.5204326923076923 0.052884615384615384 0.052884615384615384
0 0.35096153846153844 0.46033653846153844 0.052884615384615384 0.052884615384615384
0 0.44711538461538464 0.43028846153846156 0.052884615384615384 0.052884615384615384
0 0.38221153846153844 0.3737980769230769 0.052884615384615384 0.052884615384615384