0 0.8221153846153846 0.9615384615384616 0.052884615384615384 0.052884615384615384
0 0.8413461538461539 0.9074519230769231 0.052884615384615384 0.052884615384615384
0 0.8125 0.8762019230769231 0.052884615384615384 0.052884615384615384
0 0.7896634615384616 0.8401442307692307 0.052884615384615384 0.052884615384615384
0 0.6959134615384616 0.890625 0.052884615384615384 0.052884615384615384
0 0.7055288461538461 0.8473557692307693 0.052884615384615384 0.052884615384615384
0 0.6742788461538461 0.8269230769230769 0.052884615384615384 0.052884615384615384
0 0.7163461538461539 0.8209134615384616 0.052884615384615384 0.052884615384615384
0 0.7307692307692307 0.7944711538461539 0.052884615384615384 0.052884615384615384
0 0.6971153846153846 0.7776442307692307 0.052884615384615384 0.052884615384615384
0 0.6502403846153846 0.7536057692307693 0.052884615384615384 0.052884615384615384
0 0.6995192307692307 0.6778846153846154 0.052884615384615384 0.052884615384615384
0 0.6165865384615384 0.7235576923076923 0.052884615384615384 0.052884615384615384
0 0.5649038461538461 0.7223557692307693 0.052884615384615384 0.052884615384615384
0 0.6706730769230769 0.6490384615384616 0.052884615384615384 0.052884615384615384
0 0.5661057692307693 0.6778846153846154 0.052884615384615384 0.052884615384615384
0 0.6646634615384616 0.6141826923076923 0.052884615384615384 0.052884615384615384
0 0.6802884615384616 0.5877403846153846 0.052884615384615384 0.052884615384615384
0 0.5444711538461539 0.6478365384615384 0.052884615384615384 0.052884615384615384
0 0.6129807692307693 0.5625 0.052884615384615384 0.052884615384615384
0 0.5564903846153846 0.5985576923076923 0.052884615384615384 0.052884615384615384
0 0.5372596153846154 0.5048076923076923 0.052884615384615384 0.052884615384615384
0 0.46875 0.5504807692307693 0.052884615384615384 0.052884615384615384
0 0.5060096153846154 0.49759615384615385 0.052884615384615384 0.052884615384615384
0 0.41466346153846156 0.5336538461538461 0.052884615384615384 0.052884615384615384
0 0.3870192307692308 0.49158653846153844 0.052884615384615384 0.052884615384615384
0 0.4579326923076923 0.45072115384615385 0.052884615384615384 0.052884615384615384
0 0.46153846153846156 0.3737980769230769 0.052884615384615384 0.052884615384615384
0 0.35096153846153844 0.43509615384615385 0.052884615384615384 0.052884615384615384
0 0.3701923076923077 0.40384615384615385 0.052884615384615384 0.052884615384615384
0 0.39903846153846156 0.37740384615384615 0.052884615384615384 0.052884615384615384
0 0.37740384615384615 0.35216346153846156 0.052884615384615384 0.052884615384615384
0 0.3870192307692308 0.31490384615384615 0.052884615384615384 0.052884615384615384
0 0.36538461538461536 0.28725961538461536 0.052884615384615384 0.052884615384615384
0 0.35096153846153844 0.23798076923076922 0.052884615384615384 0.052884615384615384
0 0.33052884615384615 0.25 0.052884615384615384 0.052884615384615384
0 0.359375 0.20673076923076922 0.052884615384615384 0.052884615384615384
0 0.2536057692307692 0.23918269230769232 0.052884615384615384 0.052884615384615384
0 0.3125 0.18389423076923078 0.052884615384615384 0.052884615384615384
0 0.26322115384615385 0.20072115384615385 0.052884615384615384 0.052884615384615384
0 0.21153846153846154 0.16706730769230768 0.052884615384615384 0.052884615384615384
0 0.23798076923076922 0.09735576923076923 0.052884615384615384 0.052884615384615384
0 0.21634615384615385 0.06490384615384616 0.052884615384615384 0.052884615384615384
0 0.18990384615384615 0.09134615384615384 0.052884615384615384 0.052884615384615384
0 0.15504807692307693 0.07211538461538461 0.052884615384615384 0.052884615384615384
0 0.14903846153846154 0.12620192307692307 0.052884615384615384 0.052884615384615384
0 0.06971153846153846 0.15745192307692307 0.052884615384615384 0.052884615384615384
0 0.08774038461538461 0.02403846153846154 0.052884615384615384 0.046875