0 0.7235576923076923 0.06009615384615385 0.052884615384615384 0.052884615384615384
0 0.7091346153846154 0.14543269230769232 0.052884615384615384 0.052884615384615384
0 0.6610576923076923 0.3894230769230769 0.052884615384615384 0.052884615384615384
0 0.6358173076923077 0.5504807692307693 0.052884615384615384 0.052884615384615384
0 0.7115384615384616 0.5829326923076923 0.052884615384615384 0.052884615384615384
0 0.7331730769230769 0.6069711538461539 0.052884615384615384 0.052884615384615384
0 0.6838942307692307 0.6995192307692307 0.052884615384615384 0.052884615384615384
0 0.6526442307692307 0.7319711538461539 0.052884615384615384 0.052884615384615384
0 0.7632211538461539 0.6983173076923077 0.052884615384615384 0.052884615384615384
0 0.6622596153846154 0.7740384615384616 0.052884615384615384 0.052884615384615384
0 0.6850961538461539 0.7788461538461539 0.052884615384615384 0.052884615384615384
0 0.71875 0.8509615384615384 0.052884615384615384 0.052884615384615384
0 0.40865384615384615 0.09615384615384616 0.052884615384615384 0.052884615384615384
0 0.35336538461538464 0.18389423076923078 0.052884615384615384 0.052884615384615384
0 0.29447115384615385 0.21875 0.052884615384615384 0.052884615384615384
0 0.13942307692307693 0.37740384615384615 0.052884615384615384 0.052884615384615384
0 0.1346153846153846 0.40024038461538464 0.052884615384615384 0.052884615384615384
0 0.10216346153846154 0.47716346153846156 0.052884615384615384 0.052884615384615384
0 0.13221153846153846 0.5072115384615384 0.052884615384615384 0.052884615384615384
0 0.052884615384615384 0.5060096153846154 0.052884615384615384 0.052884615384615384
0 0.37740384615384615 0.30528846153846156 0.052884615384615384 0.052884615384615384
0 0.46153846153846156 0.2980769230769231 0.052884615384615384 0.052884615384615384
0 0.47836538461538464 0.3713942307692308 0.052884615384615384 0.052884615384615384
0 0.40865384615384615 0.4050480769230769 0.052884615384615384 0.052884615384615384
0 0.3641826923076923 0.5420673076923077 0.052884615384615384 0.052884615384615384
0 0.3858173076923077 0.5889423076923077 0.052884615384615384 0.052884615384615384
0 0.41466346153846156 0.6165865384615384 0.052884615384615384 0.052884615384615384
0 0.3389423076923077 0.6370192307692307 0.052884615384615384 0.052884615384615384
0 0.35216346153846156 0.6766826923076923 0.052884615384615384 0.052884615384615384
0 0.41947115384615385 0.7007211538461539 0.052884615384615384 0.052884615384615384
0 0.4579326923076923 0.7427884615384616 0.052884615384615384 0.052884615384615384
0 0.41225961538461536 0.7367788461538461 0.052884615384615384 0.052884615384615384
0 0.34615384615384615 0.8100961538461539 0.052884615384615384 0.052884615384615384