0 0.9495192307692307 0.5913461538461539 0.09975961538461539 0.09014423076923077
0 0.8942307692307693 0.4651442307692308 0.10817307692307693 0.09014423076923077
0 0.8185096153846154 0.48197115384615385 0.10817307692307693 0.09014423076923077
0 0.7536057692307693 0.5733173076923077 0.10817307692307693 0.09014423076923077
0 0.7319711538461539 0.4567307692307692 0.10817307692307693 0.09014423076923077
0 0.6334134615384616 0.4567307692307692 0.10817307692307693 0.09014423076923077
0 0.6081730769230769 0.6033653846153846 0.10817307692307693 0.09014423076923077
0 0.5084134615384616 0.5985576923076923 0.10817307692307693 0.09014423076923077
0 0.43149038461538464 0.6911057692307693 0.10817307692307693 0.09014423076923077
0 0.2776442307692308 0.703125 0.10817307692307693 0.09014423076923077
0 0.21153846153846154 0.6274038461538461 0.10817307692307693 0.09014423076923077
0 0.3137019230769231 0.5168269230769231 0.10817307692307693 0.09014423076923077
0 0.5360576923076923 0.44350961538461536 0.10817307692307693 0.09014423076923077
0 0.4795673076923077 0.38822115384615385 0.10817307692307693 0.09014423076923077
0 0.421875 0.3125 0.10817307692307693 0.09014423076923077
0 0.4074519230769231 0.37740384615384615 0.10817307692307693 0.09014423076923077
0 0.33653846153846156 0.40865384615384615 0.10817307692307693 0.09014423076923077
0 0.18990384615384615 0.33052884615384615 0.10817307692307693 0.09014423076923077
0 0.15625 0.46033653846153844 0.10817307692307693 0.09014423076923077