0 0.9170673076923077 0.21033653846153846 0.052884615384615384 0.052884615384615384
0 0.8774038461538461 0.23677884615384615 0.052884615384615384 0.052884615384615384
0 0.8581730769230769 0.2956730769230769 0.052884615384615384 0.052884615384615384
0 0.9399038461538461 0.34134615384615385 0.052884615384615384 0.052884615384615384
0 0.8786057692307693 0.35336538461538464 0.052884615384615384 0.052884615384615384
0 0.8425480769230769 0.35096153846153844 0.052884615384615384 0.052884615384615384
0 0.7403846153846154 0.38461538461538464 0.052884615384615384 0.052884615384615384
0 0.9302884615384616 0.47115384615384615 0.052884615384615384 0.052884615384615384
0 0.8569711538461539 0.48197115384615385 0.052884615384615384 0.052884615384615384
0 0.78125 0.5600961538461539 0.052884615384615384 0.052884615384615384
0 0.8942307692307693 0.5949519230769231 0.052884615384615384 0.052884615384615384
0 0.90625 0.7091346153846154 0.052884615384615384 0.052884615384615384
0 0.8822115384615384 0.8149038461538461 0.052884615384615384 0.052884615384615384
0 0.8557692307692307 0.8617788461538461 0.052884615384615384 0.052884615384615384
0 0.7980769230769231 0.8846153846153846 0.052884615384615384 0.052884615384615384
0 0.78125 0.10697115384615384 0.052884615384615384 0.052884615384615384
0 0.8028846153846154 0.17307692307692307 0.052884615384615384 0.052884615384615384
0 0.7824519230769231 0.20072115384615385 0.052884615384615384 0.052884615384615384
0 0.75 0.21514423076923078 0.052884615384615384 0.052884615384615384
0 0.6814903846153846 0.15865384615384615 0.052884615384615384 0.052884615384615384
0 0.6959134615384616 0.26322115384615385 0.052884615384615384 0.052884615384615384
0 0.6514423076923077 0.2127403846153846 0.052884615384615384 0.052884615384615384
0 0.6334134615384616 0.2704326923076923 0.052884615384615384 0.052884615384615384
0 0.6069711538461539 0.29447115384615385 0.052884615384615384 0.052884615384615384
0 0.5408653846153846 0.24759615384615385 0.052884615384615384 0.052884615384615384
0 0.5192307692307693 0.27884615384615385 0.052884615384615384 0.052884615384615384
0 0.5492788461538461 0.34975961538461536 0.052884615384615384 0.052884615384615384
0 0.45072115384615385 0.35336538461538464 0.052884615384615384 0.052884615384615384
0 0.5012019230769231 0.38221153846153844 0.052884615384615384 0.052884615384615384
0 0.5288461538461539 0.43509615384615385 0.052884615384615384 0.052884615384615384
0 0.4951923076923077 0.41586538461538464 0.052884615384615384 0.052884615384615384
0 0.38822115384615385 0.41586538461538464 0.052884615384615384 0.052884615384615384
0 0.3701923076923077 0.4519230769230769 0.052884615384615384 0.052884615384615384
0 0.46634615384615385 0.515625 0.052884615384615384 0.052884615384615384
0 0.37259615384615385 0.5108173076923077 0.052884615384615384 0.052884615384615384
0 0.44471153846153844 0.5805288461538461 0.052884615384615384 0.052884615384615384
0 0.33413461538461536 0.5697115384615384 0.052884615384615384 0.052884615384615384
0 0.3870192307692308 0.6442307692307693 0.052884615384615384 0.052884615384615384
0 0.359375 0.6682692307692307 0.052884615384615384 0.052884615384615384
0 0.3557692307692308 0.6262019230769231 0.052884615384615384 0.052884615384615384
0 0.18389423076923078 0.7560096153846154 0.052884615384615384 0.052884615384615384
0 0.15384615384615385 0.8257211538461539 0.052884615384615384 0.052884615384615384
0 0.1310096153846154 0.7728365384615384 0.052884615384615384 0.052884615384615384
0 0.08413461538461539 0.7788461538461539 0.052884615384615384 0.052884615384615384
0 0.11298076923076923 0.8858173076923077 0.052884615384615384 0.052884615384615384
0 0.08774038461538461 0.9338942307692307 0.052884615384615384 0.052884615384615384
0 0.23798076923076922 0.7091346153846154 0.052884615384615384 0.052884615384615384
0 0.5817307692307693 0.1778846153846154 0.052884615384615384 0.052884615384615384
0 0.5180288461538461 0.18389423076923078 0.052884615384615384 0.052884615384615384
0 0.5180288461538461 0.09975961538461539 0.052884615384615384 0.052884615384615384
0 0.4110576923076923 0.17908653846153846 0.052884615384615384 0.052884615384615384
0 0.43028846153846156 0.11538461538461539 0.052884615384615384 0.052884615384615384
0 0.2848557692307692 0.11899038461538461 0.052884615384615384 0.052884615384615384
0 0.40625 0.7055288461538461 0.052884615384615384 0.052884615384615384
0 0.4110576923076923 0.7524038461538461 0.052884615384615384 0.052884615384615384
0 0.3713942307692308 0.7295673076923077 0.052884615384615384 0.052884615384615384
0 0.35697115384615385 0.8100961538461539 0.052884615384615384 0.052884615384615384