0 0.8798076923076923 0.25721153846153844 0.052884615384615384 0.052884615384615384
0 0.8569711538461539 0.3737980769230769 0.052884615384615384 0.052884615384615384
0 0.8401442307692307 0.29927884615384615 0.052884615384615384 0.052884615384615384
0 0.8473557692307693 0.22355769230769232 0.052884615384615384 0.052884615384615384
0 0.7680288461538461 0.31971153846153844 0.052884615384615384 0.052884615384615384
0 0.7740384615384616 0.29086538461538464 0.052884615384615384 0.052884615384615384
0 0.6502403846153846 0.26322115384615385 0.052884615384615384 0.052884615384615384
0 0.6899038461538461 0.24278846153846154 0.052884615384615384 0.052884615384615384
0 0.6875 0.18990384615384615 0.052884615384615384 0.052884615384615384
0 0.6742788461538461 0.09254807692307693 0.052884615384615384 0.052884615384615384
0 0.5649038461538461 0.1466346153846154 0.052884615384615384 0.052884615384615384
0 0.6081730769230769 0.04326923076923077 0.052884615384615384 0.052884615384615384
0 0.5600961538461539 0.06610576923076923 0.052884615384615384 0.052884615384615384
0 0.49038461538461536 0.05889423076923077 0.052884615384615384 0.052884615384615384
0 0.4483173076923077 0.08413461538461539 0.052884615384615384 0.052884615384615384
0 0.4723557692307692 0.109375 0.052884615384615384 0.052884615384615384
0 0.4963942307692308 0.12259615384615384 0.052884615384615384 0.052884615384615384
0 0.9278846153846154 0.4074519230769231 0.052884615384615384 0.052884615384615384
0 0.8990384615384616 0.43028846153846156 0.052884615384615384 0.052884615384615384
0 0.7475961538461539 0.4338942307692308 0.052884615384615384 0.052884615384615384
0 0.7872596153846154 0.4375 0.052884615384615384 0.052884615384615384
0 0.7896634615384616 0.48197115384615385 0.052884615384615384 0.052884615384615384
0 0.7596153846153846 0.515625 0.052884615384615384 0.052884615384615384
0 0.7175480769230769 0.5588942307692307 0.052884615384615384 0.052884615384615384
0 0.6802884615384616 0.5625 0.052884615384615384 0.052884615384615384
0 0.6634615384615384 0.640625 0.052884615384615384 0.052884615384615384
0 0.6610576923076923 0.6658653846153846 0.052884615384615384 0.052884615384615384
0 0.7764423076923077 0.6838942307692307 0.052884615384615384 0.052884615384615384
0 0.75 0.7115384615384616 0.052884615384615384 0.052884615384615384
0 0.7355769230769231 0.7475961538461539 0.052884615384615384 0.052884615384615384
0 0.6622596153846154 0.8990384615384616 0.052884615384615384 0.052884615384615384
0 0.5817307692307693 0.9567307692307693 0.052884615384615384 0.052884615384615384
0 0.6189903846153846 0.7211538461538461 0.052884615384615384 0.052884615384615384
0 0.5841346153846154 0.7776442307692307 0.052884615384615384 0.052884615384615384
0 0.5024038461538461 0.8245192307692307 0.052884615384615384 0.052884615384615384
0 0.42427884615384615 0.9387019230769231 0.052884615384615384 0.052884615384615384
0 0.38822115384615385 0.9338942307692307 0.052884615384615384 0.052884615384615384
0 0.37259615384615385 0.9723557692307693 0.052884615384615384 0.052884615384615384
0 0.41947115384615385 0.8161057692307693 0.052884615384615384 0.052884615384615384
0 0.359375 0.8197115384615384 0.052884615384615384 0.052884615384615384
0 0.3425480769230769 0.8545673076923077 0.052884615384615384 0.052884615384615384
0 0.33052884615384615 0.90625 0.052884615384615384 0.052884615384615384
0 0.26802884615384615 0.8413461538461539 0.052884615384615384 0.052884615384615384
0 0.24519230769230768 0.8401442307692307 0.052884615384615384 0.052884615384615384
0 0.15384615384615385 0.9206730769230769 0.052884615384615384 0.052884615384615384
0 0.125 0.8557692307692307 0.052884615384615384 0.052884615384615384
0 0.09615384615384616 0.8725961538461539 0.052884615384615384 0.052884615384615384
0 0.04447115384615385 0.8052884615384616 0.052884615384615384 0.052884615384615384
0 0.04447115384615385 0.8822115384615384 0.052884615384615384 0.052884615384615384
0 0.020432692307692308 0.8774038461538461 0.040865384615384616 0.052884615384615384