0 0.09615384615384616 0.021634615384615384 0.052884615384615384 0.04326923076923077
0 0.11899038461538461 0.04447115384615385 0.052884615384615384 0.052884615384615384
0 0.18870192307692307 0.06971153846153846 0.052884615384615384 0.052884615384615384
0 0.21754807692307693 0.0829326923076923 0.052884615384615384 0.052884615384615384
0 0.16706730769230768 0.11177884615384616 0.052884615384615384 0.052884615384615384
0 0.14423076923076922 0.1346153846153846 0.052884615384615384 0.052884615384615384
0 0.2608173076923077 0.1201923076923077 0.052884615384615384 0.052884615384615384
0 0.25240384615384615 0.15985576923076922 0.052884615384615384 0.052884615384615384
0 0.28846153846153844 0.17307692307692307 0.052884615384615384 0.052884615384615384
0 0.31971153846153844 0.20552884615384615 0.052884615384615384 0.052884615384615384
0 0.3112980769230769 0.14543269230769232 0.052884615384615384 0.052884615384615384
0 0.22716346153846154 0.1778846153846154 0.052884615384615384 0.052884615384615384
0 0.3473557692307692 0.2403846153846154 0.052884615384615384 0.052884615384615384
0 0.3786057692307692 0.234375 0.052884615384615384 0.052884615384615384
0 0.4170673076923077 0.171875 0.052884615384615384 0.052884615384615384
0 0.4110576923076923 0.28125 0.052884615384615384 0.052884615384615384
0 0.41466346153846156 0.3137019230769231 0.052884615384615384 0.052884615384615384
0 0.46153846153846156 0.3401442307692308 0.052884615384615384 0.052884615384615384
0 0.49158653846153844 0.28966346153846156 0.052884615384615384 0.052884615384615384
0 0.5 0.3401442307692308 0.052884615384615384 0.052884615384615384
0 0.5600961538461539 0.44471153846153844 0.052884615384615384 0.052884615384615384
0 0.5288461538461539 0.4879807692307692 0.052884615384615384 0.052884615384615384
0 0.6646634615384616 0.453125 0.052884615384615384 0.052884615384615384
0 0.6887019230769231 0.46153846153846156 0.052884615384615384 0.052884615384615384
0 0.6658653846153846 0.5612980769230769 0.052884615384615384 0.052884615384615384
0 0.6790865384615384 0.6526442307692307 0.052884615384615384 0.052884615384615384
0 0.7079326923076923 0.6658653846153846 0.052884615384615384 0.052884615384615384
0 0.7427884615384616 0.6838942307692307 0.052884615384615384 0.052884615384615384
0 0.7884615384615384 0.59375 0.052884615384615384 0.052884615384615384
0 0.8112980769230769 0.6009615384615384 0.052884615384615384 0.052884615384615384
0 0.8377403846153846 0.625 0.052884615384615384 0.052884615384615384
0 0.8149038461538461 0.7127403846153846 0.052884615384615384 0.052884615384615384
0 0.8942307692307693 0.734375 0.052884615384615384 0.052884615384615384
0 0.8197115384615384 0.8112980769230769 0.052884615384615384 0.052884615384615384
0 0.8569711538461539 0.8125 0.052884615384615384 0.052884615384615384
0 0.8245192307692307 0.890625 0.052884615384615384 0.052884615384615384
0 0.8521634615384616 0.9495192307692307 0.052884615384615384 0.052884615384615384
0 0.8990384615384616 0.9567307692307693 0.052884615384615384 0.052884615384615384
0 0.8942307692307693 0.8677884615384616 0.052884615384615384 0.052884615384615384
0 0.9615384615384616 0.8725961538461539 0.052884615384615384 0.052884615384615384
0 0.15865384615384615 0.16826923076923078 0.052884615384615384 0.052884615384615384
0 0.1466346153846154 0.2127403846153846 0.052884615384615384 0.052884615384615384
0 0.24759615384615385 0.22596153846153846 0.052884615384615384 0.052884615384615384
0 0.22115384615384615 0.28966346153846156 0.052884615384615384 0.052884615384615384
0 0.29086538461538464 0.28846153846153844 0.052884615384615384 0.052884615384615384
0 0.3004807692307692 0.3401442307692308 0.052884615384615384 0.052884615384615384
0 0.24879807692307693 0.4014423076923077 0.052884615384615384 0.052884615384615384
0 0.26322115384615385 0.5168269230769231 0.052884615384615384 0.052884615384615384
0 0.29927884615384615 0.5384615384615384 0.052884615384615384 0.052884615384615384
0 0.28846153846153844 0.5576923076923077 0.052884615384615384 0.052884615384615384
0 0.31490384615384615 0.5600961538461539 0.052884615384615384 0.052884615384615384
0 0.2439903846153846 0.6129807692307693 0.052884615384615384 0.052884615384615384
0 0.38822115384615385 0.7463942307692307 0.052884615384615384 0.052884615384615384
0 0.4098557692307692 0.8004807692307693 0.052884615384615384 0.052884615384615384
0 0.3701923076923077 0.875 0.052884615384615384 0.052884615384615384
0 0.18509615384615385 0.8822115384615384 0.052884615384615384 0.052884615384615384
0 0.24879807692307693 0.8725961538461539 0.052884615384615384 0.052884615384615384
0 0.28365384615384615 0.8629807692307693 0.052884615384615384 0.052884615384615384
0 0.3245192307692308 0.8521634615384616 0.052884615384615384 0.052884615384615384
0 0.26322115384615385 0.7956730769230769 0.052884615384615384 0.052884615384615384
0 0.47836538461538464 0.9026442307692307 0.052884615384615384 0.052884615384615384
0 0.484375 0.9495192307692307 0.052884615384615384 0.052884615384615384
0 0.3762019230769231 0.9651442307692307 0.052884615384615384 0.052884615384615384
0 0.34615384615384615 0.7379807692307693 0.052884615384615384 0.052884615384615384