0 0.5228365384615384 0.9711538461538461 0.04927884615384615 0.04927884615384615
0 0.5 0.921875 0.04927884615384615 0.04927884615384615
0 0.5240384615384616 0.9002403846153846 0.04927884615384615 0.04927884615384615
0 0.42427884615384615 0.890625 0.04927884615384615 0.04927884615384615
0 0.46274038461538464 0.8762019230769231 0.04927884615384615 0.04927884615384615
0 0.4651442307692308 0.8137019230769231 0.04927884615384615 0.04927884615384615
0 0.5336538461538461 0.8509615384615384 0.04927884615384615 0.04927884615384615
0 0.5961538461538461 0.7427884615384616 0.04927884615384615 0.04927884615384615
0 0.46634615384615385 0.7463942307692307 0.04927884615384615 0.04927884615384615
0 0.4699519230769231 0.7019230769230769 0.04927884615384615 0.04927884615384615
0 0.5576923076923077 0.6682692307692307 0.04927884615384615 0.04927884615384615
0 0.5564903846153846 0.5913461538461539 0.04927884615384615 0.04927884615384615
0 0.49158653846153844 0.5901442307692307 0.04927884615384615 0.04927884615384615
0 0.5492788461538461 0.40384615384615385 0.04927884615384615 0.04927884615384615
0 0.5564903846153846 0.36778846153846156 0.04927884615384615 0.04927884615384615
0 0.5649038461538461 0.2668269230769231 0.04927884615384615 0.04927884615384615
0 0.5204326923076923 0.2692307692307692 0.04927884615384615 0.04927884615384615
0 0.5324519230769231 0.18870192307692307 0.04927884615384615 0.04927884615384615
0 0.4651442307692308 0.21514423076923078 0.04927884615384615 0.04927884615384615
0 0.44471153846153844 0.12740384615384615 0.04927884615384615 0.04927884615384615
0 0.47596153846153844 0.07572115384615384 0.04927884615384615 0.04927884615384615
0 0.5204326923076923 0.6262019230769231 0.04927884615384615 0.04927884615384615
0 0.5288461538461539 0.5180288461538461 0.04927884615384615 0.04927884615384615