0 0.03365384615384615 0.1658653846153846 0.052884615384615384 0.07091346153846154
0 0.06009615384615385 0.13581730769230768 0.052884615384615384 0.07091346153846154
0 0.3641826923076923 0.5649038461538461 0.052884615384615384 0.07091346153846154
0 0.45072115384615385 0.4723557692307692 0.052884615384615384 0.07091346153846154
0 0.4387019230769231 0.5480769230769231 0.052884615384615384 0.07091346153846154
0 0.44471153846153844 0.6322115384615384 0.052884615384615384 0.07091346153846154
0 0.5012019230769231 0.6466346153846154 0.052884615384615384 0.07091346153846154
0 0.5420673076923077 0.5588942307692307 0.052884615384615384 0.07091346153846154
0 0.5637019230769231 0.7139423076923077 0.052884615384615384 0.07091346153846154
0 0.5793269230769231 0.7572115384615384 0.052884615384615384 0.07091346153846154
0 0.6346153846153846 0.8173076923076923 0.052884615384615384 0.07091346153846154
0 0.6814903846153846 0.8449519230769231 0.052884615384615384 0.07091346153846154
0 0.7463942307692307 0.7512019230769231 0.052884615384615384 0.07091346153846154
0 0.8269230769230769 0.7728365384615384 0.052884615384615384 0.07091346153846154
0 0.8161057692307693 0.8353365384615384 0.052884615384615384 0.07091346153846154
0 0.7680288461538461 0.9375 0.052884615384615384 0.07091346153846154
0 0.8221153846153846 0.9603365384615384 0.052884615384615384 0.07091346153846154
0 0.8461538461538461 0.9459134615384616 0.052884615384615384 0.07091346153846154
0 0.9278846153846154 0.9447115384615384 0.052884615384615384 0.07091346153846154
0 0.9350961538461539 0.8401442307692307 0.052884615384615384 0.07091346153846154