0 0.5288461538461539 0.9555288461538461 0.04927884615384615 0.04927884615384615
0 0.5060096153846154 0.90625 0.04927884615384615 0.04927884615384615
0 0.5300480769230769 0.8846153846153846 0.04927884615384615 0.04927884615384615
0 0.43028846153846156 0.875 0.04927884615384615 0.04927884615384615
0 0.46875 0.8605769230769231 0.04927884615384615 0.04927884615384615
0 0.47115384615384615 0.7980769230769231 0.04927884615384615 0.04927884615384615
0 0.5396634615384616 0.8353365384615384 0.04927884615384615 0.04927884615384615
0 0.6021634615384616 0.7259615384615384 0.04927884615384615 0.04927884615384615
0 0.4723557692307692 0.7307692307692307 0.04927884615384615 0.04927884615384615
0 0.47596153846153844 0.6862980769230769 0.04927884615384615 0.04927884615384615
0 0.5637019230769231 0.6526442307692307 0.04927884615384615 0.04927884615384615
0 0.5625 0.5757211538461539 0.04927884615384615 0.04927884615384615
0 0.49759615384615385 0.5745192307692307 0.04927884615384615 0.04927884615384615
0 0.5552884615384616 0.38822115384615385 0.04927884615384615 0.04927884615384615
0 0.5625 0.35216346153846156 0.04927884615384615 0.04927884615384615
0 0.5709134615384616 0.2512019230769231 0.04927884615384615 0.04927884615384615
0 0.5264423076923077 0.2536057692307692 0.04927884615384615 0.04927884615384615
0 0.5384615384615384 0.17307692307692307 0.04927884615384615 0.04927884615384615
0 0.47115384615384615 0.19951923076923078 0.04927884615384615 0.04927884615384615
0 0.45072115384615385 0.11177884615384616 0.04927884615384615 0.04927884615384615
0 0.48197115384615385 0.06009615384615385 0.04927884615384615 0.04927884615384615
0 0.5264423076923077 0.6105769230769231 0.04927884615384615 0.04927884615384615
0 0.5348557692307693 0.5024038461538461 0.04927884615384615 0.04927884615384615