0 0.9663461538461539 0.5444711538461539 0.052884615384615384 0.052884615384615384
0 0.9567307692307693 0.6526442307692307 0.052884615384615384 0.052884615384615384
0 0.9206730769230769 0.6177884615384616 0.052884615384615384 0.052884615384615384
0 0.9302884615384616 0.5372596153846154 0.052884615384615384 0.052884615384615384
0 0.8665865384615384 0.640625 0.052884615384615384 0.052884615384615384
0 0.8461538461538461 0.59375 0.052884615384615384 0.052884615384615384
0 0.7896634615384616 0.6550480769230769 0.052884615384615384 0.052884615384615384
0 0.7632211538461539 0.6274038461538461 0.052884615384615384 0.052884615384615384
0 0.7632211538461539 0.5600961538461539 0.052884615384615384 0.052884615384615384
0 0.734375 0.5384615384615384 0.052884615384615384 0.052884615384615384
0 0.6947115384615384 0.5576923076923077 0.052884615384615384 0.052884615384615384
0 0.65625 0.609375 0.052884615384615384 0.052884615384615384
0 0.6610576923076923 0.5252403846153846 0.052884615384615384 0.052884615384615384
0 0.6237980769230769 0.5805288461538461 0.052884615384615384 0.052884615384615384
0 0.59375 0.5721153846153846 0.052884615384615384 0.052884615384615384
0 0.609375 0.5072115384615384 0.052884615384615384 0.052884615384615384
0 0.5685096153846154 0.5384615384615384 0.052884615384615384 0.052884615384615384
0 0.5024038461538461 0.5649038461538461 0.052884615384615384 0.052884615384615384
0 0.46033653846153844 0.5552884615384616 0.052884615384615384 0.052884615384615384
0 0.48677884615384615 0.5048076923076923 0.052884615384615384 0.052884615384615384
0 0.4230769230769231 0.5 0.052884615384615384 0.052884615384615384
0 0.44350961538461536 0.46875 0.052884615384615384 0.052884615384615384
0 0.37740384615384615 0.5552884615384616 0.052884615384615384 0.052884615384615384
0 0.30649038461538464 0.5829326923076923 0.052884615384615384 0.052884615384615384
0 0.29447115384615385 0.5348557692307693 0.052884615384615384 0.052884615384615384
0 0.32211538461538464 0.4579326923076923 0.052884615384615384 0.052884615384615384
0 0.27403846153846156 0.43509615384615385 0.052884615384615384 0.052884615384615384
0 0.24759615384615385 0.44471153846153844 0.052884615384615384 0.052884615384615384
0 0.2403846153846154 0.5036057692307693 0.052884615384615384 0.052884615384615384
0 0.23798076923076922 0.5420673076923077 0.052884615384615384 0.052884615384615384
0 0.17668269230769232 0.49759615384615385 0.052884615384615384 0.052884615384615384
0 0.125 0.45552884615384615 0.052884615384615384 0.052884615384615384
0 0.09615384615384616 0.484375 0.052884615384615384 0.052884615384615384
0 0.09014423076923077 0.5168269230769231 0.052884615384615384 0.052884615384615384
0 0.11177884615384616 0.35336538461538464 0.052884615384615384 0.052884615384615384
0 0.08052884615384616 0.38221153846153844 0.052884615384615384 0.052884615384615384