0 0.875 0.8629807692307693 0.052884615384615384 0.052884615384615384
0 0.8329326923076923 0.9423076923076923 0.052884615384615384 0.052884615384615384
0 0.7752403846153846 0.921875 0.052884615384615384 0.052884615384615384
0 0.7908653846153846 0.7427884615384616 0.052884615384615384 0.052884615384615384
0 0.765625 0.71875 0.052884615384615384 0.052884615384615384
0 0.7127403846153846 0.8317307692307693 0.052884615384615384 0.052884615384615384
0 0.6838942307692307 0.8125 0.052884615384615384 0.052884615384615384
0 0.6947115384615384 0.75 0.052884615384615384 0.052884615384615384
0 0.7475961538461539 0.6923076923076923 0.052884615384615384 0.052884615384615384
0 0.6850961538461539 0.6442307692307693 0.052884615384615384 0.052884615384615384
0 0.5600961538461539 0.6742788461538461 0.052884615384615384 0.052884615384615384
0 0.6634615384615384 0.5661057692307693 0.052884615384615384 0.052884615384615384
0 0.5372596153846154 0.6298076923076923 0.052884615384615384 0.052884615384615384
0 0.5588942307692307 0.5973557692307693 0.052884615384615384 0.052884615384615384
0 0.5925480769230769 0.5637019230769231 0.052884615384615384 0.052884615384615384
0 0.5637019230769231 0.5024038461538461 0.052884615384615384 0.052884615384615384
0 0.47115384615384615 0.6430288461538461 0.052884615384615384 0.052884615384615384
0 0.47115384615384615 0.5240384615384616 0.052884615384615384 0.052884615384615384
0 0.4338942307692308 0.515625 0.052884615384615384 0.052884615384615384
0 0.48197115384615385 0.4483173076923077 0.052884615384615384 0.052884615384615384
0 0.4699519230769231 0.41346153846153844 0.052884615384615384 0.052884615384615384
0 0.4182692307692308 0.421875 0.052884615384615384 0.052884615384615384
0 0.3016826923076923 0.47596153846153844 0.052884615384615384 0.052884615384615384
0 0.29447115384615385 0.4170673076923077 0.052884615384615384 0.052884615384615384
0 0.35096153846153844 0.3293269230769231 0.052884615384615384 0.052884615384615384
0 0.2692307692307692 0.3473557692307692 0.052884615384615384 0.052884615384615384
0 0.34375 0.24278846153846154 0.052884615384615384 0.052884615384615384
0 0.23918269230769232 0.28846153846153844 0.052884615384615384 0.052884615384615384
0 0.31009615384615385 0.19110576923076922 0.052884615384615384 0.052884615384615384
0 0.27524038461538464 0.16346153846153846 0.052884615384615384 0.052884615384615384
0 0.21394230769230768 0.17668269230769232 0.052884615384615384 0.052884615384615384
0 0.26322115384615385 0.08774038461538461 0.052884615384615384 0.052884615384615384
0 0.20552884615384615 0.109375 0.052884615384615384 0.052884615384615384
0 0.28846153846153844 0.10096153846153846 0.052884615384615384 0.052884615384615384
0 0.15625 0.02283653846153846 0.052884615384615384 0.04447115384615385
0 0.02403846153846154 0.02403846153846154 0.046875 0.046875
0 0.13701923076923078 0.0829326923076923 0.052884615384615384 0.052884615384615384
0 0.8016826923076923 0.7992788461538461 0.052884615384615384 0.052884615384615384
0 0.5096153846153846 0.5012019230769231 0.052884615384615384 0.052884615384615384
0 0.38221153846153844 0.34375 0.052884615384615384 0.052884615384615384
0 0.4026442307692308 0.39903846153846156 0.052884615384615384 0.052884615384615384
0 0.36658653846153844 0.4855769230769231 0.052884615384615384 0.052884615384615384
0 0.1814903846153846 0.23677884615384615 0.052884615384615384 0.052884615384615384