0 0.9543269230769231 0.4254807692307692 0.052884615384615384 0.052884615384615384
0 0.8461538461538461 0.453125 0.052884615384615384 0.052884615384615384
0 0.7475961538461539 0.5300480769230769 0.052884615384615384 0.052884615384615384
0 0.6899038461538461 0.4963942307692308 0.052884615384615384 0.052884615384615384
0 0.7283653846153846 0.46634615384615385 0.052884615384615384 0.052884615384615384
0 0.6442307692307693 0.41346153846153844 0.052884615384615384 0.052884615384615384
0 0.6394230769230769 0.5024038461538461 0.052884615384615384 0.052884615384615384
0 0.6105769230769231 0.4879807692307692 0.052884615384615384 0.052884615384615384
0 0.5817307692307693 0.5084134615384616 0.052884615384615384 0.052884615384615384
0 0.5492788461538461 0.4098557692307692 0.052884615384615384 0.052884615384615384
0 0.5084134615384616 0.4182692307692308 0.052884615384615384 0.052884615384615384
0 0.5036057692307693 0.46634615384615385 0.052884615384615384 0.052884615384615384
0 0.5360576923076923 0.49759615384615385 0.052884615384615384 0.052884615384615384
0 0.46875 0.5204326923076923 0.052884615384615384 0.052884615384615384
0 0.4254807692307692 0.47475961538461536 0.052884615384615384 0.052884615384615384
0 0.38341346153846156 0.44591346153846156 0.052884615384615384 0.052884615384615384
0 0.3918269230769231 0.5036057692307693 0.052884615384615384 0.052884615384615384
0 0.3605769230769231 0.5192307692307693 0.052884615384615384 0.052884615384615384
0 0.3269230769230769 0.5588942307692307 0.052884615384615384 0.052884615384615384
0 0.31850961538461536 0.4807692307692308 0.052884615384615384 0.052884615384615384
0 0.2764423076923077 0.5276442307692307 0.052884615384615384 0.052884615384615384
0 0.34375 0.5985576923076923 0.052884615384615384 0.052884615384615384
0 0.27403846153846156 0.6177884615384616 0.052884615384615384 0.052884615384615384
0 0.1875 0.6334134615384616 0.052884615384615384 0.052884615384615384
0 0.1935096153846154 0.5901442307692307 0.052884615384615384 0.052884615384615384
0 0.16105769230769232 0.5853365384615384 0.052884615384615384 0.052884615384615384
0 0.10336538461538461 0.5889423076923077 0.052884615384615384 0.052884615384615384
0 0.09615384615384616 0.4831730769230769 0.052884615384615384 0.052884615384615384