0 0.9314903846153846 0.8413461538461539 0.052884615384615384 0.052884615384615384
0 0.7884615384615384 0.7007211538461539 0.052884615384615384 0.052884615384615384
0 0.8569711538461539 0.65625 0.052884615384615384 0.052884615384615384
0 0.7572115384615384 0.6057692307692307 0.052884615384615384 0.052884615384615384
0 0.8473557692307693 0.53125 0.052884615384615384 0.052884615384615384
0 0.765625 0.5120192307692307 0.052884615384615384 0.052884615384615384
0 0.7620192307692307 0.47596153846153844 0.052884615384615384 0.052884615384615384
0 0.7427884615384616 0.421875 0.052884615384615384 0.052884615384615384
0 0.7776442307692307 0.4050480769230769 0.052884615384615384 0.052884615384615384
0 0.8197115384615384 0.3942307692307692 0.052884615384615384 0.052884615384615384
0 0.8461538461538461 0.421875 0.052884615384615384 0.052884615384615384
0 0.8617788461538461 0.35096153846153844 0.052884615384615384 0.052884615384615384
0 0.8052884615384616 0.3629807692307692 0.052884615384615384 0.052884615384615384
0 0.8149038461538461 0.3088942307692308 0.052884615384615384 0.052884615384615384
0 0.8521634615384616 0.28846153846153844 0.052884615384615384 0.052884615384615384
0 0.7932692307692307 0.2824519230769231 0.052884615384615384 0.052884615384615384
0 0.8257211538461539 0.25841346153846156 0.052884615384615384 0.052884615384615384
0 0.8064903846153846 0.203125 0.052884615384615384 0.052884615384615384
0 0.7163461538461539 0.25721153846153844 0.052884615384615384 0.052884615384615384
0 0.6887019230769231 0.8966346153846154 0.052884615384615384 0.052884615384615384
0 0.7115384615384616 0.8100961538461539 0.052884615384615384 0.052884615384615384
0 0.6165865384615384 0.765625 0.052884615384615384 0.052884615384615384
0 0.5408653846153846 0.7632211538461539 0.052884615384615384 0.052884615384615384
0 0.4963942307692308 0.8221153846153846 0.052884615384615384 0.052884615384615384
0 0.42908653846153844 0.7163461538461539 0.052884615384615384 0.052884615384615384
0 0.43509615384615385 0.7908653846153846 0.052884615384615384 0.052884615384615384
0 0.4074519230769231 0.7824519230769231 0.052884615384615384 0.052884615384615384
0 0.24759615384615385 0.7512019230769231 0.052884615384615384 0.052884615384615384
0 0.21754807692307693 0.7475961538461539 0.052884615384615384 0.052884615384615384
0 0.27403846153846156 0.6550480769230769 0.052884615384615384 0.052884615384615384
0 0.1045673076923077 0.6177884615384616 0.052884615384615384 0.052884615384615384
0 0.03485576923076923 0.5961538461538461 0.052884615384615384 0.052884615384615384
0 0.07091346153846154 0.7632211538461539 0.052884615384615384 0.052884615384615384
0 0.5288461538461539 0.8365384615384616 0.052884615384615384 0.052884615384615384
0 0.5612980769230769 0.9098557692307693 0.052884615384615384 0.052884615384615384
0 0.5324519230769231 0.9038461538461539 0.052884615384615384 0.052884615384615384
0 0.46153846153846156 0.9074519230769231 0.052884615384615384 0.052884615384615384
0 0.45913461538461536 0.8846153846153846 0.052884615384615384 0.052884615384615384
0 0.41346153846153844 0.8990384615384616 0.052884615384615384 0.052884615384615384
0 0.46634615384615385 0.8137019230769231 0.052884615384615384 0.052884615384615384
0 0.43028846153846156 0.8257211538461539 0.052884615384615384 0.052884615384615384
0 0.3918269230769231 0.8052884615384616 0.052884615384615384 0.052884615384615384
0 0.3425480769230769 0.8161057692307693 0.052884615384615384 0.052884615384615384
0 0.3125 0.8653846153846154 0.052884615384615384 0.052884615384615384
0 0.2860576923076923 0.9038461538461539 0.052884615384615384 0.052884615384615384
0 0.25600961538461536 0.9014423076923077 0.052884615384615384 0.052884615384615384
0 0.2512019230769231 0.8317307692307693 0.052884615384615384 0.052884615384615384
0 0.21875 0.8257211538461539 0.052884615384615384 0.052884615384615384
0 0.18028846153846154 0.8040865384615384 0.052884615384615384 0.052884615384615384
0 0.16466346153846154 0.8209134615384616 0.052884615384615384 0.052884615384615384
0 0.12860576923076922 0.8149038461538461 0.052884615384615384 0.052884615384615384