0 0.6394230769230769 0.6586538461538461 0.052884615384615384 0.052884615384615384
0 0.625 0.6298076923076923 0.052884615384615384 0.052884615384615384
0 0.4567307692307692 0.40625 0.052884615384615384 0.052884615384615384
0 0.47475961538461536 0.44591346153846156 0.052884615384615384 0.052884615384615384
0 0.43509615384615385 0.4675480769230769 0.052884615384615384 0.052884615384615384
0 0.40384615384615385 0.5060096153846154 0.052884615384615384 0.052884615384615384
0 0.3762019230769231 0.47115384615384615 0.052884615384615384 0.052884615384615384
0 0.3737980769230769 0.38461538461538464 0.052884615384615384 0.052884615384615384
0 0.3425480769230769 0.3629807692307692 0.052884615384615384 0.052884615384615384
0 0.3112980769230769 0.34615384615384615 0.052884615384615384 0.052884615384615384
0 0.2536057692307692 0.41346153846153844 0.052884615384615384 0.052884615384615384
0 0.2439903846153846 0.38221153846153844 0.052884615384615384 0.052884615384615384
0 0.20072115384615385 0.36899038461538464 0.052884615384615384 0.052884615384615384
0 0.15985576923076922 0.3858173076923077 0.052884615384615384 0.052884615384615384
0 0.24158653846153846 0.3161057692307692 0.052884615384615384 0.052884615384615384
0 0.27884615384615385 0.30408653846153844 0.052884615384615384 0.052884615384615384
0 0.21394230769230768 0.2932692307692308 0.052884615384615384 0.052884615384615384
0 0.18990384615384615 0.2536057692307692 0.052884615384615384 0.052884615384615384
0 0.12980769230769232 0.25 0.052884615384615384 0.052884615384615384
0 0.12740384615384615 0.3329326923076923 0.052884615384615384 0.052884615384615384
0 0.34134615384615385 0.39903846153846156 0.052884615384615384 0.052884615384615384
0 0.0733173076923077 0.2692307692307692 0.052884615384615384 0.052884615384615384
0 0.02403846153846154 0.1778846153846154 0.04807692307692308 0.052884615384615384
0 0.15625 0.28846153846153844 0.052884615384615384 0.052884615384615384
0 0.7451923076923077 0.6670673076923077 0.052884615384615384 0.052884615384615384
0 0.7403846153846154 0.5853365384615384 0.052884615384615384 0.052884615384615384
0 0.6502403846153846 0.5697115384615384 0.052884615384615384 0.052884615384615384
0 0.7211538461538461 0.546875 0.052884615384615384 0.052884615384615384
0 0.6646634615384616 0.44711538461538464 0.052884615384615384 0.052884615384615384
0 0.7536057692307693 0.4795673076923077 0.052884615384615384 0.052884615384615384
0 0.7572115384615384 0.453125 0.052884615384615384 0.052884615384615384
0 0.7644230769230769 0.40384615384615385 0.052884615384615384 0.052884615384615384
0 0.6935096153846154 0.38221153846153844 0.052884615384615384 0.052884615384615384
0 0.6923076923076923 0.32091346153846156 0.052884615384615384 0.052884615384615384
0 0.5865384615384616 0.5048076923076923 0.052884615384615384 0.052884615384615384
0 0.5048076923076923 0.41466346153846156 0.052884615384615384 0.052884615384615384
0 0.5997596153846154 0.36177884615384615 0.052884615384615384 0.052884615384615384
0 0.4963942307692308 0.3557692307692308 0.052884615384615384 0.052884615384615384
0 0.5384615384615384 0.3112980769230769 0.052884615384615384 0.052884615384615384
0 0.5360576923076923 0.21875 0.052884615384615384 0.052884615384615384