0 0.7007211538461539 0.8774038461538461 0.052884615384615384 0.052884615384615384
0 0.6682692307692307 0.8413461538461539 0.052884615384615384 0.052884615384615384
0 0.7091346153846154 0.7956730769230769 0.052884615384615384 0.052884615384615384
0 0.6875 0.7103365384615384 0.052884615384615384 0.052884615384615384
0 0.6682692307692307 0.6899038461538461 0.052884615384615384 0.052884615384615384
0 0.5829326923076923 0.8040865384615384 0.052884615384615384 0.052884615384615384
0 0.6213942307692307 0.7752403846153846 0.052884615384615384 0.052884615384615384
0 0.5697115384615384 0.7367788461538461 0.052884615384615384 0.052884615384615384
0 0.5288461538461539 0.7091346153846154 0.052884615384615384 0.052884615384615384
0 0.48197115384615385 0.6466346153846154 0.052884615384615384 0.052884615384615384
0 0.5528846153846154 0.5552884615384616 0.052884615384615384 0.052884615384615384
0 0.45072115384615385 0.39302884615384615 0.052884615384615384 0.052884615384615384
0 0.4483173076923077 0.5528846153846154 0.052884615384615384 0.052884615384615384
0 0.3894230769230769 0.40024038461538464 0.052884615384615384 0.052884615384615384
0 0.34134615384615385 0.49278846153846156 0.052884615384615384 0.052884615384615384
0 0.31490384615384615 0.44471153846153844 0.052884615384615384 0.052884615384615384
0 0.33052884615384615 0.3737980769230769 0.052884615384615384 0.052884615384615384
0 0.30288461538461536 0.33052884615384615 0.052884615384615384 0.052884615384615384
0 0.26802884615384615 0.2644230769230769 0.052884615384615384 0.052884615384615384
0 0.25240384615384615 0.41947115384615385 0.052884615384615384 0.052884615384615384