0 0.5649038461538461 0.8257211538461539 0.052884615384615384 0.052884615384615384
0 0.5288461538461539 0.8004807692307693 0.052884615384615384 0.052884615384615384
0 0.6466346153846154 0.7572115384615384 0.052884615384615384 0.052884615384615384
0 0.5444711538461539 0.71875 0.052884615384615384 0.052884615384615384
0 0.5492788461538461 0.6778846153846154 0.052884615384615384 0.052884615384615384
0 0.4855769230769231 0.7211538461538461 0.052884615384615384 0.052884615384615384
0 0.47716346153846156 0.5709134615384616 0.052884615384615384 0.052884615384615384
0 0.45072115384615385 0.5588942307692307 0.052884615384615384 0.052884615384615384
0 0.43509615384615385 0.5276442307692307 0.052884615384615384 0.052884615384615384
0 0.4050480769230769 0.6129807692307693 0.052884615384615384 0.052884615384615384
0 0.39302884615384615 0.5733173076923077 0.052884615384615384 0.052884615384615384
0 0.36177884615384615 0.5625 0.052884615384615384 0.052884615384615384
0 0.39663461538461536 0.5336538461538461 0.052884615384615384 0.052884615384615384
0 0.3798076923076923 0.49399038461538464 0.052884615384615384 0.052884615384615384
0 0.3401442307692308 0.5060096153846154 0.052884615384615384 0.052884615384615384
0 0.41586538461538464 0.44350961538461536 0.052884615384615384 0.052884615384615384
0 0.3016826923076923 0.48197115384615385 0.052884615384615384 0.052884615384615384
0 0.33653846153846156 0.39903846153846156 0.052884615384615384 0.052884615384615384
0 0.3737980769230769 0.3858173076923077 0.052884615384615384 0.052884615384615384
0 0.2608173076923077 0.39783653846153844 0.052884615384615384 0.052884615384615384
0 0.36778846153846156 0.3401442307692308 0.052884615384615384 0.052884615384615384
0 0.30288461538461536 0.30649038461538464 0.052884615384615384 0.052884615384615384
0 0.18028846153846154 0.3125 0.052884615384615384 0.052884615384615384
0 0.21514423076923078 0.2692307692307692 0.052884615384615384 0.052884615384615384
0 0.24759615384615385 0.2800480769230769 0.052884615384615384 0.052884615384615384
0 0.328125 0.26802884615384615 0.052884615384615384 0.052884615384615384
0 0.28365384615384615 0.2091346153846154 0.052884615384615384 0.052884615384615384
0 0.22115384615384615 0.23317307692307693 0.052884615384615384 0.052884615384615384
0 0.21514423076923078 0.16105769230769232 0.052884615384615384 0.052884615384615384
0 0.14302884615384615 0.16947115384615385 0.052884615384615384 0.052884615384615384
0 0.2403846153846154 0.12259615384615384 0.052884615384615384 0.052884615384615384
0 0.15625 0.125 0.052884615384615384 0.052884615384615384
0 0.1814903846153846 0.054086538461538464 0.052884615384615384 0.052884615384615384