0 0.8774038461538461 0.3858173076923077 0.052884615384615384 0.052884615384615384
0 0.9338942307692307 0.35697115384615385 0.052884615384615384 0.052884615384615384
0 0.8990384615384616 0.4519230769230769 0.052884615384615384 0.052884615384615384
0 0.8978365384615384 0.49038461538461536 0.052884615384615384 0.052884615384615384
0 0.9050480769230769 0.5492788461538461 0.052884615384615384 0.052884615384615384
0 0.8966346153846154 0.5913461538461539 0.052884615384615384 0.052884615384615384
0 0.9182692307692307 0.6117788461538461 0.052884615384615384 0.052884615384615384
0 0.8100961538461539 0.6177884615384616 0.052884615384615384 0.052884615384615384
0 0.9074519230769231 0.6610576923076923 0.052884615384615384 0.052884615384615384
0 0.8822115384615384 0.6502403846153846 0.052884615384615384 0.052884615384615384
0 0.8798076923076923 0.6899038461538461 0.052884615384615384 0.052884615384615384
0 0.8569711538461539 0.8149038461538461 0.052884615384615384 0.052884615384615384
0 0.9242788461538461 0.8125 0.052884615384615384 0.052884615384615384
0 0.5336538461538461 0.1875 0.052884615384615384 0.052884615384615384
0 0.33653846153846156 0.27884615384615385 0.052884615384615384 0.052884615384615384
0 0.16706730769230768 0.3293269230769231 0.052884615384615384 0.052884615384615384
0 0.25721153846153844 0.25721153846153844 0.052884615384615384 0.052884615384615384
0 0.21033653846153846 0.27884615384615385 0.052884615384615384 0.052884615384615384
0 0.1971153846153846 0.296875 0.052884615384615384 0.052884615384615384
0 0.08052884615384616 0.21875 0.052884615384615384 0.052884615384615384
0 0.6117788461538461 0.29086538461538464 0.052884615384615384 0.052884615384615384
0 0.5673076923076923 0.31490384615384615 0.052884615384615384 0.052884615384615384
0 0.5288461538461539 0.35697115384615385 0.052884615384615384 0.052884615384615384
0 0.49038461538461536 0.37259615384615385 0.052884615384615384 0.052884615384615384
0 0.42908653846153844 0.3557692307692308 0.052884615384615384 0.052884615384615384
0 0.41346153846153844 0.41466346153846156 0.052884615384615384 0.052884615384615384
0 0.34615384615384615 0.3798076923076923 0.052884615384615384 0.052884615384615384
0 0.28966346153846156 0.34615384615384615 0.052884615384615384 0.052884615384615384
0 0.16947115384615385 0.43990384615384615 0.052884615384615384 0.052884615384615384
0 0.7692307692307693 0.6971153846153846 0.052884615384615384 0.052884615384615384
0 0.7680288461538461 0.8185096153846154 0.052884615384615384 0.052884615384615384
0 0.7331730769230769 0.7824519230769231 0.052884615384615384 0.052884615384615384
0 0.6826923076923077 0.7475961538461539 0.052884615384615384 0.052884615384615384
0 0.609375 0.8774038461538461 0.052884615384615384 0.052884615384615384
0 0.5661057692307693 0.8185096153846154 0.052884615384615384 0.052884615384615384
0 0.5889423076923077 0.9663461538461539 0.052884615384615384 0.052884615384615384
0 0.5552884615384616 0.9543269230769231 0.052884615384615384 0.052884615384615384
0 0.5300480769230769 0.9002403846153846 0.052884615384615384 0.052884615384615384
0 0.8305288461538461 0.8533653846153846 0.052884615384615384 0.052884615384615384
0 0.8125 0.8966346153846154 0.052884615384615384 0.052884615384615384