0 0.1658653846153846 0.9615384615384616 0.052884615384615384 0.052884615384615384
0 0.16826923076923078 0.7680288461538461 0.052884615384615384 0.052884615384615384
0 0.13822115384615385 0.6742788461538461 0.052884615384615384 0.052884615384615384
0 0.23918269230769232 0.6754807692307693 0.052884615384615384 0.052884615384615384
0 0.20552884615384615 0.6670673076923077 0.052884615384615384 0.052884615384615384
0 0.22596153846153846 0.6346153846153846 0.052884615384615384 0.052884615384615384
0 0.12259615384615384 0.5913461538461539 0.052884615384615384 0.052884615384615384
0 0.22596153846153846 0.5805288461538461 0.052884615384615384 0.052884615384615384
0 0.18990384615384615 0.5372596153846154 0.052884615384615384 0.052884615384615384
0 0.22115384615384615 0.5252403846153846 0.052884615384615384 0.052884615384615384
0 0.23317307692307693 0.49158653846153844 0.052884615384615384 0.052884615384615384
0 0.22956730769230768 0.42427884615384615 0.052884615384615384 0.052884615384615384
0 0.1778846153846154 0.34134615384615385 0.052884615384615384 0.052884615384615384
0 0.2127403846153846 0.3137019230769231 0.052884615384615384 0.052884615384615384
0 0.1622596153846154 0.20552884615384615 0.052884615384615384 0.052884615384615384
0 0.1875 0.20432692307692307 0.052884615384615384 0.052884615384615384
0 0.10216346153846154 0.15504807692307693 0.052884615384615384 0.052884615384615384
0 0.1045673076923077 0.08653846153846154 0.052884615384615384 0.052884615384615384
0 0.056490384615384616 0.07211538461538461 0.052884615384615384 0.052884615384615384
0 0.19230769230769232 0.6935096153846154 0.052884615384615384 0.052884615384615384
0 0.2824519230769231 0.8810096153846154 0.052884615384615384 0.052884615384615384
0 0.34134615384615385 0.9591346153846154 0.052884615384615384 0.052884615384615384
0 0.33413461538461536 0.8677884615384616 0.052884615384615384 0.052884615384615384
0 0.3401442307692308 0.8173076923076923 0.052884615384615384 0.052884615384615384
0 0.36177884615384615 0.7427884615384616 0.052884615384615384 0.052884615384615384
0 0.4110576923076923 0.7211538461538461 0.052884615384615384 0.052884615384615384
0 0.41586538461538464 0.6346153846153846 0.052884615384615384 0.052884615384615384
0 0.4423076923076923 0.6262019230769231 0.052884615384615384 0.052884615384615384
0 0.42427884615384615 0.5336538461538461 0.052884615384615384 0.052884615384615384
0 0.48197115384615385 0.5985576923076923 0.052884615384615384 0.052884615384615384
0 0.5120192307692307 0.5841346153846154 0.052884615384615384 0.052884615384615384
0 0.5300480769230769 0.5252403846153846 0.052884615384615384 0.052884615384615384
0 0.46153846153846156 0.5084134615384616 0.052884615384615384 0.052884615384615384
0 0.43028846153846156 0.39663461538461536 0.052884615384615384 0.052884615384615384
0 0.4387019230769231 0.33653846153846156 0.052884615384615384 0.052884615384615384
0 0.47115384615384615 0.40384615384615385 0.052884615384615384 0.052884615384615384
0 0.5384615384615384 0.41346153846153844 0.052884615384615384 0.052884615384615384
0 0.5228365384615384 0.37259615384615385 0.052884615384615384 0.052884615384615384
0 0.48677884615384615 0.32572115384615385 0.052884615384615384 0.052884615384615384
0 0.5444711538461539 0.30649038461538464 0.052884615384615384 0.052884615384615384
0 0.47716346153846156 0.2608173076923077 0.052884615384615384 0.052884615384615384
0 0.6225961538461539 0.21995192307692307 0.052884615384615384 0.052884615384615384
0 0.6225961538461539 0.16346153846153846 0.052884615384615384 0.052884615384615384
0 0.43990384615384615 0.8725961538461539 0.052884615384615384 0.052884615384615384
0 0.4543269230769231 0.8305288461538461 0.052884615384615384 0.052884615384615384
0 0.49399038461538464 0.8317307692307693 0.052884615384615384 0.052884615384615384
0 0.5048076923076923 0.8004807692307693 0.052884615384615384 0.052884615384615384
0 0.5360576923076923 0.7668269230769231 0.052884615384615384 0.052884615384615384
0 0.5829326923076923 0.7692307692307693 0.052884615384615384 0.052884615384615384
0 0.5961538461538461 0.7259615384615384 0.052884615384615384 0.052884615384615384
0 0.5060096153846154 0.7331730769230769 0.052884615384615384 0.052884615384615384
0 0.4699519230769231 0.6947115384615384 0.052884615384615384 0.052884615384615384
0 0.5336538461538461 0.6478365384615384 0.052884615384615384 0.052884615384615384
0 0.5769230769230769 0.6394230769230769 0.052884615384615384 0.052884615384615384
0 0.6442307692307693 0.6177884615384616 0.052884615384615384 0.052884615384615384
0 0.6911057692307693 0.6850961538461539 0.052884615384615384 0.052884615384615384
0 0.7283653846153846 0.6225961538461539 0.052884615384615384 0.052884615384615384
0 0.7596153846153846 0.6598557692307693 0.052884615384615384 0.052884615384615384
0 0.7992788461538461 0.6694711538461539 0.052884615384615384 0.052884615384615384
0 0.8966346153846154 0.5588942307692307 0.052884615384615384 0.052884615384615384
0 0.8978365384615384 0.6117788461538461 0.052884615384615384 0.052884615384615384
0 0.9675480769230769 0.6021634615384616 0.052884615384615384 0.052884615384615384