0 0.06971153846153846 0.6682692307692307 0.052884615384615384 0.052884615384615384
0 0.05889423076923077 0.5264423076923077 0.052884615384615384 0.052884615384615384
0 0.15384615384615385 0.65625 0.052884615384615384 0.052884615384615384
0 0.07692307692307693 0.6021634615384616 0.052884615384615384 0.052884615384615384
0 0.15625 0.5925480769230769 0.052884615384615384 0.052884615384615384
0 0.12860576923076922 0.5588942307692307 0.052884615384615384 0.052884615384615384
0 0.18990384615384615 0.6057692307692307 0.052884615384615384 0.052884615384615384
0 0.22235576923076922 0.515625 0.052884615384615384 0.052884615384615384
0 0.24278846153846154 0.578125 0.052884615384615384 0.052884615384615384
0 0.265625 0.5697115384615384 0.052884615384615384 0.052884615384615384
0 0.31850961538461536 0.5961538461538461 0.052884615384615384 0.052884615384615384
0 0.32572115384615385 0.5144230769230769 0.052884615384615384 0.052884615384615384
0 0.36778846153846156 0.5384615384615384 0.052884615384615384 0.052884615384615384
0 0.3449519230769231 0.47115384615384615 0.052884615384615384 0.052884615384615384
0 0.35096153846153844 0.41586538461538464 0.052884615384615384 0.052884615384615384
0 0.43028846153846156 0.39903846153846156 0.052884615384615384 0.052884615384615384
0 0.4411057692307692 0.47836538461538464 0.052884615384615384 0.052884615384615384
0 0.47475961538461536 0.43028846153846156 0.052884615384615384 0.052884615384615384
0 0.4831730769230769 0.3641826923076923 0.052884615384615384 0.052884615384615384
0 0.5396634615384616 0.38341346153846156 0.052884615384615384 0.052884615384615384
0 0.5769230769230769 0.33653846153846156 0.052884615384615384 0.052884615384615384
0 0.5600961538461539 0.40865384615384615 0.052884615384615384 0.052884615384615384
0 0.5528846153846154 0.4879807692307692 0.052884615384615384 0.052884615384615384
0 0.5649038461538461 0.4579326923076923 0.052884615384615384 0.052884615384615384
0 0.5889423076923077 0.42788461538461536 0.052884615384615384 0.052884615384615384
0 0.6430288461538461 0.44591346153846156 0.052884615384615384 0.052884615384615384
0 0.6586538461538461 0.38461538461538464 0.052884615384615384 0.052884615384615384
0 0.6802884615384616 0.45552884615384615 0.052884615384615384 0.052884615384615384
0 0.7367788461538461 0.4254807692307692 0.052884615384615384 0.052884615384615384
0 0.8329326923076923 0.3641826923076923 0.052884615384615384 0.052884615384615384
0 0.9050480769230769 0.4651442307692308 0.052884615384615384 0.052884615384615384
0 0.9302884615384616 0.3605769230769231 0.052884615384615384 0.052884615384615384
0 0.12259615384615384 0.7584134615384616 0.052884615384615384 0.052884615384615384
0 0.03365384615384615 0.8052884615384616 0.052884615384615384 0.052884615384615384
0 0.078125 0.8149038461538461 0.052884615384615384 0.052884615384615384
0 0.09254807692307693 0.8569711538461539 0.052884615384615384 0.052884615384615384
0 0.20192307692307693 0.8257211538461539 0.052884615384615384 0.052884615384615384