0 0.039663461538461536 0.5072115384615384 0.05889423076923077 0.07451923076923077
0 0.09975961538461539 0.6310096153846154 0.05889423076923077 0.07451923076923077
0 0.08774038461538461 0.5192307692307693 0.05889423076923077 0.07451923076923077
0 0.15504807692307693 0.48197115384615385 0.05889423076923077 0.07451923076923077
0 0.1814903846153846 0.42427884615384615 0.05889423076923077 0.07451923076923077
0 0.28846153846153844 0.609375 0.05889423076923077 0.07451923076923077
0 0.30649038461538464 0.6430288461538461 0.05889423076923077 0.07451923076923077
0 0.3293269230769231 0.5841346153846154 0.05889423076923077 0.07451923076923077
0 0.3112980769230769 0.515625 0.05889423076923077 0.07451923076923077
0 0.3762019230769231 0.4254807692307692 0.05889423076923077 0.07451923076923077
0 0.4074519230769231 0.46033653846153844 0.05889423076923077 0.07451923076923077
0 0.5733173076923077 0.515625 0.05889423076923077 0.07451923076923077
0 0.6225961538461539 0.5036057692307693 0.05889423076923077 0.07451923076923077
0 0.6382211538461539 0.46033653846153844 0.05889423076923077 0.07451923076923077
0 0.6141826923076923 0.4326923076923077 0.05889423076923077 0.07451923076923077
0 0.6610576923076923 0.5012019230769231 0.05889423076923077 0.07451923076923077
0 0.6766826923076923 0.41586538461538464 0.05889423076923077 0.07451923076923077
0 0.6959134615384616 0.4879807692307692 0.05889423076923077 0.07451923076923077
0 0.7307692307692307 0.39903846153846156 0.05889423076923077 0.07451923076923077
0 0.7644230769230769 0.4495192307692308 0.05889423076923077 0.07451923076923077
0 0.8377403846153846 0.4230769230769231 0.05889423076923077 0.07451923076923077
0 0.9254807692307693 0.4254807692307692 0.05889423076923077 0.07451923076923077
0 0.9387019230769231 0.6057692307692307 0.05889423076923077 0.07451923076923077