0 0.6899038461538461 0.7896634615384616 0.056490384615384616 0.056490384615384616
0 0.5925480769230769 0.7932692307692307 0.056490384615384616 0.056490384615384616
0 0.5673076923076923 0.7692307692307693 0.056490384615384616 0.056490384615384616
0 0.5961538461538461 0.6574519230769231 0.056490384615384616 0.056490384615384616
0 0.5841346153846154 0.6141826923076923 0.056490384615384616 0.056490384615384616
0 0.5673076923076923 0.5600961538461539 0.056490384615384616 0.056490384615384616
0 0.5408653846153846 0.5 0.056490384615384616 0.056490384615384616
0 0.45913461538461536 0.5228365384615384 0.056490384615384616 0.056490384615384616
0 0.5072115384615384 0.7295673076923077 0.056490384615384616 0.056490384615384616
0 0.5384615384615384 0.6802884615384616 0.056490384615384616 0.056490384615384616
0 0.4170673076923077 0.34615384615384615 0.056490384615384616 0.056490384615384616
0 0.33653846153846156 0.43509615384615385 0.056490384615384616 0.056490384615384616
0 0.32572115384615385 0.37740384615384615 0.056490384615384616 0.056490384615384616
0 0.3317307692307692 0.3401442307692308 0.056490384615384616 0.056490384615384616
0 0.25600961538461536 0.36899038461538464 0.056490384615384616 0.056490384615384616
0 0.15384615384615385 0.18509615384615385 0.056490384615384616 0.056490384615384616