0 0.90625 0.6790865384615384 0.10216346153846154 0.05889423076923077
0 0.7487980769230769 0.6069711538461539 0.10216346153846154 0.05889423076923077
0 0.6574519230769231 0.6069711538461539 0.10216346153846154 0.05889423076923077
0 0.5877403846153846 0.7283653846153846 0.10216346153846154 0.05889423076923077
0 0.48677884615384615 0.5480769230769231 0.10216346153846154 0.05889423076923077
0 0.42427884615384615 0.6117788461538461 0.10216346153846154 0.05889423076923077
0 0.38461538461538464 0.4230769230769231 0.10216346153846154 0.05889423076923077
0 0.2932692307692308 0.47475961538461536 0.10216346153846154 0.05889423076923077
0 0.1045673076923077 0.5865384615384616 0.10216346153846154 0.05889423076923077
0 0.036057692307692304 0.5745192307692307 0.07211538461538461 0.05889423076923077
0 0.09495192307692307 0.4423076923076923 0.10216346153846154 0.05889423076923077
0 0.04567307692307692 0.4362980769230769 0.09134615384615384 0.05889423076923077
0 0.042067307692307696 0.48197115384615385 0.08413461538461539 0.05889423076923077
0 0.3329326923076923 0.546875 0.10216346153846154 0.05889423076923077