0 0.9326923076923077 0.04927884615384615 0.052884615384615384 0.052884615384615384
0 0.8846153846153846 0.12379807692307693 0.052884615384615384 0.052884615384615384
0 0.8978365384615384 0.18990384615384615 0.052884615384615384 0.052884615384615384
0 0.8485576923076923 0.2439903846153846 0.052884615384615384 0.052884615384615384
0 0.7572115384615384 0.28365384615384615 0.052884615384615384 0.052884615384615384
0 0.7079326923076923 0.2644230769230769 0.052884615384615384 0.052884615384615384
0 0.7115384615384616 0.3004807692307692 0.052884615384615384 0.052884615384615384
0 0.6153846153846154 0.29927884615384615 0.052884615384615384 0.052884615384615384
0 0.6646634615384616 0.3293269230769231 0.052884615384615384 0.052884615384615384
0 0.6394230769230769 0.3473557692307692 0.052884615384615384 0.052884615384615384
0 0.6009615384615384 0.3233173076923077 0.052884615384615384 0.052884615384615384
0 0.5805288461538461 0.4014423076923077 0.052884615384615384 0.052884615384615384
0 0.49759615384615385 0.4170673076923077 0.052884615384615384 0.052884615384615384
0 0.5252403846153846 0.46153846153846156 0.052884615384615384 0.052884615384615384
0 0.44471153846153844 0.4375 0.052884615384615384 0.052884615384615384
0 0.4074519230769231 0.453125 0.052884615384615384 0.052884615384615384
0 0.3605769230769231 0.4567307692307692 0.052884615384615384 0.052884615384615384
0 0.46274038461538464 0.47475961538461536 0.052884615384615384 0.052884615384615384
0 0.4182692307692308 0.5420673076923077 0.052884615384615384 0.052884615384615384
0 0.33774038461538464 0.5096153846153846 0.052884615384615384 0.052884615384615384
0 0.3317307692307692 0.5805288461538461 0.052884615384615384 0.052884615384615384
0 0.27524038461538464 0.5528846153846154 0.052884615384615384 0.052884615384615384
0 0.2548076923076923 0.5997596153846154 0.052884615384615384 0.052884615384615384
0 0.2283653846153846 0.6430288461538461 0.052884615384615384 0.052884615384615384
0 0.203125 0.6694711538461539 0.052884615384615384 0.052884615384615384
0 0.1466346153846154 0.6370192307692307 0.052884615384615384 0.052884615384615384
0 0.16346153846153846 0.7199519230769231 0.052884615384615384 0.052884615384615384
0 0.11778846153846154 0.7211538461538461 0.052884615384615384 0.052884615384615384
0 0.11899038461538461 0.7620192307692307 0.052884615384615384 0.052884615384615384
0 0.13341346153846154 0.8197115384615384 0.052884615384615384 0.052884615384615384
0 0.09735576923076923 0.8954326923076923 0.052884615384615384 0.052884615384615384
0 0.12259615384615384 0.9302884615384616 0.052884615384615384 0.052884615384615384
0 0.7475961538461539 0.31971153846153844 0.052884615384615384 0.052884615384615384
0 0.7391826923076923 0.34134615384615385 0.052884615384615384 0.052884615384615384
0 0.8798076923076923 0.44471153846153844 0.052884615384615384 0.052884615384615384
0 0.84375 0.42788461538461536 0.052884615384615384 0.052884615384615384
0 0.7620192307692307 0.3762019230769231 0.052884615384615384 0.052884615384615384
0 0.7572115384615384 0.47596153846153844 0.052884615384615384 0.052884615384615384
0 0.7584134615384616 0.5300480769230769 0.052884615384615384 0.052884615384615384