0 0.9639423076923077 0.9110576923076923 0.052884615384615384 0.052884615384615384
0 0.9230769230769231 0.8701923076923077 0.052884615384615384 0.052884615384615384
0 0.8930288461538461 0.8052884615384616 0.052884615384615384 0.052884615384615384
0 0.8377403846153846 0.9038461538461539 0.052884615384615384 0.052884615384615384
0 0.8076923076923077 0.8677884615384616 0.052884615384615384 0.052884615384615384
0 0.8377403846153846 0.8653846153846154 0.052884615384615384 0.052884615384615384
0 0.7932692307692307 0.7992788461538461 0.052884615384615384 0.052884615384615384
0 0.8870192307692307 0.6742788461538461 0.052884615384615384 0.052884615384615384
0 0.8365384615384616 0.6814903846153846 0.052884615384615384 0.052884615384615384
0 0.7980769230769231 0.7223557692307693 0.052884615384615384 0.052884615384615384
0 0.7415865384615384 0.8221153846153846 0.052884615384615384 0.052884615384615384
0 0.7800480769230769 0.6502403846153846 0.052884615384615384 0.052884615384615384
0 0.7427884615384616 0.6658653846153846 0.052884615384615384 0.052884615384615384
0 0.6069711538461539 0.6177884615384616 0.052884615384615384 0.052884615384615384
0 0.5180288461538461 0.6033653846153846 0.052884615384615384 0.052884615384615384
0 0.5240384615384616 0.47115384615384615 0.052884615384615384 0.052884615384615384
0 0.484375 0.5841346153846154 0.052884615384615384 0.052884615384615384
0 0.44350961538461536 0.5132211538461539 0.052884615384615384 0.052884615384615384
0 0.45552884615384615 0.46033653846153844 0.052884615384615384 0.052884615384615384
0 0.44350961538461536 0.40024038461538464 0.052884615384615384 0.052884615384615384
0 0.17668269230769232 0.26322115384615385 0.052884615384615384 0.052884615384615384
0 0.1502403846153846 0.23317307692307693 0.052884615384615384 0.052884615384615384
0 0.11298076923076923 0.22115384615384615 0.052884615384615384 0.052884615384615384