0 0.24759615384615385 0.7067307692307693 0.052884615384615384 0.052884615384615384
0 0.27884615384615385 0.7163461538461539 0.052884615384615384 0.052884615384615384
0 0.3293269230769231 0.7079326923076923 0.052884615384615384 0.052884615384615384
0 0.4411057692307692 0.7824519230769231 0.052884615384615384 0.052884615384615384
0 0.4387019230769231 0.6658653846153846 0.052884615384615384 0.052884615384615384
0 0.29447115384615385 0.5877403846153846 0.052884615384615384 0.052884615384615384
0 0.375 0.5961538461538461 0.052884615384615384 0.052884615384615384
0 0.41586538461538464 0.5733173076923077 0.052884615384615384 0.052884615384615384
0 0.4567307692307692 0.5420673076923077 0.052884615384615384 0.052884615384615384
0 0.5324519230769231 0.6069711538461539 0.052884615384615384 0.052884615384615384
0 0.5108173076923077 0.6298076923076923 0.052884615384615384 0.052884615384615384
0 0.5805288461538461 0.6177884615384616 0.052884615384615384 0.052884615384615384
0 0.5 0.5252403846153846 0.052884615384615384 0.052884615384615384
0 0.5240384615384616 0.484375 0.052884615384615384 0.052884615384615384
0 0.6586538461538461 0.5444711538461539 0.052884615384615384 0.052884615384615384
0 0.6814903846153846 0.46875 0.052884615384615384 0.052884615384615384
0 0.8966346153846154 0.43149038461538464 0.052884615384615384 0.052884615384615384
0 0.3293269230769231 0.9399038461538461 0.052884615384615384 0.052884615384615384
0 0.3858173076923077 0.9435096153846154 0.052884615384615384 0.052884615384615384
0 0.28966346153846156 0.8329326923076923 0.052884615384615384 0.052884615384615384
0 0.34375 0.8882211538461539 0.052884615384615384 0.052884615384615384