0 0.7163461538461539 0.6742788461538461 0.052884615384615384 0.052884615384615384
0 0.7007211538461539 0.6490384615384616 0.052884615384615384 0.052884615384615384
0 0.5336538461538461 0.41586538461538464 0.052884615384615384 0.052884615384615384
0 0.5552884615384616 0.46153846153846156 0.052884615384615384 0.052884615384615384
0 0.5204326923076923 0.4855769230769231 0.052884615384615384 0.052884615384615384
0 0.4831730769230769 0.5276442307692307 0.052884615384615384 0.052884615384615384
0 0.4579326923076923 0.4831730769230769 0.052884615384615384 0.052884615384615384
0 0.4543269230769231 0.39903846153846156 0.052884615384615384 0.052884615384615384
0 0.41947115384615385 0.37740384615384615 0.052884615384615384 0.052884615384615384
0 0.3918269230769231 0.3581730769230769 0.052884615384615384 0.052884615384615384
0 0.33052884615384615 0.42788461538461536 0.052884615384615384 0.052884615384615384
0 0.30649038461538464 0.40024038461538464 0.052884615384615384 0.052884615384615384
0 0.2764423076923077 0.38100961538461536 0.052884615384615384 0.052884615384615384
0 0.23798076923076922 0.4014423076923077 0.052884615384615384 0.052884615384615384
0 0.32572115384615385 0.33774038461538464 0.052884615384615384 0.052884615384615384
0 0.3557692307692308 0.3173076923076923 0.052884615384615384 0.052884615384615384
0 0.28365384615384615 0.30528846153846156 0.052884615384615384 0.052884615384615384
0 0.2608173076923077 0.265625 0.052884615384615384 0.052884615384615384
0 0.20793269230769232 0.25961538461538464 0.052884615384615384 0.052884615384615384
0 0.1971153846153846 0.3449519230769231 0.052884615384615384 0.052884615384615384
0 0.41346153846153844 0.4098557692307692 0.052884615384615384 0.052884615384615384
0 0.14302884615384615 0.28125 0.052884615384615384 0.052884615384615384
0 0.09375 0.18990384615384615 0.052884615384615384 0.052884615384615384
0 0.22596153846153846 0.29927884615384615 0.052884615384615384 0.052884615384615384
0 0.8149038461538461 0.6790865384615384 0.052884615384615384 0.052884615384615384
0 0.8100961538461539 0.5961538461538461 0.052884615384615384 0.052884615384615384
0 0.7211538461538461 0.5817307692307693 0.052884615384615384 0.052884615384615384
0 0.7908653846153846 0.5588942307692307 0.052884615384615384 0.052884615384615384
0 0.7415865384615384 0.46153846153846156 0.052884615384615384 0.052884615384615384
0 0.8305288461538461 0.49759615384615385 0.052884615384615384 0.052884615384615384
0 0.828125 0.4651442307692308 0.052884615384615384 0.052884615384615384
0 0.8353365384615384 0.41466346153846156 0.052884615384615384 0.052884615384615384
0 0.7632211538461539 0.3942307692307692 0.052884615384615384 0.052884615384615384
0 0.7704326923076923 0.33653846153846156 0.052884615384615384 0.052884615384615384
0 0.6634615384615384 0.5264423076923077 0.052884615384615384 0.052884615384615384
0 0.5925480769230769 0.43028846153846156 0.052884615384615384 0.052884615384615384
0 0.6814903846153846 0.37259615384615385 0.052884615384615384 0.052884615384615384
0 0.5661057692307693 0.36778846153846156 0.052884615384615384 0.052884615384615384
0 0.6117788461538461 0.3233173076923077 0.052884615384615384 0.052884615384615384
0 0.6069711538461539 0.23076923076923078 0.052884615384615384 0.052884615384615384