0 0.1466346153846154 0.15985576923076922 0.052884615384615384 0.052884615384615384
0 0.3137019230769231 0.12980769230769232 0.052884615384615384 0.052884615384615384
0 0.3942307692307692 0.1502403846153846 0.052884615384615384 0.052884615384615384
0 0.3641826923076923 0.32211538461538464 0.052884615384615384 0.052884615384615384
0 0.41225961538461536 0.3737980769230769 0.052884615384615384 0.052884615384615384
0 0.49759615384615385 0.38822115384615385 0.052884615384615384 0.052884615384615384
0 0.5216346153846154 0.36778846153846156 0.052884615384615384 0.052884615384615384
0 0.53125 0.31490384615384615 0.052884615384615384 0.052884615384615384
0 0.5697115384615384 0.3329326923076923 0.052884615384615384 0.052884615384615384
0 0.6237980769230769 0.3605769230769231 0.052884615384615384 0.052884615384615384
0 0.7439903846153846 0.26802884615384615 0.052884615384615384 0.052884615384615384
0 0.6574519230769231 0.37259615384615385 0.052884615384615384 0.052884615384615384
0 0.6802884615384616 0.27283653846153844 0.052884615384615384 0.052884615384615384
0 0.09134615384615384 0.31009615384615385 0.052884615384615384 0.052884615384615384
0 0.17908653846153846 0.2608173076923077 0.052884615384615384 0.052884615384615384
0 0.2439903846153846 0.2644230769230769 0.052884615384615384 0.052884615384615384
0 0.19831730769230768 0.33052884615384615 0.052884615384615384 0.052884615384615384
0 0.22716346153846154 0.37259615384615385 0.052884615384615384 0.052884615384615384
0 0.29927884615384615 0.39903846153846156 0.052884615384615384 0.052884615384615384
0 0.23197115384615385 0.40384615384615385 0.052884615384615384 0.052884615384615384
0 0.3605769230769231 0.4206730769230769 0.052884615384615384 0.052884615384615384
0 0.26802884615384615 0.4891826923076923 0.052884615384615384 0.052884615384615384
0 0.3329326923076923 0.5444711538461539 0.052884615384615384 0.052884615384615384
0 0.3641826923076923 0.5697115384615384 0.052884615384615384 0.052884615384615384
0 0.46634615384615385 0.5901442307692307 0.052884615384615384 0.052884615384615384
0 0.43028846153846156 0.7139423076923077 0.052884615384615384 0.052884615384615384
0 0.5600961538461539 0.6430288461538461 0.052884615384615384 0.052884615384615384
0 0.5288461538461539 0.6923076923076923 0.052884615384615384 0.052884615384615384
0 0.4879807692307692 0.7427884615384616 0.052884615384615384 0.052884615384615384
0 0.625 0.7764423076923077 0.052884615384615384 0.052884615384615384