0 0.75 0.09735576923076923 0.052884615384615384 0.052884615384615384
0 0.7019230769230769 0.10576923076923077 0.052884615384615384 0.052884615384615384
0 0.7992788461538461 0.14903846153846154 0.052884615384615384 0.052884615384615384
0 0.7668269230769231 0.24759615384615385 0.052884615384615384 0.052884615384615384
0 0.7487980769230769 0.18269230769230768 0.052884615384615384 0.052884615384615384
0 0.6947115384615384 0.22716346153846154 0.052884615384615384 0.052884615384615384
0 0.6742788461538461 0.28125 0.052884615384615384 0.052884615384615384
0 0.5961538461538461 0.203125 0.052884615384615384 0.052884615384615384
0 0.5925480769230769 0.23197115384615385 0.052884615384615384 0.052884615384615384
0 0.6009615384615384 0.3125 0.052884615384615384 0.052884615384615384
0 0.5997596153846154 0.36177884615384615 0.052884615384615384 0.052884615384615384
0 0.6177884615384616 0.4110576923076923 0.052884615384615384 0.052884615384615384
0 0.6899038461538461 0.4110576923076923 0.052884615384615384 0.052884615384615384
0 0.6526442307692307 0.4375 0.052884615384615384 0.052884615384615384
0 0.5877403846153846 0.47115384615384615 0.052884615384615384 0.052884615384615384
0 0.6141826923076923 0.5 0.052884615384615384 0.052884615384615384
0 0.5913461538461539 0.5216346153846154 0.052884615384615384 0.052884615384615384
0 0.4987980769230769 0.5072115384615384 0.052884615384615384 0.052884615384615384
0 0.5372596153846154 0.484375 0.052884615384615384 0.052884615384615384
0 0.515625 0.6057692307692307 0.052884615384615384 0.052884615384615384
0 0.515625 0.6802884615384616 0.052884615384615384 0.052884615384615384
0 0.38822115384615385 0.5961538461538461 0.052884615384615384 0.052884615384615384
0 0.421875 0.6225961538461539 0.052884615384615384 0.052884615384615384
0 0.421875 0.6754807692307693 0.052884615384615384 0.052884615384615384
0 0.328125 0.6117788461538461 0.052884615384615384 0.052884615384615384
0 0.37740384615384615 0.7067307692307693 0.052884615384615384 0.052884615384615384
0 0.26802884615384615 0.7463942307692307 0.052884615384615384 0.052884615384615384
0 0.28846153846153844 0.7884615384615384 0.052884615384615384 0.052884615384615384
0 0.31490384615384615 0.8052884615384616 0.052884615384615384 0.052884615384615384
0 0.25721153846153844 0.8569711538461539 0.052884615384615384 0.052884615384615384
0 0.21153846153846154 0.8088942307692307 0.052884615384615384 0.052884615384615384