0 0.9086538461538461 0.8762019230769231 0.052884615384615384 0.052884615384615384
0 0.8605769230769231 0.8209134615384616 0.052884615384615384 0.052884615384615384
0 0.8329326923076923 0.7596153846153846 0.052884615384615384 0.052884615384615384
0 0.7944711538461539 0.7463942307692307 0.052884615384615384 0.052884615384615384
0 0.7115384615384616 0.7043269230769231 0.052884615384615384 0.052884615384615384
0 0.671875 0.6971153846153846 0.052884615384615384 0.052884615384615384
0 0.6862980769230769 0.625 0.052884615384615384 0.052884615384615384
0 0.6165865384615384 0.6971153846153846 0.052884615384615384 0.052884615384615384
0 0.5697115384615384 0.6598557692307693 0.052884615384615384 0.052884615384615384
0 0.578125 0.6009615384615384 0.052884615384615384 0.052884615384615384
0 0.5757211538461539 0.48677884615384615 0.052884615384615384 0.052884615384615384
0 0.5625 0.5276442307692307 0.052884615384615384 0.052884615384615384
0 0.5132211538461539 0.5372596153846154 0.052884615384615384 0.052884615384615384
0 0.4110576923076923 0.47115384615384615 0.052884615384615384 0.052884615384615384
0 0.28365384615384615 0.3425480769230769 0.052884615384615384 0.052884615384615384
0 0.3161057692307692 0.2932692307692308 0.052884615384615384 0.052884615384615384
0 0.2644230769230769 0.29927884615384615 0.052884615384615384 0.052884615384615384
0 0.15384615384615385 0.203125 0.052884615384615384 0.052884615384615384
0 0.21153846153846154 0.21033653846153846 0.052884615384615384 0.052884615384615384