0 0.4230769230769231 0.07932692307692307 0.052884615384615384 0.052884615384615384
0 0.49759615384615385 0.09735576923076923 0.052884615384615384 0.052884615384615384
0 0.46274038461538464 0.12980769230769232 0.052884615384615384 0.052884615384615384
0 0.5204326923076923 0.12860576923076922 0.052884615384615384 0.052884615384615384
0 0.5709134615384616 0.13822115384615385 0.052884615384615384 0.052884615384615384
0 0.5096153846153846 0.18028846153846154 0.052884615384615384 0.052884615384615384
0 0.5961538461538461 0.1971153846153846 0.052884615384615384 0.052884615384615384
0 0.5072115384615384 0.2439903846153846 0.052884615384615384 0.052884615384615384
0 0.5733173076923077 0.25721153846153844 0.052884615384615384 0.052884615384615384
0 0.46153846153846156 0.26322115384615385 0.052884615384615384 0.052884615384615384
0 0.5384615384615384 0.29086538461538464 0.052884615384615384 0.052884615384615384
0 0.5336538461538461 0.328125 0.052884615384615384 0.052884615384615384
0 0.6117788461538461 0.3233173076923077 0.052884615384615384 0.052884615384615384
0 0.5709134615384616 0.40384615384615385 0.052884615384615384 0.052884615384615384
0 0.49278846153846156 0.36778846153846156 0.052884615384615384 0.052884615384615384
0 0.45552884615384615 0.44711538461538464 0.052884615384615384 0.052884615384615384
0 0.5444711538461539 0.49278846153846156 0.052884615384615384 0.052884615384615384
0 0.5552884615384616 0.5276442307692307 0.052884615384615384 0.052884615384615384
0 0.515625 0.515625 0.052884615384615384 0.052884615384615384
0 0.4675480769230769 0.578125 0.052884615384615384 0.052884615384615384
0 0.5757211538461539 0.5769230769230769 0.052884615384615384 0.052884615384615384
0 0.5733173076923077 0.6490384615384616 0.052884615384615384 0.052884615384615384
0 0.5504807692307693 0.6875 0.052884615384615384 0.052884615384615384
0 0.5036057692307693 0.6682692307692307 0.052884615384615384 0.052884615384615384
0 0.5 0.7007211538461539 0.052884615384615384 0.052884615384615384
0 0.5420673076923077 0.7644230769230769 0.052884615384615384 0.052884615384615384
0 0.46634615384615385 0.7668269230769231 0.052884615384615384 0.052884615384615384
0 0.4639423076923077 0.8125 0.052884615384615384 0.052884615384615384
0 0.515625 0.8365384615384616 0.052884615384615384 0.052884615384615384
0 0.48197115384615385 0.8449519230769231 0.052884615384615384 0.052884615384615384
0 0.47115384615384615 0.8954326923076923 0.052884615384615384 0.052884615384615384
0 0.49759615384615385 0.9110576923076923 0.052884615384615384 0.052884615384615384
0 0.5829326923076923 0.921875 0.052884615384615384 0.052884615384615384
0 0.5336538461538461 0.9495192307692307 0.052884615384615384 0.052884615384615384
0 0.46634615384615385 0.9735576923076923 0.052884615384615384 0.052884615384615384