0 0.6959134615384616 0.028846153846153848 0.052884615384615384 0.052884615384615384
0 0.6814903846153846 0.1141826923076923 0.052884615384615384 0.052884615384615384
0 0.6334134615384616 0.3581730769230769 0.052884615384615384 0.052884615384615384
0 0.6081730769230769 0.5192307692307693 0.052884615384615384 0.052884615384615384
0 0.6838942307692307 0.5516826923076923 0.052884615384615384 0.052884615384615384
0 0.7055288461538461 0.5757211538461539 0.052884615384615384 0.052884615384615384
0 0.65625 0.6682692307692307 0.052884615384615384 0.052884615384615384
0 0.625 0.7007211538461539 0.052884615384615384 0.052884615384615384
0 0.7355769230769231 0.6670673076923077 0.052884615384615384 0.052884615384615384
0 0.6346153846153846 0.7427884615384616 0.052884615384615384 0.052884615384615384
0 0.6574519230769231 0.7475961538461539 0.052884615384615384 0.052884615384615384
0 0.6911057692307693 0.8197115384615384 0.052884615384615384 0.052884615384615384
0 0.38100961538461536 0.06490384615384616 0.052884615384615384 0.052884615384615384
0 0.32572115384615385 0.15264423076923078 0.052884615384615384 0.052884615384615384
0 0.26802884615384615 0.1875 0.052884615384615384 0.052884615384615384
0 0.11177884615384616 0.34615384615384615 0.052884615384615384 0.052884615384615384
0 0.10697115384615384 0.36899038461538464 0.052884615384615384 0.052884615384615384
0 0.07572115384615384 0.44591346153846156 0.052884615384615384 0.052884615384615384
0 0.10576923076923077 0.47596153846153844 0.052884615384615384 0.052884615384615384
0 0.025240384615384616 0.47475961538461536 0.05048076923076923 0.052884615384615384
0 0.35096153846153844 0.27403846153846156 0.052884615384615384 0.052884615384615384
0 0.4338942307692308 0.2668269230769231 0.052884615384615384 0.052884615384615384
0 0.45072115384615385 0.3401442307692308 0.052884615384615384 0.052884615384615384
0 0.38221153846153844 0.3737980769230769 0.052884615384615384 0.052884615384615384
0 0.33653846153846156 0.5108173076923077 0.052884615384615384 0.052884615384615384
0 0.3581730769230769 0.5576923076923077 0.052884615384615384 0.052884615384615384
0 0.38822115384615385 0.5853365384615384 0.052884615384615384 0.052884615384615384
0 0.3112980769230769 0.6057692307692307 0.052884615384615384 0.052884615384615384
0 0.32572115384615385 0.6454326923076923 0.052884615384615384 0.052884615384615384
0 0.39302884615384615 0.6694711538461539 0.052884615384615384 0.052884615384615384
0 0.43028846153846156 0.7115384615384616 0.052884615384615384 0.052884615384615384
0 0.38461538461538464 0.7055288461538461 0.052884615384615384 0.052884615384615384
0 0.31850961538461536 0.7788461538461539 0.052884615384615384 0.052884615384615384