0 0.8882211538461539 0.40625 0.052884615384615384 0.052884615384615384
0 0.8966346153846154 0.48677884615384615 0.052884615384615384 0.052884615384615384
0 0.8497596153846154 0.5120192307692307 0.052884615384615384 0.052884615384615384
0 0.7740384615384616 0.5048076923076923 0.052884615384615384 0.052884615384615384
0 0.7151442307692307 0.53125 0.052884615384615384 0.052884615384615384
0 0.6935096153846154 0.46634615384615385 0.052884615384615384 0.052884615384615384
0 0.6274038461538461 0.47836538461538464 0.052884615384615384 0.052884615384615384
0 0.5997596153846154 0.49278846153846156 0.052884615384615384 0.052884615384615384
0 0.6009615384615384 0.5649038461538461 0.052884615384615384 0.052884615384615384
0 0.5192307692307693 0.5504807692307693 0.052884615384615384 0.052884615384615384
0 0.4579326923076923 0.6021634615384616 0.052884615384615384 0.052884615384615384
0 0.42427884615384615 0.6262019230769231 0.052884615384615384 0.052884615384615384
0 0.3762019230769231 0.5745192307692307 0.052884615384615384 0.052884615384615384
0 0.3389423076923077 0.5865384615384616 0.052884615384615384 0.052884615384615384
0 0.3161057692307692 0.6610576923076923 0.052884615384615384 0.052884615384615384
0 0.28725961538461536 0.671875 0.052884615384615384 0.052884615384615384
0 0.25240384615384615 0.6117788461538461 0.052884615384615384 0.052884615384615384
0 0.21875 0.5769230769230769 0.052884615384615384 0.052884615384615384
0 0.2283653846153846 0.6646634615384616 0.052884615384615384 0.052884615384615384
0 0.18269230769230768 0.6346153846153846 0.052884615384615384 0.052884615384615384
0 0.14903846153846154 0.6262019230769231 0.052884615384615384 0.052884615384615384
0 0.1502403846153846 0.7211538461538461 0.052884615384615384 0.052884615384615384
0 0.11778846153846154 0.6177884615384616 0.052884615384615384 0.052884615384615384
0 0.0985576923076923 0.7223557692307693 0.052884615384615384 0.052884615384615384
0 0.07932692307692307 0.7427884615384616 0.052884615384615384 0.052884615384615384
0 0.028846153846153848 0.7355769230769231 0.052884615384615384 0.052884615384615384
0 0.054086538461538464 0.6538461538461539 0.052884615384615384 0.052884615384615384