0 0.07091346153846154 0.27283653846153844 0.052884615384615384 0.052884615384615384
0 0.23317307692307693 0.26802884615384615 0.052884615384615384 0.052884615384615384
0 0.26322115384615385 0.3870192307692308 0.052884615384615384 0.052884615384615384
0 0.2956730769230769 0.37740384615384615 0.052884615384615384 0.052884615384615384
0 0.3233173076923077 0.41947115384615385 0.052884615384615384 0.052884615384615384
0 0.34615384615384615 0.31009615384615385 0.052884615384615384 0.052884615384615384
0 0.3894230769230769 0.34375 0.052884615384615384 0.052884615384615384
0 0.43028846153846156 0.35096153846153844 0.052884615384615384 0.052884615384615384
0 0.4110576923076923 0.3870192307692308 0.052884615384615384 0.052884615384615384
0 0.40024038461538464 0.41947115384615385 0.052884615384615384 0.052884615384615384
0 0.4879807692307692 0.3605769230769231 0.052884615384615384 0.052884615384615384
0 0.484375 0.43509615384615385 0.052884615384615384 0.052884615384615384
0 0.5913461538461539 0.38221153846153844 0.052884615384615384 0.052884615384615384
0 0.5853365384615384 0.46153846153846156 0.052884615384615384 0.052884615384615384
0 0.6574519230769231 0.38822115384615385 0.052884615384615384 0.052884615384615384
0 0.6947115384615384 0.44471153846153844 0.052884615384615384 0.052884615384615384
0 0.75 0.38822115384615385 0.052884615384615384 0.052884615384615384
0 0.765625 0.45552884615384615 0.052884615384615384 0.052884615384615384
0 0.8100961538461539 0.4026442307692308 0.052884615384615384 0.052884615384615384
0 0.8497596153846154 0.4651442307692308 0.052884615384615384 0.052884615384615384
0 0.9290865384615384 0.40024038461538464 0.052884615384615384 0.052884615384615384
0 0.9038461538461539 0.375 0.052884615384615384 0.052884615384615384
0 0.09615384615384616 0.34975961538461536 0.052884615384615384 0.052884615384615384
0 0.14903846153846154 0.3389423076923077 0.052884615384615384 0.052884615384615384
0 0.11658653846153846 0.4170673076923077 0.052884615384615384 0.052884615384615384
0 0.09615384615384616 0.4483173076923077 0.052884615384615384 0.052884615384615384
0 0.21153846153846154 0.5132211538461539 0.052884615384615384 0.052884615384615384
0 0.17908653846153846 0.3786057692307692 0.052884615384615384 0.052884615384615384
0 0.16947115384615385 0.5865384615384616 0.052884615384615384 0.052884615384615384