0 0.9459134615384616 0.6634615384615384 0.052884615384615384 0.052884615384615384
0 0.9435096153846154 0.6057692307692307 0.052884615384615384 0.052884615384615384
0 0.9038461538461539 0.5817307692307693 0.052884615384615384 0.052884615384615384
0 0.8725961538461539 0.5865384615384616 0.052884615384615384 0.052884615384615384
0 0.7704326923076923 0.5865384615384616 0.052884615384615384 0.052884615384615384
0 0.7584134615384616 0.5084134615384616 0.052884615384615384 0.052884615384615384
0 0.7007211538461539 0.5673076923076923 0.052884615384615384 0.052884615384615384
0 0.7115384615384616 0.5132211538461539 0.052884615384615384 0.052884615384615384
0 0.7115384615384616 0.43028846153846156 0.052884615384615384 0.052884615384615384
0 0.6646634615384616 0.4519230769230769 0.052884615384615384 0.052884615384615384
0 0.6141826923076923 0.4230769230769231 0.052884615384615384 0.052884615384615384
0 0.6358173076923077 0.4735576923076923 0.052884615384615384 0.052884615384615384
0 0.5324519230769231 0.43028846153846156 0.052884615384615384 0.052884615384615384
0 0.5324519230769231 0.3798076923076923 0.052884615384615384 0.052884615384615384
0 0.46153846153846156 0.3605769230769231 0.052884615384615384 0.052884615384615384
0 0.5168269230769231 0.30528846153846156 0.052884615384615384 0.052884615384615384
0 0.390625 0.21995192307692307 0.052884615384615384 0.052884615384615384
0 0.34134615384615385 0.13701923076923078 0.052884615384615384 0.052884615384615384
0 0.8461538461538461 0.7475961538461539 0.052884615384615384 0.052884615384615384
0 0.8305288461538461 0.7043269230769231 0.052884615384615384 0.052884615384615384
0 0.7151442307692307 0.7704326923076923 0.052884615384615384 0.052884615384615384
0 0.71875 0.7307692307692307 0.052884615384615384 0.052884615384615384
0 0.6730769230769231 0.7319711538461539 0.052884615384615384 0.052884615384615384
0 0.6105769230769231 0.7271634615384616 0.052884615384615384 0.052884615384615384
0 0.6911057692307693 0.7007211538461539 0.052884615384615384 0.052884615384615384
0 0.6802884615384616 0.6622596153846154 0.052884615384615384 0.052884615384615384
0 0.6875 0.6201923076923077 0.052884615384615384 0.052884615384615384
0 0.5516826923076923 0.6069711538461539 0.052884615384615384 0.052884615384615384
0 0.5276442307692307 0.6622596153846154 0.052884615384615384 0.052884615384615384
0 0.4951923076923077 0.7403846153846154 0.052884615384615384 0.052884615384615384
0 0.38341346153846156 0.75 0.052884615384615384 0.052884615384615384
0 0.38461538461538464 0.7944711538461539 0.052884615384615384 0.052884615384615384
0 0.3473557692307692 0.8125 0.052884615384615384 0.052884615384615384
0 0.2764423076923077 0.7788461538461539 0.052884615384615384 0.052884615384615384
0 0.1935096153846154 0.7788461538461539 0.052884615384615384 0.052884615384615384
0 0.12980769230769232 0.8713942307692307 0.052884615384615384 0.052884615384615384
0 0.1502403846153846 0.7752403846153846 0.052884615384615384 0.052884615384615384
0 0.08774038461538461 0.8233173076923077 0.052884615384615384 0.052884615384615384
0 0.037259615384615384 0.9014423076923077 0.052884615384615384 0.052884615384615384
0 0.030048076923076924 0.8233173076923077 0.052884615384615384 0.052884615384615384
0 0.20552884615384615 0.9026442307692307 0.052884615384615384 0.052884615384615384