0 0.23677884615384615 0.6802884615384616 0.052884615384615384 0.052884615384615384
0 0.2692307692307692 0.6899038461538461 0.052884615384615384 0.052884615384615384
0 0.31971153846153844 0.6802884615384616 0.052884615384615384 0.052884615384615384
0 0.43149038461538464 0.7548076923076923 0.052884615384615384 0.052884615384615384
0 0.42908653846153844 0.6382211538461539 0.052884615384615384 0.052884615384615384
0 0.2848557692307692 0.5600961538461539 0.052884615384615384 0.052884615384615384
0 0.36538461538461536 0.5685096153846154 0.052884615384615384 0.052884615384615384
0 0.40625 0.5456730769230769 0.052884615384615384 0.052884615384615384
0 0.44711538461538464 0.5144230769230769 0.052884615384615384 0.052884615384615384
0 0.5228365384615384 0.5793269230769231 0.052884615384615384 0.052884615384615384
0 0.5012019230769231 0.6021634615384616 0.052884615384615384 0.052884615384615384
0 0.5697115384615384 0.5901442307692307 0.052884615384615384 0.052884615384615384
0 0.49038461538461536 0.49759615384615385 0.052884615384615384 0.052884615384615384
0 0.5144230769230769 0.4567307692307692 0.052884615384615384 0.052884615384615384
0 0.6490384615384616 0.5180288461538461 0.052884615384615384 0.052884615384615384
0 0.671875 0.4411057692307692 0.052884615384615384 0.052884615384615384
0 0.8870192307692307 0.40384615384615385 0.052884615384615384 0.052884615384615384
0 0.31971153846153844 0.9122596153846154 0.052884615384615384 0.052884615384615384
0 0.3762019230769231 0.9158653846153846 0.052884615384615384 0.052884615384615384
0 0.2800480769230769 0.8052884615384616 0.052884615384615384 0.052884615384615384
0 0.33413461538461536 0.8617788461538461 0.052884615384615384 0.052884615384615384