0 0.4375 0.16826923076923078 0.052884615384615384 0.052884615384615384
0 0.5504807692307693 0.19951923076923078 0.052884615384615384 0.052884615384615384
0 0.5649038461538461 0.29927884615384615 0.052884615384615384 0.052884615384615384
0 0.5685096153846154 0.3485576923076923 0.052884615384615384 0.052884615384615384
0 0.6694711538461539 0.34375 0.052884615384615384 0.052884615384615384
0 0.6670673076923077 0.4026442307692308 0.052884615384615384 0.052884615384615384
0 0.7175480769230769 0.34615384615384615 0.052884615384615384 0.052884615384615384
0 0.35096153846153844 0.2860576923076923 0.052884615384615384 0.052884615384615384
0 0.2980769230769231 0.31971153846153844 0.052884615384615384 0.052884615384615384
0 0.30288461538461536 0.4326923076923077 0.052884615384615384 0.052884615384615384
0 0.375 0.4326923076923077 0.052884615384615384 0.052884615384615384
0 0.41586538461538464 0.5649038461538461 0.052884615384615384 0.052884615384615384
0 0.42908653846153844 0.6129807692307693 0.052884615384615384 0.052884615384615384
0 0.38822115384615385 0.6899038461538461 0.052884615384615384 0.052884615384615384
0 0.44711538461538464 0.6682692307692307 0.052884615384615384 0.052884615384615384
0 0.44471153846153844 0.7584134615384616 0.052884615384615384 0.052884615384615384
0 0.484375 0.75 0.052884615384615384 0.052884615384615384
0 0.5072115384615384 0.7944711538461539 0.052884615384615384 0.052884615384615384
0 0.4807692307692308 0.8725961538461539 0.052884615384615384 0.052884615384615384
0 0.4735576923076923 0.9290865384615384 0.052884615384615384 0.052884615384615384
0 0.46153846153846156 0.9711538461538461 0.052884615384615384 0.052884615384615384
0 0.5516826923076923 0.9567307692307693 0.052884615384615384 0.052884615384615384