0 0.5925480769230769 0.9603365384615384 0.052884615384615384 0.052884615384615384
0 0.671875 0.9603365384615384 0.052884615384615384 0.052884615384615384
0 0.6899038461538461 0.9254807692307693 0.052884615384615384 0.052884615384615384
0 0.6875 0.8870192307692307 0.052884615384615384 0.052884615384615384
0 0.6418269230769231 0.9242788461538461 0.052884615384615384 0.052884615384615384
0 0.5552884615384616 0.8798076923076923 0.052884615384615384 0.052884615384615384
0 0.5384615384615384 0.8052884615384616 0.052884615384615384 0.052884615384615384
0 0.48677884615384615 0.6862980769230769 0.052884615384615384 0.052884615384615384
0 0.4266826923076923 0.5600961538461539 0.052884615384615384 0.052884615384615384
0 0.47596153846153844 0.5132211538461539 0.052884615384615384 0.052884615384615384
0 0.49038461538461536 0.42427884615384615 0.052884615384615384 0.052884615384615384
0 0.4362980769230769 0.3293269230769231 0.052884615384615384 0.052884615384615384
0 0.36778846153846156 0.35216346153846156 0.052884615384615384 0.052884615384615384
0 0.31009615384615385 0.21033653846153846 0.052884615384615384 0.052884615384615384
0 0.2920673076923077 0.09495192307692307 0.052884615384615384 0.052884615384615384
0 0.34615384615384615 0.021634615384615384 0.052884615384615384 0.04326923076923077
0 0.9350961538461539 0.7740384615384616 0.052884615384615384 0.052884615384615384
0 0.84375 0.8016826923076923 0.052884615384615384 0.052884615384615384