0 0.046875 0.31490384615384615 0.052884615384615384 0.052884615384615384
0 0.06850961538461539 0.33774038461538464 0.052884615384615384 0.052884615384615384
0 0.07211538461538461 0.38822115384615385 0.052884615384615384 0.052884615384615384
0 0.09975961538461539 0.3449519230769231 0.052884615384615384 0.052884615384615384
0 0.12740384615384615 0.38341346153846156 0.052884615384615384 0.052884615384615384
0 0.18509615384615385 0.33653846153846156 0.052884615384615384 0.052884615384615384
0 0.265625 0.35697115384615385 0.052884615384615384 0.052884615384615384
0 0.24278846153846154 0.43028846153846156 0.052884615384615384 0.052884615384615384
0 0.27283653846153844 0.41947115384615385 0.052884615384615384 0.052884615384615384
0 0.2692307692307692 0.4423076923076923 0.052884615384615384 0.052884615384615384
0 0.34134615384615385 0.3425480769230769 0.052884615384615384 0.052884615384615384
0 0.40865384615384615 0.4098557692307692 0.052884615384615384 0.052884615384615384
0 0.43990384615384615 0.4375 0.052884615384615384 0.052884615384615384
0 0.5432692307692307 0.3641826923076923 0.052884615384615384 0.052884615384615384
0 0.5336538461538461 0.4411057692307692 0.052884615384615384 0.052884615384615384
0 0.5288461538461539 0.4723557692307692 0.052884615384615384 0.052884615384615384
0 0.5841346153846154 0.40384615384615385 0.052884615384615384 0.052884615384615384
0 0.6490384615384616 0.39302884615384615 0.052884615384615384 0.052884615384615384
0 0.6286057692307693 0.4338942307692308 0.052884615384615384 0.052884615384615384
0 0.6213942307692307 0.4807692307692308 0.052884615384615384 0.052884615384615384
0 0.7692307692307693 0.5769230769230769 0.052884615384615384 0.052884615384615384
0 0.8725961538461539 0.5961538461538461 0.052884615384615384 0.052884615384615384
0 0.9110576923076923 0.6814903846153846 0.052884615384615384 0.052884615384615384
0 0.9675480769230769 0.6021634615384616 0.052884615384615384 0.052884615384615384
0 0.12980769230769232 0.4326923076923077 0.052884615384615384 0.052884615384615384
0 0.07091346153846154 0.49278846153846156 0.052884615384615384 0.052884615384615384
0 0.06009615384615385 0.5444711538461539 0.052884615384615384 0.052884615384615384
0 0.11538461538461539 0.5865384615384616 0.052884615384615384 0.052884615384615384
0 0.22956730769230768 0.5444711538461539 0.052884615384615384 0.052884615384615384