0 0.11899038461538461 0.3389423076923077 0.07451923076923077 0.07692307692307693
0 0.15865384615384615 0.3858173076923077 0.07451923076923077 0.07692307692307693
0 0.19110576923076922 0.38822115384615385 0.07451923076923077 0.07692307692307693
0 0.21394230769230768 0.2860576923076923 0.07451923076923077 0.07692307692307693
0 0.23798076923076922 0.3401442307692308 0.07451923076923077 0.07692307692307693
0 0.2920673076923077 0.28846153846153844 0.07451923076923077 0.07692307692307693
0 0.3473557692307692 0.31009615384615385 0.07451923076923077 0.07692307692307693
0 0.39302884615384615 0.39302884615384615 0.07451923076923077 0.07692307692307693
0 0.46634615384615385 0.4483173076923077 0.07451923076923077 0.07692307692307693
0 0.5649038461538461 0.47836538461538464 0.07451923076923077 0.07692307692307693
0 0.578125 0.3713942307692308 0.07451923076923077 0.07692307692307693
0 0.6346153846153846 0.5480769230769231 0.07451923076923077 0.07692307692307693
0 0.6490384615384616 0.5757211538461539 0.07451923076923077 0.07692307692307693
0 0.8870192307692307 0.8112980769230769 0.07451923076923077 0.07692307692307693