0 0.9146634615384616 0.8641826923076923 0.052884615384615384 0.052884615384615384
0 0.8737980769230769 0.8233173076923077 0.052884615384615384 0.052884615384615384
0 0.84375 0.7584134615384616 0.052884615384615384 0.052884615384615384
0 0.7884615384615384 0.8569711538461539 0.052884615384615384 0.052884615384615384
0 0.7584134615384616 0.8197115384615384 0.052884615384615384 0.052884615384615384
0 0.7884615384615384 0.8185096153846154 0.052884615384615384 0.052884615384615384
0 0.7439903846153846 0.7524038461538461 0.052884615384615384 0.052884615384615384
0 0.8377403846153846 0.6274038461538461 0.052884615384615384 0.052884615384615384
0 0.7884615384615384 0.6346153846153846 0.052884615384615384 0.052884615384615384
0 0.7487980769230769 0.6754807692307693 0.052884615384615384 0.052884615384615384
0 0.6923076923076923 0.7752403846153846 0.052884615384615384 0.052884615384615384
0 0.7319711538461539 0.6033653846153846 0.052884615384615384 0.052884615384615384
0 0.6935096153846154 0.6189903846153846 0.052884615384615384 0.052884615384615384
0 0.5576923076923077 0.5709134615384616 0.052884615384615384 0.052884615384615384
0 0.4699519230769231 0.5564903846153846 0.052884615384615384 0.052884615384615384
0 0.47475961538461536 0.42427884615384615 0.052884615384615384 0.052884615384615384
0 0.43509615384615385 0.5372596153846154 0.052884615384615384 0.052884615384615384
0 0.3942307692307692 0.46634615384615385 0.052884615384615384 0.052884615384615384
0 0.40625 0.41346153846153844 0.052884615384615384 0.052884615384615384
0 0.3942307692307692 0.35336538461538464 0.052884615384615384 0.052884615384615384
0 0.12740384615384615 0.21634615384615385 0.052884615384615384 0.052884615384615384
0 0.10096153846153846 0.18629807692307693 0.052884615384615384 0.052884615384615384
0 0.06490384615384616 0.17427884615384615 0.052884615384615384 0.052884615384615384