0 0.6286057692307693 0.9254807692307693 0.05889423076923077 0.05889423076923077
0 0.546875 0.8245192307692307 0.05889423076923077 0.05889423076923077
0 0.6177884615384616 0.7752403846153846 0.05889423076923077 0.05889423076923077
0 0.6117788461538461 0.7427884615384616 0.05889423076923077 0.05889423076923077
0 0.5913461538461539 0.6778846153846154 0.05889423076923077 0.05889423076923077
0 0.5805288461538461 0.6177884615384616 0.05889423076923077 0.05889423076923077
0 0.6033653846153846 0.5997596153846154 0.05889423076923077 0.05889423076923077
0 0.5372596153846154 0.5757211538461539 0.05889423076923077 0.05889423076923077
0 0.5757211538461539 0.5685096153846154 0.05889423076923077 0.05889423076923077
0 0.5588942307692307 0.47596153846153844 0.05889423076923077 0.05889423076923077
0 0.49759615384615385 0.46274038461538464 0.05889423076923077 0.05889423076923077
0 0.46274038461538464 0.4495192307692308 0.05889423076923077 0.05889423076923077
0 0.41947115384615385 0.390625 0.05889423076923077 0.05889423076923077
0 0.39302884615384615 0.37740384615384615 0.05889423076923077 0.05889423076923077
0 0.45913461538461536 0.3629807692307692 0.05889423076923077 0.05889423076923077
0 0.36177884615384615 0.24639423076923078 0.05889423076923077 0.05889423076923077
0 0.36778846153846156 0.09375 0.05889423076923077 0.05889423076923077