0 0.9038461538461539 0.8112980769230769 0.052884615384615384 0.052884615384615384
0 0.8545673076923077 0.7572115384615384 0.052884615384615384 0.052884615384615384
0 0.8269230769230769 0.6947115384615384 0.052884615384615384 0.052884615384615384
0 0.7884615384615384 0.6814903846153846 0.052884615384615384 0.052884615384615384
0 0.7055288461538461 0.6394230769230769 0.052884615384615384 0.052884615384615384
0 0.6658653846153846 0.6322115384615384 0.052884615384615384 0.052884615384615384
0 0.6802884615384616 0.5600961538461539 0.052884615384615384 0.052884615384615384
0 0.6105769230769231 0.6322115384615384 0.052884615384615384 0.052884615384615384
0 0.5637019230769231 0.5961538461538461 0.052884615384615384 0.052884615384615384
0 0.5721153846153846 0.5372596153846154 0.052884615384615384 0.052884615384615384
0 0.5697115384615384 0.421875 0.052884615384615384 0.052884615384615384
0 0.5564903846153846 0.46274038461538464 0.052884615384615384 0.052884615384615384
0 0.5072115384615384 0.4723557692307692 0.052884615384615384 0.052884615384615384
0 0.4050480769230769 0.4074519230769231 0.052884615384615384 0.052884615384615384
0 0.27884615384615385 0.27884615384615385 0.052884615384615384 0.052884615384615384
0 0.31009615384615385 0.2283653846153846 0.052884615384615384 0.052884615384615384
0 0.25841346153846156 0.234375 0.052884615384615384 0.052884615384615384
0 0.14903846153846154 0.13822115384615385 0.052884615384615384 0.052884615384615384
0 0.20552884615384615 0.14543269230769232 0.052884615384615384 0.052884615384615384