0 0.5204326923076923 0.9543269230769231 0.052884615384615384 0.052884615384615384
0 0.5997596153846154 0.9543269230769231 0.052884615384615384 0.052884615384615384
0 0.6177884615384616 0.9194711538461539 0.052884615384615384 0.052884615384615384
0 0.6153846153846154 0.8810096153846154 0.052884615384615384 0.052884615384615384
0 0.5697115384615384 0.9182692307692307 0.052884615384615384 0.052884615384615384
0 0.4831730769230769 0.8737980769230769 0.052884615384615384 0.052884615384615384
0 0.46634615384615385 0.7992788461538461 0.052884615384615384 0.052884615384615384
0 0.41346153846153844 0.6802884615384616 0.052884615384615384 0.052884615384615384
0 0.3545673076923077 0.5552884615384616 0.052884615384615384 0.052884615384615384
0 0.40384615384615385 0.5072115384615384 0.052884615384615384 0.052884615384615384
0 0.4182692307692308 0.4182692307692308 0.052884615384615384 0.052884615384615384
0 0.3641826923076923 0.3233173076923077 0.052884615384615384 0.052884615384615384
0 0.29447115384615385 0.34615384615384615 0.052884615384615384 0.052884615384615384
0 0.23677884615384615 0.20432692307692307 0.052884615384615384 0.052884615384615384
0 0.21995192307692307 0.0889423076923077 0.052884615384615384 0.052884615384615384
0 0.26802884615384615 0.021634615384615384 0.052884615384615384 0.04326923076923077
0 0.8629807692307693 0.7680288461538461 0.052884615384615384 0.052884615384615384
0 0.7716346153846154 0.7956730769230769 0.052884615384615384 0.052884615384615384