0 0.9086538461538461 0.5913461538461539 0.052884615384615384 0.052884615384615384
0 0.8990384615384616 0.6995192307692307 0.052884615384615384 0.052884615384615384
0 0.8617788461538461 0.6646634615384616 0.052884615384615384 0.052884615384615384
0 0.8725961538461539 0.5841346153846154 0.052884615384615384 0.052884615384615384
0 0.8076923076923077 0.6875 0.052884615384615384 0.052884615384615384
0 0.7884615384615384 0.640625 0.052884615384615384 0.052884615384615384
0 0.7319711538461539 0.7019230769230769 0.052884615384615384 0.052884615384615384
0 0.7055288461538461 0.6742788461538461 0.052884615384615384 0.052884615384615384
0 0.7043269230769231 0.6069711538461539 0.052884615384615384 0.052884615384615384
0 0.6754807692307693 0.5865384615384616 0.052884615384615384 0.052884615384615384
0 0.6358173076923077 0.6045673076923077 0.052884615384615384 0.052884615384615384
0 0.5973557692307693 0.65625 0.052884615384615384 0.052884615384615384
0 0.6021634615384616 0.5721153846153846 0.052884615384615384 0.052884615384615384
0 0.5649038461538461 0.6274038461538461 0.052884615384615384 0.052884615384615384
0 0.5348557692307693 0.6189903846153846 0.052884615384615384 0.052884615384615384
0 0.5504807692307693 0.5552884615384616 0.052884615384615384 0.052884615384615384
0 0.5096153846153846 0.5853365384615384 0.052884615384615384 0.052884615384615384
0 0.44350961538461536 0.6117788461538461 0.052884615384615384 0.052884615384615384
0 0.4014423076923077 0.6021634615384616 0.052884615384615384 0.052884615384615384
0 0.42788461538461536 0.5516826923076923 0.052884615384615384 0.052884615384615384
0 0.3641826923076923 0.546875 0.052884615384615384 0.052884615384615384
0 0.38461538461538464 0.515625 0.052884615384615384 0.052884615384615384
0 0.31850961538461536 0.6021634615384616 0.052884615384615384 0.052884615384615384
0 0.24759615384615385 0.6298076923076923 0.052884615384615384 0.052884615384615384
0 0.23677884615384615 0.5817307692307693 0.052884615384615384 0.052884615384615384
0 0.26322115384615385 0.5048076923076923 0.052884615384615384 0.052884615384615384
0 0.21634615384615385 0.48197115384615385 0.052884615384615384 0.052884615384615384
0 0.18990384615384615 0.49278846153846156 0.052884615384615384 0.052884615384615384
0 0.1814903846153846 0.5504807692307693 0.052884615384615384 0.052884615384615384
0 0.18028846153846154 0.5889423076923077 0.052884615384615384 0.052884615384615384
0 0.11778846153846154 0.5444711538461539 0.052884615384615384 0.052884615384615384
0 0.06610576923076923 0.5024038461538461 0.052884615384615384 0.052884615384615384
0 0.038461538461538464 0.53125 0.052884615384615384 0.052884615384615384
0 0.03125 0.5637019230769231 0.052884615384615384 0.052884615384615384
0 0.052884615384615384 0.40024038461538464 0.052884615384615384 0.052884615384615384
0 0.026442307692307692 0.43028846153846156 0.052884615384615384 0.052884615384615384