0 0.36778846153846156 0.028846153846153848 0.052884615384615384 0.052884615384615384
0 0.4423076923076923 0.046875 0.052884615384615384 0.052884615384615384
0 0.40865384615384615 0.07932692307692307 0.052884615384615384 0.052884615384615384
0 0.46634615384615385 0.078125 0.052884615384615384 0.052884615384615384
0 0.5168269230769231 0.08653846153846154 0.052884615384615384 0.052884615384615384
0 0.45552884615384615 0.12980769230769232 0.052884615384615384 0.052884615384615384
0 0.5408653846153846 0.1466346153846154 0.052884615384615384 0.052884615384615384
0 0.453125 0.1935096153846154 0.052884615384615384 0.052884615384615384
0 0.5180288461538461 0.20552884615384615 0.052884615384615384 0.052884615384615384
0 0.40625 0.2127403846153846 0.052884615384615384 0.052884615384615384
0 0.4831730769230769 0.2403846153846154 0.052884615384615384 0.052884615384615384
0 0.4795673076923077 0.2776442307692308 0.052884615384615384 0.052884615384615384
0 0.5564903846153846 0.27283653846153844 0.052884615384615384 0.052884615384615384
0 0.5168269230769231 0.35216346153846156 0.052884615384615384 0.052884615384615384
0 0.4375 0.3161057692307692 0.052884615384615384 0.052884615384615384
0 0.4014423076923077 0.39663461538461536 0.052884615384615384 0.052884615384615384
0 0.49038461538461536 0.4423076923076923 0.052884615384615384 0.052884615384615384
0 0.5012019230769231 0.47596153846153844 0.052884615384615384 0.052884615384615384
0 0.46153846153846156 0.4651442307692308 0.052884615384615384 0.052884615384615384
0 0.41346153846153844 0.5276442307692307 0.052884615384615384 0.052884615384615384
0 0.5204326923076923 0.5264423076923077 0.052884615384615384 0.052884615384615384
0 0.5180288461538461 0.5985576923076923 0.052884615384615384 0.052884615384615384
0 0.4963942307692308 0.6370192307692307 0.052884615384615384 0.052884615384615384
0 0.4495192307692308 0.6177884615384616 0.052884615384615384 0.052884615384615384
0 0.44471153846153844 0.6490384615384616 0.052884615384615384 0.052884615384615384
0 0.48677884615384615 0.7139423076923077 0.052884615384615384 0.052884615384615384
0 0.4110576923076923 0.7163461538461539 0.052884615384615384 0.052884615384615384
0 0.40865384615384615 0.7620192307692307 0.052884615384615384 0.052884615384615384
0 0.46153846153846156 0.7848557692307693 0.052884615384615384 0.052884615384615384
0 0.4266826923076923 0.7944711538461539 0.052884615384615384 0.052884615384615384
0 0.41586538461538464 0.8449519230769231 0.052884615384615384 0.052884615384615384
0 0.44350961538461536 0.8605769230769231 0.052884615384615384 0.052884615384615384
0 0.5288461538461539 0.8713942307692307 0.052884615384615384 0.052884615384615384
0 0.4795673076923077 0.8990384615384616 0.052884615384615384 0.052884615384615384
0 0.41225961538461536 0.9230769230769231 0.052884615384615384 0.052884615384615384