0 0.8954326923076923 0.59375 0.052884615384615384 0.052884615384615384
0 0.9026442307692307 0.6382211538461539 0.052884615384615384 0.052884615384615384
0 0.8389423076923077 0.6105769230769231 0.052884615384615384 0.052884615384615384
0 0.8209134615384616 0.6899038461538461 0.052884615384615384 0.052884615384615384
0 0.7872596153846154 0.6225961538461539 0.052884615384615384 0.052884615384615384
0 0.7560096153846154 0.5865384615384616 0.052884615384615384 0.052884615384615384
0 0.7295673076923077 0.6045673076923077 0.052884615384615384 0.052884615384615384
0 0.7007211538461539 0.5805288461538461 0.052884615384615384 0.052884615384615384
0 0.7235576923076923 0.6730769230769231 0.052884615384615384 0.052884615384615384
0 0.6358173076923077 0.6610576923076923 0.052884615384615384 0.052884615384615384
0 0.6009615384615384 0.6694711538461539 0.052884615384615384 0.052884615384615384
0 0.5180288461538461 0.6526442307692307 0.052884615384615384 0.052884615384615384
0 0.4807692307692308 0.640625 0.052884615384615384 0.052884615384615384
0 0.4483173076923077 0.6298076923076923 0.052884615384615384 0.052884615384615384
0 0.4074519230769231 0.6322115384615384 0.052884615384615384 0.052884615384615384
0 0.3605769230769231 0.6610576923076923 0.052884615384615384 0.052884615384615384
0 0.39663461538461536 0.5360576923076923 0.052884615384615384 0.052884615384615384
0 0.3581730769230769 0.5901442307692307 0.052884615384615384 0.052884615384615384
0 0.24278846153846154 0.6225961538461539 0.052884615384615384 0.052884615384615384
0 0.24278846153846154 0.5480769230769231 0.052884615384615384 0.052884615384615384
0 0.22716346153846154 0.5817307692307693 0.052884615384615384 0.052884615384615384
0 0.18509615384615385 0.5745192307692307 0.052884615384615384 0.052884615384615384
0 0.125 0.5697115384615384 0.052884615384615384 0.052884615384615384
0 0.078125 0.4987980769230769 0.052884615384615384 0.052884615384615384