0 0.7091346153846154 0.8882211538461539 0.052884615384615384 0.052884615384615384
0 0.6754807692307693 0.8509615384615384 0.052884615384615384 0.052884615384615384
0 0.7163461538461539 0.8052884615384616 0.052884615384615384 0.052884615384615384
0 0.6947115384615384 0.7199519230769231 0.052884615384615384 0.052884615384615384
0 0.6754807692307693 0.6995192307692307 0.052884615384615384 0.052884615384615384
0 0.5913461538461539 0.8137019230769231 0.052884615384615384 0.052884615384615384
0 0.6286057692307693 0.7848557692307693 0.052884615384615384 0.052884615384615384
0 0.5769230769230769 0.7463942307692307 0.052884615384615384 0.052884615384615384
0 0.5372596153846154 0.71875 0.052884615384615384 0.052884615384615384
0 0.49038461538461536 0.65625 0.052884615384615384 0.052884615384615384
0 0.5600961538461539 0.5649038461538461 0.052884615384615384 0.052884615384615384
0 0.45913461538461536 0.4026442307692308 0.052884615384615384 0.052884615384615384
0 0.45552884615384615 0.5625 0.052884615384615384 0.052884615384615384
0 0.39783653846153844 0.4098557692307692 0.052884615384615384 0.052884615384615384
0 0.3485576923076923 0.5024038461538461 0.052884615384615384 0.052884615384615384
0 0.3233173076923077 0.4543269230769231 0.052884615384615384 0.052884615384615384
0 0.33774038461538464 0.38341346153846156 0.052884615384615384 0.052884615384615384
0 0.31009615384615385 0.34134615384615385 0.052884615384615384 0.052884615384615384
0 0.2764423076923077 0.27403846153846156 0.052884615384615384 0.052884615384615384
0 0.25961538461538464 0.42908653846153844 0.052884615384615384 0.052884615384615384