0 0.03245192307692308 0.8822115384615384 0.052884615384615384 0.052884615384615384
0 0.08413461538461539 0.8870192307692307 0.052884615384615384 0.052884615384615384
0 0.052884615384615384 0.7788461538461539 0.052884615384615384 0.052884615384615384
0 0.11177884615384616 0.8677884615384616 0.052884615384615384 0.052884615384615384
0 0.14543269230769232 0.8509615384615384 0.052884615384615384 0.052884615384615384
0 0.18028846153846154 0.8485576923076923 0.052884615384615384 0.052884615384615384
0 0.1658653846153846 0.7944711538461539 0.052884615384615384 0.052884615384615384
0 0.17427884615384615 0.7439903846153846 0.052884615384615384 0.052884615384615384
0 0.24639423076923078 0.7524038461538461 0.052884615384615384 0.052884615384615384
0 0.3401442307692308 0.8257211538461539 0.052884615384615384 0.052884615384615384
0 0.3737980769230769 0.8028846153846154 0.052884615384615384 0.052884615384615384
0 0.4639423076923077 0.8052884615384616 0.052884615384615384 0.052884615384615384
0 0.5300480769230769 0.7824519230769231 0.052884615384615384 0.052884615384615384
0 0.4543269230769231 0.6838942307692307 0.052884615384615384 0.052884615384615384
0 0.6153846153846154 0.6538461538461539 0.052884615384615384 0.052884615384615384
0 0.5192307692307693 0.6442307692307693 0.052884615384615384 0.052884615384615384
0 0.6394230769230769 0.7259615384615384 0.052884615384615384 0.052884615384615384
0 0.6778846153846154 0.7019230769230769 0.052884615384615384 0.052884615384615384
0 0.6382211538461539 0.5961538461538461 0.052884615384615384 0.052884615384615384
0 0.6550480769230769 0.5384615384615384 0.052884615384615384 0.052884615384615384
0 0.7439903846153846 0.5072115384615384 0.052884615384615384 0.052884615384615384
0 0.7704326923076923 0.48677884615384615 0.052884615384615384 0.052884615384615384
0 0.78125 0.45552884615384615 0.052884615384615384 0.052884615384615384
0 0.8617788461538461 0.39903846153846156 0.052884615384615384 0.052884615384615384
0 0.8161057692307693 0.3329326923076923 0.052884615384615384 0.052884615384615384
0 0.8737980769230769 0.35216346153846156 0.052884615384615384 0.052884615384615384
0 0.8930288461538461 0.3004807692307692 0.052884615384615384 0.052884615384615384