0 0.23197115384615385 0.7043269230769231 0.052884615384615384 0.052884615384615384
0 0.12740384615384615 0.5805288461538461 0.052884615384615384 0.052884615384615384
0 0.203125 0.515625 0.052884615384615384 0.052884615384615384
0 0.1502403846153846 0.46033653846153844 0.052884615384615384 0.052884615384615384
0 0.1622596153846154 0.390625 0.052884615384615384 0.052884615384615384
0 0.1778846153846154 0.28846153846153844 0.052884615384615384 0.052884615384615384
0 0.22355769230769232 0.2283653846153846 0.052884615384615384 0.052884615384615384
0 0.16947115384615385 0.24278846153846154 0.052884615384615384 0.052884615384615384
0 0.15865384615384615 0.21394230769230768 0.052884615384615384 0.052884615384615384
0 0.09975961538461539 0.1935096153846154 0.052884615384615384 0.052884615384615384
0 0.09615384615384616 0.06490384615384616 0.052884615384615384 0.052884615384615384
0 0.056490384615384616 0.08774038461538461 0.052884615384615384 0.052884615384615384
0 0.16105769230769232 0.028846153846153848 0.052884615384615384 0.052884615384615384
0 0.12620192307692307 0.021634615384615384 0.052884615384615384 0.04326923076923077
0 0.22115384615384615 0.34134615384615385 0.052884615384615384 0.052884615384615384
0 0.3016826923076923 0.24278846153846154 0.052884615384615384 0.052884615384615384
0 0.25240384615384615 0.14302884615384615 0.052884615384615384 0.052884615384615384
0 0.3557692307692308 0.7632211538461539 0.052884615384615384 0.052884615384615384
0 0.3088942307692308 0.6875 0.052884615384615384 0.052884615384615384
0 0.40865384615384615 0.7127403846153846 0.052884615384615384 0.052884615384615384
0 0.44591346153846156 0.6935096153846154 0.052884615384615384 0.052884615384615384
0 0.47836538461538464 0.6526442307692307 0.052884615384615384 0.052884615384615384
0 0.5084134615384616 0.6057692307692307 0.052884615384615384 0.052884615384615384
0 0.46153846153846156 0.5504807692307693 0.052884615384615384 0.052884615384615384
0 0.5637019230769231 0.5048076923076923 0.052884615384615384 0.052884615384615384
0 0.5600961538461539 0.5552884615384616 0.052884615384615384 0.052884615384615384
0 0.5853365384615384 0.5985576923076923 0.052884615384615384 0.052884615384615384
0 0.6322115384615384 0.5697115384615384 0.052884615384615384 0.052884615384615384
0 0.6105769230769231 0.5084134615384616 0.052884615384615384 0.052884615384615384
0 0.6935096153846154 0.5216346153846154 0.052884615384615384 0.052884615384615384
0 0.19471153846153846 0.8870192307692307 0.052884615384615384 0.052884615384615384
0 0.3713942307692308 0.6826923076923077 0.052884615384615384 0.052884615384615384
0 0.48197115384615385 0.78125 0.052884615384615384 0.052884615384615384
0 0.5889423076923077 0.7247596153846154 0.052884615384615384 0.052884615384615384
0 0.5612980769230769 0.65625 0.052884615384615384 0.052884615384615384
0 0.65625 0.6634615384615384 0.052884615384615384 0.052884615384615384
0 0.7620192307692307 0.4855769230769231 0.052884615384615384 0.052884615384615384
0 0.71875 0.48197115384615385 0.052884615384615384 0.052884615384615384
0 0.6526442307692307 0.4831730769230769 0.052884615384615384 0.052884615384615384
0 0.6790865384615384 0.4411057692307692 0.052884615384615384 0.052884615384615384
0 0.7512019230769231 0.3894230769230769 0.052884615384615384 0.052884615384615384
0 0.7920673076923077 0.3004807692307692 0.052884615384615384 0.052884615384615384
0 0.7668269230769231 0.27884615384615385 0.052884615384615384 0.052884615384615384
0 0.7415865384615384 0.22235576923076922 0.052884615384615384 0.052884615384615384
0 0.6911057692307693 0.265625 0.052884615384615384 0.052884615384615384
0 0.6838942307692307 0.18509615384615385 0.052884615384615384 0.052884615384615384
0 0.734375 0.12259615384615384 0.052884615384615384 0.052884615384615384
0 0.6213942307692307 0.055288461538461536 0.052884615384615384 0.052884615384615384