0 0.18990384615384615 0.3112980769230769 0.052884615384615384 0.052884615384615384
0 0.3004807692307692 0.3389423076923077 0.052884615384615384 0.052884615384615384
0 0.21634615384615385 0.3629807692307692 0.052884615384615384 0.052884615384615384
0 0.2620192307692308 0.40384615384615385 0.052884615384615384 0.052884615384615384
0 0.3125 0.3737980769230769 0.052884615384615384 0.052884615384615384
0 0.4110576923076923 0.4050480769230769 0.052884615384615384 0.052884615384615384
0 0.3858173076923077 0.45072115384615385 0.052884615384615384 0.052884615384615384
0 0.3016826923076923 0.4987980769230769 0.052884615384615384 0.052884615384615384
0 0.3389423076923077 0.5444711538461539 0.052884615384615384 0.052884615384615384
0 0.359375 0.5745192307692307 0.052884615384615384 0.052884615384615384
0 0.40865384615384615 0.6430288461538461 0.052884615384615384 0.052884615384615384
0 0.3870192307692308 0.6141826923076923 0.052884615384615384 0.052884615384615384
0 0.41346153846153844 0.6129807692307693 0.052884615384615384 0.052884615384615384
0 0.4675480769230769 0.625 0.052884615384615384 0.052884615384615384
0 0.49759615384615385 0.6959134615384616 0.052884615384615384 0.052884615384615384
0 0.5264423076923077 0.7115384615384616 0.052884615384615384 0.052884615384615384
0 0.49278846153846156 0.7620192307692307 0.052884615384615384 0.052884615384615384
0 0.48677884615384615 0.7980769230769231 0.052884615384615384 0.052884615384615384
0 0.5060096153846154 0.8293269230769231 0.052884615384615384 0.052884615384615384
0 0.5588942307692307 0.7740384615384616 0.052884615384615384 0.052884615384615384
0 0.5661057692307693 0.8233173076923077 0.052884615384615384 0.052884615384615384
0 0.5360576923076923 0.9326923076923077 0.052884615384615384 0.052884615384615384
0 0.5492788461538461 0.9146634615384616 0.052884615384615384 0.052884615384615384
0 0.5877403846153846 0.9050480769230769 0.052884615384615384 0.052884615384615384
0 0.6045673076923077 0.8581730769230769 0.052884615384615384 0.052884615384615384
0 0.6358173076923077 0.8677884615384616 0.052884615384615384 0.052884615384615384
0 0.609375 0.8942307692307693 0.052884615384615384 0.052884615384615384
0 0.6790865384615384 0.9194711538461539 0.052884615384615384 0.052884615384615384
0 0.6983173076923077 0.9362980769230769 0.052884615384615384 0.052884615384615384
0 0.0625 0.26322115384615385 0.052884615384615384 0.052884615384615384
0 0.1466346153846154 0.1658653846153846 0.052884615384615384 0.052884615384615384
0 0.21153846153846154 0.20552884615384615 0.052884615384615384 0.052884615384615384
0 0.32091346153846156 0.3004807692307692 0.052884615384615384 0.052884615384615384
0 0.3245192307692308 0.23918269230769232 0.052884615384615384 0.052884615384615384
0 0.27403846153846156 0.20673076923076922 0.052884615384615384 0.052884615384615384
0 0.26802884615384615 0.17307692307692307 0.052884615384615384 0.052884615384615384
0 0.29927884615384615 0.15264423076923078 0.052884615384615384 0.052884615384615384
0 0.28365384615384615 0.08774038461538461 0.052884615384615384 0.052884615384615384
0 0.3317307692307692 0.14423076923076922 0.052884615384615384 0.052884615384615384
0 0.38100961538461536 0.14903846153846154 0.052884615384615384 0.052884615384615384
0 0.5240384615384616 0.24278846153846154 0.052884615384615384 0.052884615384615384
0 0.5697115384615384 0.23197115384615385 0.052884615384615384 0.052884615384615384
0 0.5877403846153846 0.21153846153846154 0.052884615384615384 0.052884615384615384
0 0.5793269230769231 0.18389423076923078 0.052884615384615384 0.052884615384615384
0 0.5637019230769231 0.13701923076923078 0.052884615384615384 0.052884615384615384
0 0.5264423076923077 0.18389423076923078 0.052884615384615384 0.052884615384615384
0 0.6586538461538461 0.29447115384615385 0.052884615384615384 0.052884615384615384
0 0.7223557692307693 0.23918269230769232 0.052884615384615384 0.052884615384615384
0 0.7367788461538461 0.20673076923076922 0.052884615384615384 0.052884615384615384
0 0.71875 0.10576923076923077 0.052884615384615384 0.052884615384615384
0 0.7740384615384616 0.14423076923076922 0.052884615384615384 0.052884615384615384
0 0.8413461538461539 0.12139423076923077 0.052884615384615384 0.052884615384615384
0 0.8112980769230769 0.19591346153846154 0.052884615384615384 0.052884615384615384
0 0.7007211538461539 0.18509615384615385 0.052884615384615384 0.052884615384615384
0 0.45552884615384615 0.26322115384615385 0.052884615384615384 0.052884615384615384