0 0.20192307692307693 0.13822115384615385 0.052884615384615384 0.052884615384615384
0 0.18028846153846154 0.20072115384615385 0.052884615384615384 0.052884615384615384
0 0.12259615384615384 0.24278846153846154 0.052884615384615384 0.052884615384615384
0 0.1141826923076923 0.30528846153846156 0.052884615384615384 0.052884615384615384
0 0.11298076923076923 0.4026442307692308 0.052884615384615384 0.052884615384615384
0 0.27884615384615385 0.19471153846153846 0.052884615384615384 0.052884615384615384
0 0.25 0.2920673076923077 0.052884615384615384 0.052884615384615384
0 0.23677884615384615 0.33413461538461536 0.052884615384615384 0.052884615384615384
0 0.21153846153846154 0.34975961538461536 0.052884615384615384 0.052884615384615384
0 0.4891826923076923 0.38221153846153844 0.052884615384615384 0.052884615384615384
0 0.4170673076923077 0.4170673076923077 0.052884615384615384 0.052884615384615384
0 0.4639423076923077 0.44591346153846156 0.052884615384615384 0.052884615384615384
0 0.44591346153846156 0.47115384615384615 0.052884615384615384 0.052884615384615384
0 0.4266826923076923 0.5180288461538461 0.052884615384615384 0.052884615384615384
0 0.4074519230769231 0.6117788461538461 0.052884615384615384 0.052884615384615384
0 0.30288461538461536 0.6213942307692307 0.052884615384615384 0.052884615384615384
0 0.35216346153846156 0.6706730769230769 0.052884615384615384 0.052884615384615384
0 0.3125 0.6694711538461539 0.052884615384615384 0.052884615384615384
0 0.3870192307692308 0.7487980769230769 0.052884615384615384 0.052884615384615384
0 0.26802884615384615 0.8100961538461539 0.052884615384615384 0.052884615384615384
0 0.2512019230769231 0.8509615384615384 0.052884615384615384 0.052884615384615384
0 0.17307692307692307 0.9086538461538461 0.052884615384615384 0.052884615384615384
0 0.47716346153846156 0.3317307692307692 0.052884615384615384 0.052884615384615384
0 0.6310096153846154 0.3112980769230769 0.052884615384615384 0.052884615384615384
0 0.6959134615384616 0.46033653846153844 0.052884615384615384 0.052884615384615384
0 0.8209134615384616 0.5024038461538461 0.052884615384615384 0.052884615384615384
0 0.8485576923076923 0.5757211538461539 0.052884615384615384 0.052884615384615384
0 0.8954326923076923 0.5793269230769231 0.052884615384615384 0.052884615384615384
0 0.9423076923076923 0.5757211538461539 0.052884615384615384 0.052884615384615384
0 0.7367788461538461 0.5865384615384616 0.052884615384615384 0.052884615384615384
0 0.7512019230769231 0.6790865384615384 0.052884615384615384 0.052884615384615384
0 0.7836538461538461 0.6322115384615384 0.052884615384615384 0.052884615384615384
0 0.8737980769230769 0.6947115384615384 0.052884615384615384 0.052884615384615384
0 0.7043269230769231 0.6430288461538461 0.052884615384615384 0.052884615384615384
0 0.7007211538461539 0.5733173076923077 0.052884615384615384 0.052884615384615384