0 0.6550480769230769 0.021634615384615384 0.052884615384615384 0.04326923076923077
0 0.7427884615384616 0.02403846153846154 0.052884615384615384 0.04807692307692308
0 0.7115384615384616 0.10216346153846154 0.052884615384615384 0.052884615384615384
0 0.6033653846153846 0.33052884615384615 0.052884615384615384 0.052884615384615384
0 0.6899038461538461 0.4098557692307692 0.052884615384615384 0.052884615384615384
0 0.6478365384615384 0.4026442307692308 0.052884615384615384 0.052884615384615384
0 0.6358173076923077 0.43990384615384615 0.052884615384615384 0.052884615384615384
0 0.6454326923076923 0.49038461538461536 0.052884615384615384 0.052884615384615384
0 0.5949519230769231 0.5168269230769231 0.052884615384615384 0.052884615384615384
0 0.5324519230769231 0.5192307692307693 0.052884615384615384 0.052884615384615384
0 0.4807692307692308 0.6045673076923077 0.052884615384615384 0.052884615384615384
0 0.41586538461538464 0.6298076923076923 0.052884615384615384 0.052884615384615384
0 0.375 0.6189903846153846 0.052884615384615384 0.052884615384615384
0 0.38221153846153844 0.6754807692307693 0.052884615384615384 0.052884615384615384
0 0.31850961538461536 0.6754807692307693 0.052884615384615384 0.052884615384615384
0 0.3245192307692308 0.7211538461538461 0.052884615384615384 0.052884615384615384
0 0.34975961538461536 0.7367788461538461 0.052884615384615384 0.052884615384615384
0 0.30288461538461536 0.7692307692307693 0.052884615384615384 0.052884615384615384
0 0.28725961538461536 0.7944711538461539 0.052884615384615384 0.052884615384615384
0 0.28725961538461536 0.7367788461538461 0.052884615384615384 0.052884615384615384
0 0.24639423076923078 0.7680288461538461 0.052884615384615384 0.052884615384615384
0 0.203125 0.859375 0.052884615384615384 0.052884615384615384