0 0.9651442307692307 0.7247596153846154 0.052884615384615384 0.052884615384615384
0 0.7632211538461539 0.6875 0.052884615384615384 0.052884615384615384
0 0.6983173076923077 0.6610576923076923 0.052884615384615384 0.052884615384615384
0 0.65625 0.6237980769230769 0.052884615384615384 0.052884615384615384
0 0.6045673076923077 0.5805288461538461 0.052884615384615384 0.052884615384615384
0 0.6598557692307693 0.5252403846153846 0.052884615384615384 0.052884615384615384
0 0.7355769230769231 0.5528846153846154 0.052884615384615384 0.052884615384615384
0 0.578125 0.45913461538461536 0.052884615384615384 0.052884615384615384
0 0.4338942307692308 0.36177884615384615 0.052884615384615384 0.052884615384615384
0 0.4795673076923077 0.47115384615384615 0.052884615384615384 0.052884615384615384
0 0.2692307692307692 0.29086538461538464 0.052884615384615384 0.052884615384615384
0 0.33653846153846156 0.2848557692307692 0.052884615384615384 0.052884615384615384
0 0.11778846153846154 0.2860576923076923 0.052884615384615384 0.052884615384615384
0 0.33774038461538464 0.38341346153846156 0.052884615384615384 0.052884615384615384
0 0.375 0.421875 0.052884615384615384 0.052884615384615384
0 0.35697115384615385 0.44591346153846156 0.052884615384615384 0.052884615384615384
0 0.34134615384615385 0.49278846153846156 0.052884615384615384 0.052884615384615384
0 0.27163461538461536 0.5048076923076923 0.052884615384615384 0.052884615384615384
0 0.20432692307692307 0.43509615384615385 0.052884615384615384 0.052884615384615384
0 0.14903846153846154 0.421875 0.052884615384615384 0.052884615384615384
0 0.21153846153846154 0.5072115384615384 0.052884615384615384 0.052884615384615384