0 0.30528846153846156 0.5480769230769231 0.052884615384615384 0.052884615384615384
0 0.359375 0.5516826923076923 0.052884615384615384 0.052884615384615384
0 0.40024038461538464 0.5408653846153846 0.052884615384615384 0.052884615384615384
0 0.44471153846153844 0.5360576923076923 0.052884615384615384 0.052884615384615384
0 0.38822115384615385 0.34134615384615385 0.052884615384615384 0.052884615384615384
0 0.40865384615384615 0.39663461538461536 0.052884615384615384 0.052884615384615384
0 0.4795673076923077 0.45072115384615385 0.052884615384615384 0.052884615384615384
0 0.4963942307692308 0.515625 0.052884615384615384 0.052884615384615384
0 0.53125 0.53125 0.052884615384615384 0.052884615384615384
0 0.6009615384615384 0.5240384615384616 0.052884615384615384 0.052884615384615384
0 0.7572115384615384 0.5805288461538461 0.052884615384615384 0.052884615384615384
0 0.6225961538461539 0.39302884615384615 0.052884615384615384 0.052884615384615384
0 0.8100961538461539 0.4266826923076923 0.052884615384615384 0.052884615384615384
0 0.8449519230769231 0.5300480769230769 0.052884615384615384 0.052884615384615384
0 0.9038461538461539 0.5336538461538461 0.052884615384615384 0.052884615384615384
0 0.9711538461538461 0.6694711538461539 0.052884615384615384 0.052884615384615384
0 0.7992788461538461 0.6105769230769231 0.052884615384615384 0.052884615384615384