0 0.9146634615384616 0.20793269230769232 0.052884615384615384 0.052884615384615384
0 0.8762019230769231 0.23557692307692307 0.052884615384615384 0.052884615384615384
0 0.8569711538461539 0.29447115384615385 0.052884615384615384 0.052884615384615384
0 0.9375 0.3401442307692308 0.052884615384615384 0.052884615384615384
0 0.8774038461538461 0.35096153846153844 0.052884615384615384 0.052884615384615384
0 0.8413461538461539 0.3485576923076923 0.052884615384615384 0.052884615384615384
0 0.7379807692307693 0.38221153846153844 0.052884615384615384 0.052884615384615384
0 0.9278846153846154 0.46875 0.052884615384615384 0.052884615384615384
0 0.8557692307692307 0.4807692307692308 0.052884615384615384 0.052884615384615384
0 0.7788461538461539 0.5588942307692307 0.052884615384615384 0.052884615384615384
0 0.8930288461538461 0.5925480769230769 0.052884615384615384 0.052884615384615384
0 0.9038461538461539 0.7067307692307693 0.052884615384615384 0.052884615384615384
0 0.8810096153846154 0.8125 0.052884615384615384 0.052884615384615384
0 0.8533653846153846 0.859375 0.052884615384615384 0.052884615384615384
0 0.7956730769230769 0.8822115384615384 0.052884615384615384 0.052884615384615384
0 0.7788461538461539 0.1045673076923077 0.052884615384615384 0.052884615384615384
0 0.8004807692307693 0.17067307692307693 0.052884615384615384 0.052884615384615384
0 0.7800480769230769 0.19951923076923078 0.052884615384615384 0.052884615384615384
0 0.7475961538461539 0.2127403846153846 0.052884615384615384 0.052884615384615384
0 0.6802884615384616 0.15625 0.052884615384615384 0.052884615384615384
0 0.6947115384615384 0.2620192307692308 0.052884615384615384 0.052884615384615384
0 0.6490384615384616 0.21153846153846154 0.052884615384615384 0.052884615384615384
0 0.6322115384615384 0.26802884615384615 0.052884615384615384 0.052884615384615384
0 0.6045673076923077 0.2920673076923077 0.052884615384615384 0.052884615384615384
0 0.5384615384615384 0.24639423076923078 0.052884615384615384 0.052884615384615384
0 0.5180288461538461 0.2764423076923077 0.052884615384615384 0.052884615384615384
0 0.5480769230769231 0.3473557692307692 0.052884615384615384 0.052884615384615384
0 0.4495192307692308 0.35096153846153844 0.052884615384615384 0.052884615384615384
0 0.4987980769230769 0.38100961538461536 0.052884615384615384 0.052884615384615384
0 0.5276442307692307 0.4338942307692308 0.052884615384615384 0.052884615384615384
0 0.49278846153846156 0.41346153846153844 0.052884615384615384 0.052884615384615384
0 0.3858173076923077 0.41346153846153844 0.052884615384615384 0.052884615384615384
0 0.36778846153846156 0.45072115384615385 0.052884615384615384 0.052884615384615384
0 0.4639423076923077 0.5132211538461539 0.052884615384615384 0.052884615384615384
0 0.3701923076923077 0.5084134615384616 0.052884615384615384 0.052884615384615384
0 0.4423076923076923 0.578125 0.052884615384615384 0.052884615384615384
0 0.3317307692307692 0.5685096153846154 0.052884615384615384 0.052884615384615384
0 0.38461538461538464 0.6430288461538461 0.052884615384615384 0.052884615384615384
0 0.35697115384615385 0.6658653846153846 0.052884615384615384 0.052884615384615384
0 0.35336538461538464 0.6237980769230769 0.052884615384615384 0.052884615384615384
0 0.1814903846153846 0.7536057692307693 0.052884615384615384 0.052884615384615384
0 0.15264423076923078 0.8233173076923077 0.052884615384615384 0.052884615384615384
0 0.12860576923076922 0.7704326923076923 0.052884615384615384 0.052884615384615384
0 0.08173076923076923 0.7764423076923077 0.052884615384615384 0.052884615384615384
0 0.11177884615384616 0.8834134615384616 0.052884615384615384 0.052884615384615384
0 0.08653846153846154 0.9314903846153846 0.052884615384615384 0.052884615384615384
0 0.23677884615384615 0.7067307692307693 0.052884615384615384 0.052884615384615384
0 0.5805288461538461 0.17548076923076922 0.052884615384615384 0.052884615384615384
0 0.5168269230769231 0.1814903846153846 0.052884615384615384 0.052884615384615384
0 0.5168269230769231 0.09735576923076923 0.052884615384615384 0.052884615384615384
0 0.40865384615384615 0.17668269230769232 0.052884615384615384 0.052884615384615384
0 0.42788461538461536 0.11298076923076923 0.052884615384615384 0.052884615384615384
0 0.28365384615384615 0.11778846153846154 0.052884615384615384 0.052884615384615384
0 0.40384615384615385 0.7043269230769231 0.052884615384615384 0.052884615384615384
0 0.40865384615384615 0.75 0.052884615384615384 0.052884615384615384
0 0.36899038461538464 0.7271634615384616 0.052884615384615384 0.052884615384615384
0 0.3557692307692308 0.8076923076923077 0.052884615384615384 0.052884615384615384