0 0.7427884615384616 0.8497596153846154 0.052884615384615384 0.052884615384615384
0 0.7127403846153846 0.7752403846153846 0.052884615384615384 0.052884615384615384
0 0.7439903846153846 0.7271634615384616 0.052884615384615384 0.052884615384615384
0 0.7680288461538461 0.6490384615384616 0.052884615384615384 0.052884615384615384
0 0.7980769230769231 0.5600961538461539 0.052884615384615384 0.052884615384615384
0 0.8617788461538461 0.5384615384615384 0.052884615384615384 0.052884615384615384
0 0.8617788461538461 0.4879807692307692 0.052884615384615384 0.052884615384615384
0 0.8822115384615384 0.4387019230769231 0.052884615384615384 0.052884615384615384
0 0.8197115384615384 0.42427884615384615 0.052884615384615384 0.052884615384615384
0 0.9134615384615384 0.5 0.052884615384615384 0.052884615384615384
0 0.9086538461538461 0.3870192307692308 0.052884615384615384 0.052884615384615384
0 0.9110576923076923 0.35096153846153844 0.052884615384615384 0.052884615384615384
0 0.796875 0.6225961538461539 0.052884615384615384 0.052884615384615384
0 0.8185096153846154 0.296875 0.052884615384615384 0.052884615384615384
0 0.8882211538461539 0.22956730769230768 0.052884615384615384 0.052884615384615384
0 0.9014423076923077 0.18870192307692307 0.052884615384615384 0.052884615384615384
0 0.9134615384615384 0.15264423076923078 0.052884615384615384 0.052884615384615384
0 0.8040865384615384 0.20552884615384615 0.052884615384615384 0.052884615384615384
0 0.8137019230769231 0.07572115384615384 0.052884615384615384 0.052884615384615384
0 0.6334134615384616 0.8161057692307693 0.052884615384615384 0.052884615384615384
0 0.6322115384615384 0.7247596153846154 0.052884615384615384 0.052884615384615384
0 0.640625 0.6382211538461539 0.052884615384615384 0.052884615384615384
0 0.5444711538461539 0.6538461538461539 0.052884615384615384 0.052884615384615384
0 0.6009615384615384 0.5841346153846154 0.052884615384615384 0.052884615384615384
0 0.5733173076923077 0.5444711538461539 0.052884615384615384 0.052884615384615384
0 0.5673076923076923 0.49399038461538464 0.052884615384615384 0.052884615384615384
0 0.43990384615384615 0.5276442307692307 0.052884615384615384 0.052884615384615384
0 0.4795673076923077 0.45552884615384615 0.052884615384615384 0.052884615384615384
0 0.41466346153846156 0.3329326923076923 0.052884615384615384 0.052884615384615384
0 0.4230769230769231 0.29447115384615385 0.052884615384615384 0.052884615384615384
0 0.36658653846153844 0.16105769230769232 0.052884615384615384 0.052884615384615384
0 0.44711538461538464 0.18028846153846154 0.052884615384615384 0.052884615384615384
0 0.6286057692307693 0.90625 0.052884615384615384 0.052884615384615384
0 0.5805288461538461 0.828125 0.052884615384615384 0.052884615384615384
0 0.5552884615384616 0.8052884615384616 0.052884615384615384 0.052884615384615384
0 0.5216346153846154 0.8425480769230769 0.052884615384615384 0.052884615384615384
0 0.45913461538461536 0.7884615384615384 0.052884615384615384 0.052884615384615384
0 0.46153846153846156 0.7235576923076923 0.052884615384615384 0.052884615384615384
0 0.42908653846153844 0.7367788461538461 0.052884615384615384 0.052884615384615384
0 0.375 0.7572115384615384 0.052884615384615384 0.052884615384615384
0 0.3173076923076923 0.7307692307692307 0.052884615384615384 0.052884615384615384
0 0.3389423076923077 0.6923076923076923 0.052884615384615384 0.052884615384615384
0 0.30528846153846156 0.6875 0.052884615384615384 0.052884615384615384
0 0.25600961538461536 0.7608173076923077 0.052884615384615384 0.052884615384615384
0 0.22355769230769232 0.7824519230769231 0.052884615384615384 0.052884615384615384
0 0.23677884615384615 0.6850961538461539 0.052884615384615384 0.052884615384615384
0 0.2247596153846154 0.71875 0.052884615384615384 0.052884615384615384
0 0.20673076923076922 0.6622596153846154 0.052884615384615384 0.052884615384615384
0 0.14302884615384615 0.7704326923076923 0.052884615384615384 0.052884615384615384
0 0.11778846153846154 0.7956730769230769 0.052884615384615384 0.052884615384615384
0 0.06971153846153846 0.8076923076923077 0.052884615384615384 0.052884615384615384
0 0.0829326923076923 0.7043269230769231 0.052884615384615384 0.052884615384615384