0 0.8545673076923077 0.9230769230769231 0.19591346153846154 0.06490384615384616
0 0.65625 0.8305288461538461 0.19591346153846154 0.06490384615384616
0 0.14182692307692307 0.6274038461538461 0.19591346153846154 0.06490384615384616
0 0.34375 0.5889423076923077 0.19591346153846154 0.06490384615384616
0 0.7103365384615384 0.6225961538461539 0.19591346153846154 0.06490384615384616
0 0.6346153846153846 0.5444711538461539 0.19591346153846154 0.06490384615384616
0 0.6526442307692307 0.49158653846153844 0.19591346153846154 0.06490384615384616
0 0.2644230769230769 0.375 0.19591346153846154 0.06490384615384616
0 0.3954326923076923 0.3894230769230769 0.19591346153846154 0.06490384615384616
0 0.3954326923076923 0.27403846153846156 0.19591346153846154 0.06490384615384616
0 0.6742788461538461 0.3449519230769231 0.19591346153846154 0.06490384615384616
0 0.7824519230769231 0.19591346153846154 0.19591346153846154 0.06490384615384616
0 0.7824519230769231 0.09495192307692307 0.19591346153846154 0.06490384615384616
0 0.5072115384615384 0.0733173076923077 0.19591346153846154 0.06490384615384616