0 0.09735576923076923 0.9603365384615384 0.052884615384615384 0.052884615384615384
0 0.14543269230769232 0.9086538461538461 0.052884615384615384 0.052884615384615384
0 0.17307692307692307 0.8329326923076923 0.052884615384615384 0.052884615384615384
0 0.28846153846153844 0.8161057692307693 0.052884615384615384 0.052884615384615384
0 0.3173076923076923 0.8834134615384616 0.052884615384615384 0.052884615384615384
0 0.296875 0.9074519230769231 0.052884615384615384 0.052884615384615384
0 0.3161057692307692 0.8461538461538461 0.052884615384615384 0.052884615384615384
0 0.43990384615384615 0.890625 0.052884615384615384 0.052884615384615384
0 0.46634615384615385 0.7572115384615384 0.052884615384615384 0.052884615384615384
0 0.4879807692307692 0.6959134615384616 0.052884615384615384 0.052884615384615384
0 0.5288461538461539 0.7307692307692307 0.052884615384615384 0.052884615384615384
0 0.5841346153846154 0.7319711538461539 0.052884615384615384 0.052884615384615384
0 0.6057692307692307 0.6911057692307693 0.052884615384615384 0.052884615384615384
0 0.5649038461538461 0.6670673076923077 0.052884615384615384 0.052884615384615384
0 0.5913461538461539 0.6286057692307693 0.052884615384615384 0.052884615384615384
0 0.6033653846153846 0.578125 0.052884615384615384 0.052884615384615384
0 0.6550480769230769 0.640625 0.052884615384615384 0.052884615384615384
0 0.6658653846153846 0.6129807692307693 0.052884615384615384 0.052884615384615384
0 0.6911057692307693 0.6177884615384616 0.052884615384615384 0.052884615384615384
0 0.6983173076923077 0.5012019230769231 0.052884615384615384 0.052884615384615384
0 0.7439903846153846 0.4495192307692308 0.052884615384615384 0.052884615384615384
0 0.6586538461538461 0.4879807692307692 0.052884615384615384 0.052884615384615384
0 0.6923076923076923 0.41346153846153844 0.052884615384615384 0.052884615384615384
0 0.6995192307692307 0.38221153846153844 0.052884615384615384 0.052884615384615384
0 0.7259615384615384 0.3401442307692308 0.052884615384615384 0.052884615384615384
0 0.7788461538461539 0.3245192307692308 0.052884615384615384 0.052884615384615384
0 0.8413461538461539 0.3173076923076923 0.052884615384615384 0.052884615384615384
0 0.7764423076923077 0.2824519230769231 0.052884615384615384 0.052884615384615384
0 0.6983173076923077 0.265625 0.052884615384615384 0.052884615384615384
0 0.7115384615384616 0.21875 0.052884615384615384 0.052884615384615384
0 0.8052884615384616 0.19951923076923078 0.052884615384615384 0.052884615384615384
0 0.734375 0.16947115384615385 0.052884615384615384 0.052884615384615384
0 0.6646634615384616 0.15625 0.052884615384615384 0.052884615384615384
0 0.7271634615384616 0.0673076923076923 0.052884615384615384 0.052884615384615384
0 0.5949519230769231 0.7668269230769231 0.052884615384615384 0.052884615384615384
0 0.7632211538461539 0.7788461538461539 0.052884615384615384 0.052884615384615384
0 0.5084134615384616 0.828125 0.052884615384615384 0.052884615384615384
0 0.5757211538461539 0.8245192307692307 0.052884615384615384 0.052884615384615384
0 0.5576923076923077 0.8605769230769231 0.052884615384615384 0.052884615384615384
0 0.6887019230769231 0.7596153846153846 0.052884615384615384 0.052884615384615384
0 0.7367788461538461 0.9134615384615384 0.052884615384615384 0.052884615384615384