0 0.921875 0.44350961538461536 0.052884615384615384 0.052884615384615384
0 0.9302884615384616 0.5240384615384616 0.052884615384615384 0.052884615384615384
0 0.8822115384615384 0.5492788461538461 0.052884615384615384 0.052884615384615384
0 0.8076923076923077 0.5420673076923077 0.052884615384615384 0.052884615384615384
0 0.7475961538461539 0.5685096153846154 0.052884615384615384 0.052884615384615384
0 0.7259615384615384 0.5024038461538461 0.052884615384615384 0.052884615384615384
0 0.6598557692307693 0.515625 0.052884615384615384 0.052884615384615384
0 0.6322115384615384 0.5300480769230769 0.052884615384615384 0.052884615384615384
0 0.6334134615384616 0.6021634615384616 0.052884615384615384 0.052884615384615384
0 0.5528846153846154 0.5877403846153846 0.052884615384615384 0.052884615384615384
0 0.49158653846153844 0.6394230769230769 0.052884615384615384 0.052884615384615384
0 0.4579326923076923 0.6634615384615384 0.052884615384615384 0.052884615384615384
0 0.40865384615384615 0.6117788461538461 0.052884615384615384 0.052884615384615384
0 0.37259615384615385 0.6237980769230769 0.052884615384615384 0.052884615384615384
0 0.34975961538461536 0.6983173076923077 0.052884615384615384 0.052884615384615384
0 0.31971153846153844 0.7091346153846154 0.052884615384615384 0.052884615384615384
0 0.2848557692307692 0.6490384615384616 0.052884615384615384 0.052884615384615384
0 0.25240384615384615 0.6141826923076923 0.052884615384615384 0.052884615384615384
0 0.2620192307692308 0.7019230769230769 0.052884615384615384 0.052884615384615384
0 0.21634615384615385 0.671875 0.052884615384615384 0.052884615384615384
0 0.18269230769230768 0.6634615384615384 0.052884615384615384 0.052884615384615384
0 0.18389423076923078 0.7584134615384616 0.052884615384615384 0.052884615384615384
0 0.1502403846153846 0.6550480769230769 0.052884615384615384 0.052884615384615384
0 0.13221153846153846 0.7596153846153846 0.052884615384615384 0.052884615384615384
0 0.11177884615384616 0.7800480769230769 0.052884615384615384 0.052884615384615384
0 0.06129807692307692 0.7728365384615384 0.052884615384615384 0.052884615384615384
0 0.08653846153846154 0.6911057692307693 0.052884615384615384 0.052884615384615384