0 0.6310096153846154 0.9507211538461539 0.04927884615384615 0.04927884615384615
0 0.4963942307692308 0.7788461538461539 0.04927884615384615 0.04927884615384615
0 0.5204326923076923 0.7704326923076923 0.04927884615384615 0.04927884615384615
0 0.5120192307692307 0.7415865384615384 0.04927884615384615 0.04927884615384615
0 0.5048076923076923 0.6971153846153846 0.04927884615384615 0.04927884615384615
0 0.5721153846153846 0.7163461538461539 0.04927884615384615 0.04927884615384615
0 0.5360576923076923 0.6274038461538461 0.04927884615384615 0.04927884615384615
0 0.5961538461538461 0.6165865384615384 0.04927884615384615 0.04927884615384615
0 0.5889423076923077 0.6442307692307693 0.04927884615384615 0.04927884615384615
0 0.5288461538461539 0.5793269230769231 0.04927884615384615 0.04927884615384615
0 0.5336538461538461 0.5276442307692307 0.04927884615384615 0.04927884615384615
0 0.6370192307692307 0.48677884615384615 0.04927884615384615 0.04927884615384615
0 0.5649038461538461 0.4699519230769231 0.04927884615384615 0.04927884615384615
0 0.6177884615384616 0.5492788461538461 0.04927884615384615 0.04927884615384615
0 0.6189903846153846 0.43028846153846156 0.04927884615384615 0.04927884615384615
0 0.5336538461538461 0.4375 0.04927884615384615 0.04927884615384615
0 0.5576923076923077 0.43990384615384615 0.04927884615384615 0.04927884615384615
0 0.6274038461538461 0.3798076923076923 0.04927884615384615 0.04927884615384615
0 0.5600961538461539 0.3918269230769231 0.04927884615384615 0.04927884615384615
0 0.6490384615384616 0.3485576923076923 0.04927884615384615 0.04927884615384615
0 0.5673076923076923 0.3449519230769231 0.04927884615384615 0.04927884615384615
0 0.5661057692307693 0.31490384615384615 0.04927884615384615 0.04927884615384615
0 0.5829326923076923 0.2536057692307692 0.04927884615384615 0.04927884615384615
0 0.6586538461538461 0.26802884615384615 0.04927884615384615 0.04927884615384615
0 0.6766826923076923 0.23197115384615385 0.04927884615384615 0.04927884615384615
0 0.6057692307692307 0.21875 0.04927884615384615 0.04927884615384615
0 0.609375 0.19230769230769232 0.04927884615384615 0.04927884615384615
0 0.6454326923076923 0.09014423076923077 0.04927884615384615 0.04927884615384615
0 0.6394230769230769 0.11778846153846154 0.04927884615384615 0.04927884615384615
0 0.5841346153846154 0.484375 0.04927884615384615 0.04927884615384615
0 0.6033653846153846 0.35096153846153844 0.04927884615384615 0.04927884615384615
0 0.53125 0.8798076923076923 0.04927884615384615 0.04927884615384615
0 0.49399038461538464 0.8413461538461539 0.04927884615384615 0.04927884615384615
0 0.4795673076923077 0.8100961538461539 0.04927884615384615 0.04927884615384615
0 0.43149038461538464 0.9158653846153846 0.04927884615384615 0.04927884615384615
0 0.42427884615384615 0.7764423076923077 0.04927884615384615 0.04927884615384615
0 0.40865384615384615 0.8076923076923077 0.04927884615384615 0.04927884615384615
0 0.390625 0.7716346153846154 0.04927884615384615 0.04927884615384615
0 0.36538461538461536 0.7524038461538461 0.04927884615384615 0.04927884615384615
0 0.3786057692307692 0.9206730769230769 0.04927884615384615 0.04927884615384615
0 0.4074519230769231 0.8966346153846154 0.04927884615384615 0.04927884615384615
0 0.24759615384615385 0.7764423076923077 0.04927884615384615 0.04927884615384615
0 0.2283653846153846 0.7668269230769231 0.04927884615384615 0.04927884615384615
0 0.16466346153846154 0.7644230769230769 0.04927884615384615 0.04927884615384615
0 0.25721153846153844 0.7091346153846154 0.04927884615384615 0.04927884615384615
0 0.2956730769230769 0.7067307692307693 0.04927884615384615 0.04927884615384615
0 0.030048076923076924 0.6634615384615384 0.04927884615384615 0.04927884615384615
0 0.07091346153846154 0.7007211538461539 0.04927884615384615 0.04927884615384615
0 0.20072115384615385 0.7211538461538461 0.04927884615384615 0.04927884615384615