0 0.2536057692307692 0.09134615384615384 0.052884615384615384 0.052884615384615384
0 0.33774038461538464 0.06370192307692307 0.052884615384615384 0.052884615384615384
0 0.24879807692307693 0.12740384615384615 0.052884615384615384 0.052884615384615384
0 0.33653846153846156 0.13822115384615385 0.052884615384615384 0.052884615384615384
0 0.33653846153846156 0.18028846153846154 0.052884615384615384 0.052884615384615384
0 0.33533653846153844 0.22115384615384615 0.052884615384615384 0.052884615384615384
0 0.3137019230769231 0.24759615384615385 0.052884615384615384 0.052884615384615384
0 0.30649038461538464 0.2860576923076923 0.052884615384615384 0.052884615384615384
0 0.3485576923076923 0.3137019230769231 0.052884615384615384 0.052884615384615384
0 0.27524038461538464 0.30528846153846156 0.052884615384615384 0.052884615384615384
0 0.35336538461538464 0.4110576923076923 0.052884615384615384 0.052884615384615384
0 0.3016826923076923 0.5288461538461539 0.052884615384615384 0.052884615384615384
0 0.37740384615384615 0.5516826923076923 0.052884615384615384 0.052884615384615384
0 0.39903846153846156 0.4567307692307692 0.052884615384615384 0.052884615384615384
0 0.4338942307692308 0.5360576923076923 0.052884615384615384 0.052884615384615384
0 0.39903846153846156 0.609375 0.052884615384615384 0.052884615384615384
0 0.5036057692307693 0.5793269230769231 0.052884615384615384 0.052884615384615384
0 0.5240384615384616 0.6310096153846154 0.052884615384615384 0.052884615384615384
0 0.44711538461538464 0.6610576923076923 0.052884615384615384 0.052884615384615384
0 0.4699519230769231 0.6911057692307693 0.052884615384615384 0.052884615384615384
0 0.4831730769230769 0.7259615384615384 0.052884615384615384 0.052884615384615384
0 0.5637019230769231 0.6694711538461539 0.052884615384615384 0.052884615384615384
0 0.6334134615384616 0.7259615384615384 0.052884615384615384 0.052884615384615384
0 0.6153846153846154 0.8245192307692307 0.052884615384615384 0.052884615384615384
0 0.6826923076923077 0.7644230769230769 0.052884615384615384 0.052884615384615384
0 0.7115384615384616 0.9194711538461539 0.052884615384615384 0.052884615384615384
0 0.7896634615384616 0.8990384615384616 0.052884615384615384 0.052884615384615384