0 0.44471153846153844 0.8028846153846154 0.052884615384615384 0.052884615384615384
0 0.5024038461538461 0.8257211538461539 0.052884615384615384 0.052884615384615384
0 0.5180288461538461 0.6490384615384616 0.052884615384615384 0.052884615384615384
0 0.6045673076923077 0.5540865384615384 0.052884615384615384 0.052884615384615384
0 0.5901442307692307 0.5120192307692307 0.052884615384615384 0.052884615384615384
0 0.6574519230769231 0.46634615384615385 0.052884615384615384 0.052884615384615384
0 0.5793269230769231 0.42427884615384615 0.052884615384615384 0.052884615384615384
0 0.671875 0.38341346153846156 0.052884615384615384 0.052884615384615384
0 0.6081730769230769 0.34975961538461536 0.052884615384615384 0.052884615384615384
0 0.6430288461538461 0.3076923076923077 0.052884615384615384 0.052884615384615384
0 0.7043269230769231 0.32211538461538464 0.052884615384615384 0.052884615384615384
0 0.7379807692307693 0.25961538461538464 0.052884615384615384 0.052884615384615384
0 0.6742788461538461 0.20793269230769232 0.052884615384615384 0.052884615384615384
0 0.47596153846153844 0.5757211538461539 0.052884615384615384 0.052884615384615384
0 0.5012019230769231 0.5492788461538461 0.052884615384615384 0.052884615384615384
0 0.4879807692307692 0.5132211538461539 0.052884615384615384 0.052884615384615384
0 0.44350961538461536 0.5060096153846154 0.052884615384615384 0.052884615384615384
0 0.38822115384615385 0.45552884615384615 0.052884615384615384 0.052884615384615384
0 0.3545673076923077 0.42427884615384615 0.052884615384615384 0.052884615384615384
0 0.29447115384615385 0.37259615384615385 0.052884615384615384 0.052884615384615384
0 0.23076923076923078 0.2247596153846154 0.052884615384615384 0.052884615384615384