0 0.7391826923076923 0.17548076923076922 0.052884615384615384 0.052884615384615384
0 0.7007211538461539 0.14903846153846154 0.052884615384615384 0.052884615384615384
0 0.46634615384615385 0.35096153846153844 0.052884615384615384 0.052884615384615384
0 0.37259615384615385 0.29927884615384615 0.052884615384615384 0.052884615384615384
0 0.34134615384615385 0.36778846153846156 0.052884615384615384 0.052884615384615384
0 0.2800480769230769 0.32091346153846156 0.052884615384615384 0.052884615384615384
0 0.16466346153846154 0.2956730769230769 0.052884615384615384 0.052884615384615384
0 0.12980769230769232 0.30528846153846156 0.052884615384615384 0.052884615384615384
0 0.11778846153846154 0.21995192307692307 0.052884615384615384 0.052884615384615384
0 0.09014423076923077 0.2932692307692308 0.052884615384615384 0.052884615384615384
0 0.8942307692307693 0.13341346153846154 0.052884615384615384 0.052884615384615384
0 0.8305288461538461 0.140625 0.052884615384615384 0.052884615384615384
0 0.9302884615384616 0.16466346153846154 0.052884615384615384 0.052884615384615384
0 0.9110576923076923 0.3641826923076923 0.052884615384615384 0.052884615384615384
0 0.9627403846153846 0.34615384615384615 0.052884615384615384 0.052884615384615384
0 0.9362980769230769 0.4170673076923077 0.052884615384615384 0.052884615384615384
0 0.9507211538461539 0.4855769230769231 0.052884615384615384 0.052884615384615384
0 0.49759615384615385 0.3762019230769231 0.052884615384615384 0.052884615384615384
0 0.5685096153846154 0.3737980769230769 0.052884615384615384 0.052884615384615384
0 0.4375 0.53125 0.052884615384615384 0.052884615384615384
0 0.47716346153846156 0.5348557692307693 0.052884615384615384 0.052884615384615384
0 0.46634615384615385 0.5925480769230769 0.052884615384615384 0.052884615384615384
0 0.3581730769230769 0.6899038461538461 0.052884615384615384 0.052884615384615384
0 0.3329326923076923 0.7536057692307693 0.052884615384615384 0.052884615384615384
0 0.28725961538461536 0.7560096153846154 0.052884615384615384 0.052884615384615384
0 0.26802884615384615 0.8076923076923077 0.052884615384615384 0.052884615384615384
0 0.44471153846153844 0.65625 0.052884615384615384 0.052884615384615384
0 0.4519230769230769 0.7848557692307693 0.052884615384615384 0.052884615384615384
0 0.49038461538461536 0.8052884615384616 0.052884615384615384 0.052884615384615384