0 0.9399038461538461 0.7487980769230769 0.04927884615384615 0.04927884615384615
0 0.8064903846153846 0.7716346153846154 0.04927884615384615 0.04927884615384615
0 0.7620192307692307 0.6682692307692307 0.04927884615384615 0.04927884615384615
0 0.6802884615384616 0.7475961538461539 0.04927884615384615 0.04927884615384615
0 0.6586538461538461 0.7247596153846154 0.04927884615384615 0.04927884615384615
0 0.6382211538461539 0.7007211538461539 0.04927884615384615 0.04927884615384615
0 0.5889423076923077 0.6538461538461539 0.04927884615384615 0.04927884615384615
0 0.5396634615384616 0.5168269230769231 0.04927884615384615 0.04927884615384615
0 0.5072115384615384 0.5721153846153846 0.04927884615384615 0.04927884615384615
0 0.6201923076923077 0.5793269230769231 0.04927884615384615 0.04927884615384615
0 0.45072115384615385 0.48677884615384615 0.04927884615384615 0.04927884615384615
0 0.43028846153846156 0.5084134615384616 0.04927884615384615 0.04927884615384615
0 0.44591346153846156 0.3918269230769231 0.04927884615384615 0.04927884615384615
0 0.3545673076923077 0.421875 0.04927884615384615 0.04927884615384615
0 0.37259615384615385 0.3389423076923077 0.04927884615384615 0.04927884615384615
0 0.3581730769230769 0.31009615384615385 0.04927884615384615 0.04927884615384615
0 0.41466346153846156 0.36177884615384615 0.04927884615384615 0.04927884615384615
0 0.2860576923076923 0.22355769230769232 0.04927884615384615 0.04927884615384615
0 0.2800480769230769 0.2848557692307692 0.04927884615384615 0.04927884615384615
0 0.24639423076923078 0.24158653846153846 0.04927884615384615 0.04927884615384615
0 0.19230769230769232 0.21153846153846154 0.04927884615384615 0.04927884615384615
0 0.2127403846153846 0.2980769230769231 0.04927884615384615 0.04927884615384615