0 0.390625 0.25240384615384615 0.052884615384615384 0.052884615384615384
0 0.48197115384615385 0.24278846153846154 0.052884615384615384 0.052884615384615384
0 0.46153846153846156 0.2776442307692308 0.052884615384615384 0.052884615384615384
0 0.4254807692307692 0.3329326923076923 0.052884615384615384 0.052884615384615384
0 0.4519230769230769 0.36778846153846156 0.052884615384615384 0.052884615384615384
0 0.5504807692307693 0.4074519230769231 0.052884615384615384 0.052884615384615384
0 0.46274038461538464 0.47836538461538464 0.052884615384615384 0.052884615384615384
0 0.5060096153846154 0.46634615384615385 0.052884615384615384 0.052884615384615384
0 0.5264423076923077 0.5625 0.052884615384615384 0.052884615384615384
0 0.5324519230769231 0.5889423076923077 0.052884615384615384 0.052884615384615384
0 0.5 0.6045673076923077 0.052884615384615384 0.052884615384615384
0 0.44711538461538464 0.6586538461538461 0.052884615384615384 0.052884615384615384
0 0.45072115384615385 0.6971153846153846 0.052884615384615384 0.052884615384615384
0 0.40384615384615385 0.71875 0.052884615384615384 0.052884615384615384
0 0.49038461538461536 0.6754807692307693 0.052884615384615384 0.052884615384615384
0 0.5084134615384616 0.7163461538461539 0.052884615384615384 0.052884615384615384
0 0.47596153846153844 0.7319711538461539 0.052884615384615384 0.052884615384615384
0 0.5324519230769231 0.7427884615384616 0.052884615384615384 0.052884615384615384
0 0.5288461538461539 0.7728365384615384 0.052884615384615384 0.052884615384615384
0 0.5036057692307693 0.7944711538461539 0.052884615384615384 0.052884615384615384
0 0.46033653846153844 0.7776442307692307 0.052884615384615384 0.052884615384615384
0 0.43990384615384615 0.8413461538461539 0.052884615384615384 0.052884615384615384
0 0.5276442307692307 0.8990384615384616 0.052884615384615384 0.052884615384615384
0 0.47596153846153844 0.19951923076923078 0.052884615384615384 0.052884615384615384
0 0.5552884615384616 0.19951923076923078 0.052884615384615384 0.052884615384615384
0 0.5961538461538461 0.18028846153846154 0.052884615384615384 0.052884615384615384
0 0.6899038461538461 0.22355769230769232 0.052884615384615384 0.052884615384615384