0 0.8786057692307693 0.33052884615384615 0.04927884615384615 0.04927884615384615
0 0.7848557692307693 0.3545673076923077 0.04927884615384615 0.04927884615384615
0 0.6430288461538461 0.2536057692307692 0.04927884615384615 0.04927884615384615
0 0.6105769230769231 0.16826923076923078 0.04927884615384615 0.04927884615384615
0 0.5552884615384616 0.14302884615384615 0.04927884615384615 0.04927884615384615
0 0.5697115384615384 0.23197115384615385 0.04927884615384615 0.04927884615384615
0 0.4831730769230769 0.23317307692307693 0.04927884615384615 0.04927884615384615
0 0.38221153846153844 0.24278846153846154 0.04927884615384615 0.04927884615384615
0 0.5252403846153846 0.20673076923076922 0.04927884615384615 0.04927884615384615
0 0.9567307692307693 0.6959134615384616 0.04927884615384615 0.04927884615384615
0 0.9206730769230769 0.7319711538461539 0.04927884615384615 0.04927884615384615
0 0.9038461538461539 0.6911057692307693 0.04927884615384615 0.04927884615384615
0 0.71875 0.8137019230769231 0.04927884615384615 0.04927884615384615
0 0.6995192307692307 0.8449519230769231 0.04927884615384615 0.04927884615384615
0 0.6418269230769231 0.8894230769230769 0.04927884615384615 0.04927884615384615
0 0.609375 0.8774038461538461 0.04927884615384615 0.04927884615384615
0 0.6802884615384616 0.8149038461538461 0.04927884615384615 0.04927884615384615
0 0.47716346153846156 0.9314903846153846 0.04927884615384615 0.04927884615384615
0 0.45913461538461536 0.8569711538461539 0.04927884615384615 0.04927884615384615
0 0.3401442307692308 0.8473557692307693 0.04927884615384615 0.04927884615384615
0 0.33774038461538464 0.8137019230769231 0.04927884615384615 0.04927884615384615
0 0.24759615384615385 0.8389423076923077 0.04927884615384615 0.04927884615384615
0 0.20793269230769232 0.8257211538461539 0.04927884615384615 0.04927884615384615
0 0.25240384615384615 0.765625 0.04927884615384615 0.04927884615384615