0 0.6225961538461539 0.18028846153846154 0.04326923076923077 0.04326923076923077
0 0.6177884615384616 0.2776442307692308 0.04326923076923077 0.04326923076923077
0 0.6766826923076923 0.3401442307692308 0.04326923076923077 0.04326923076923077
0 0.6310096153846154 0.2439903846153846 0.04326923076923077 0.04326923076923077
0 0.6862980769230769 0.4254807692307692 0.04326923076923077 0.04326923076923077
0 0.7403846153846154 0.4891826923076923 0.04326923076923077 0.04326923076923077
0 0.6514423076923077 0.6177884615384616 0.04326923076923077 0.04326923076923077
0 0.6286057692307693 0.6262019230769231 0.04326923076923077 0.04326923076923077
0 0.6622596153846154 0.7079326923076923 0.04326923076923077 0.04326923076923077
0 0.671875 0.7463942307692307 0.04326923076923077 0.04326923076923077
0 0.6947115384615384 0.6610576923076923 0.04326923076923077 0.04326923076923077
0 0.34615384615384615 0.21153846153846154 0.04326923076923077 0.04326923076923077
0 0.4170673076923077 0.39783653846153844 0.04326923076923077 0.04326923076923077
0 0.44711538461538464 0.3954326923076923 0.04326923076923077 0.04326923076923077
0 0.4987980769230769 0.5060096153846154 0.04326923076923077 0.04326923076923077
0 0.48677884615384615 0.5396634615384616 0.04326923076923077 0.04326923076923077
0 0.5612980769230769 0.5829326923076923 0.04326923076923077 0.04326923076923077
0 0.5132211538461539 0.7572115384615384 0.04326923076923077 0.04326923076923077
0 0.5865384615384616 0.7620192307692307 0.04326923076923077 0.04326923076923077
0 0.5132211538461539 0.8485576923076923 0.04326923076923077 0.04326923076923077
0 0.4891826923076923 0.6382211538461539 0.04326923076923077 0.04326923076923077
0 0.46634615384615385 0.8413461538461539 0.04326923076923077 0.04326923076923077
0 0.5685096153846154 0.9266826923076923 0.04326923076923077 0.04326923076923077
0 0.7319711538461539 0.9206730769230769 0.04326923076923077 0.04326923076923077