0 0.8834134615384616 0.6694711538461539 0.04927884615384615 0.04927884615384615
0 0.9182692307692307 0.5841346153846154 0.04927884615384615 0.04927884615384615
0 0.7896634615384616 0.6430288461538461 0.04927884615384615 0.04927884615384615
0 0.7860576923076923 0.5721153846153846 0.04927884615384615 0.04927884615384615
0 0.7259615384615384 0.6658653846153846 0.04927884615384615 0.04927884615384615
0 0.6478365384615384 0.5925480769230769 0.04927884615384615 0.04927884615384615
0 0.6887019230769231 0.5516826923076923 0.04927884615384615 0.04927884615384615
0 0.6346153846153846 0.5300480769230769 0.04927884615384615 0.04927884615384615
0 0.6274038461538461 0.49399038461538464 0.04927884615384615 0.04927884615384615
0 0.48677884615384615 0.5600961538461539 0.04927884615384615 0.04927884615384615
0 0.5180288461538461 0.5456730769230769 0.04927884615384615 0.04927884615384615
0 0.45552884615384615 0.4483173076923077 0.04927884615384615 0.04927884615384615
0 0.42788461538461536 0.47716346153846156 0.04927884615384615 0.04927884615384615
0 0.3545673076923077 0.4519230769230769 0.04927884615384615 0.04927884615384615
0 0.3762019230769231 0.41466346153846156 0.04927884615384615 0.04927884615384615
0 0.40865384615384615 0.38822115384615385 0.04927884615384615 0.04927884615384615
0 0.3389423076923077 0.40024038461538464 0.04927884615384615 0.04927884615384615
0 0.31009615384615385 0.4963942307692308 0.04927884615384615 0.04927884615384615
0 0.28725961538461536 0.4675480769230769 0.04927884615384615 0.04927884615384615
0 0.23918269230769232 0.46153846153846156 0.04927884615384615 0.04927884615384615
0 0.2692307692307692 0.38461538461538464 0.04927884615384615 0.04927884615384615
0 0.2403846153846154 0.37259615384615385 0.04927884615384615 0.04927884615384615
0 0.24879807692307693 0.33653846153846156 0.04927884615384615 0.04927884615384615
0 0.08774038461538461 0.390625 0.04927884615384615 0.04927884615384615
0 0.04927884615384615 0.31490384615384615 0.04927884615384615 0.04927884615384615
0 0.16947115384615385 0.36899038461538464 0.04927884615384615 0.04927884615384615
0 0.9206730769230769 0.6694711538461539 0.04927884615384615 0.04927884615384615