0 0.8521634615384616 0.7668269230769231 0.04927884615384615 0.04927884615384615
0 0.8293269230769231 0.828125 0.04927884615384615 0.04927884615384615
0 0.7596153846153846 0.7355769230769231 0.04927884615384615 0.04927884615384615
0 0.7824519230769231 0.7211538461538461 0.04927884615384615 0.04927884615384615
0 0.8329326923076923 0.7139423076923077 0.04927884615384615 0.04927884615384615
0 0.8461538461538461 0.6887019230769231 0.04927884615384615 0.04927884615384615
0 0.8064903846153846 0.6430288461538461 0.04927884615384615 0.04927884615384615
0 0.8161057692307693 0.6742788461538461 0.04927884615384615 0.04927884615384615
0 0.796875 0.6838942307692307 0.04927884615384615 0.04927884615384615
0 0.8125 0.7319711538461539 0.04927884615384615 0.04927884615384615
0 0.7151442307692307 0.609375 0.04927884615384615 0.04927884615384615
0 0.7475961538461539 0.5444711538461539 0.04927884615384615 0.04927884615384615
0 0.7548076923076923 0.5180288461538461 0.04927884615384615 0.04927884615384615
0 0.7427884615384616 0.44471153846153844 0.04927884615384615 0.04927884615384615
0 0.7884615384615384 0.44471153846153844 0.04927884615384615 0.04927884615384615
0 0.8137019230769231 0.41466346153846156 0.04927884615384615 0.04927884615384615
0 0.7668269230769231 0.390625 0.04927884615384615 0.04927884615384615
0 0.765625 0.37259615384615385 0.04927884615384615 0.04927884615384615
0 0.7524038461538461 0.3449519230769231 0.04927884615384615 0.04927884615384615
0 0.7247596153846154 0.34134615384615385 0.04927884615384615 0.04927884615384615
0 0.7944711538461539 0.36177884615384615 0.04927884615384615 0.04927884615384615
0 0.7980769230769231 0.33052884615384615 0.04927884615384615 0.04927884615384615
0 0.7608173076923077 0.25721153846153844 0.04927884615384615 0.04927884615384615
0 0.7632211538461539 0.21394230769230768 0.04927884615384615 0.04927884615384615
0 0.7692307692307693 0.15865384615384615 0.04927884615384615 0.04927884615384615
0 0.8317307692307693 0.1622596153846154 0.04927884615384615 0.04927884615384615
0 0.7848557692307693 0.17427884615384615 0.04927884615384615 0.04927884615384615
0 0.7956730769230769 0.14302884615384615 0.04927884615384615 0.04927884615384615
0 0.8004807692307693 0.12139423076923077 0.04927884615384615 0.04927884615384615
0 0.8449519230769231 0.0829326923076923 0.04927884615384615 0.04927884615384615
0 0.8088942307692307 0.046875 0.04927884615384615 0.04927884615384615
0 0.7632211538461539 0.03245192307692308 0.04927884615384615 0.04927884615384615
0 0.7776442307692307 0.020432692307692308 0.04927884615384615 0.040865384615384616
0 0.7908653846153846 0.90625 0.04927884615384615 0.04927884615384615
0 0.7680288461538461 0.9350961538461539 0.04927884615384615 0.04927884615384615
0 0.7259615384615384 0.9699519230769231 0.04927884615384615 0.04927884615384615
0 0.7295673076923077 0.8725961538461539 0.04927884615384615 0.04927884615384615
0 0.6995192307692307 0.9387019230769231 0.04927884615384615 0.04927884615384615
0 0.6430288461538461 0.9591346153846154 0.04927884615384615 0.04927884615384615
0 0.5961538461538461 0.9050480769230769 0.04927884615384615 0.04927884615384615
0 0.5721153846153846 0.9290865384615384 0.04927884615384615 0.04927884615384615
0 0.5913461538461539 0.8725961538461539 0.04927884615384615 0.04927884615384615
0 0.5552884615384616 0.8737980769230769 0.04927884615384615 0.04927884615384615
0 0.4855769230769231 0.9026442307692307 0.04927884615384615 0.04927884615384615
0 0.4266826923076923 0.859375 0.04927884615384615 0.04927884615384615
0 0.4375 0.7980769230769231 0.04927884615384615 0.04927884615384615
0 0.47475961538461536 0.7908653846153846 0.04927884615384615 0.04927884615384615
0 0.47596153846153844 0.7355769230769231 0.04927884615384615 0.04927884615384615
0 0.5120192307692307 0.7728365384615384 0.04927884615384615 0.04927884615384615
0 0.5180288461538461 0.8016826923076923 0.04927884615384615 0.04927884615384615
0 0.5649038461538461 0.7956730769230769 0.04927884615384615 0.04927884615384615
0 0.5829326923076923 0.8040865384615384 0.04927884615384615 0.04927884615384615
0 0.36658653846153844 0.6213942307692307 0.04927884615384615 0.04927884615384615
0 0.44471153846153844 0.5757211538461539 0.04927884615384615 0.04927884615384615
0 0.41947115384615385 0.5612980769230769 0.04927884615384615 0.04927884615384615
0 0.3293269230769231 0.5637019230769231 0.04927884615384615 0.04927884615384615
0 0.34134615384615385 0.49278846153846156 0.04927884615384615 0.04927884615384615
0 0.28365384615384615 0.5192307692307693 0.04927884615384615 0.04927884615384615
0 0.25240384615384615 0.48197115384615385 0.04927884615384615 0.04927884615384615
0 0.28966346153846156 0.47596153846153844 0.04927884615384615 0.04927884615384615
0 0.32211538461538464 0.41346153846153844 0.04927884615384615 0.04927884615384615
0 0.30528846153846156 0.45072115384615385 0.04927884615384615 0.04927884615384615
0 0.27884615384615385 0.42427884615384615 0.04927884615384615 0.04927884615384615
0 0.2620192307692308 0.3894230769230769 0.04927884615384615 0.04927884615384615
0 0.23557692307692307 0.42908653846153844 0.04927884615384615 0.04927884615384615
0 0.18389423076923078 0.4326923076923077 0.04927884615384615 0.04927884615384615
0 0.18509615384615385 0.38341346153846156 0.04927884615384615 0.04927884615384615
0 0.21995192307692307 0.3629807692307692 0.04927884615384615 0.04927884615384615
0 0.20192307692307693 0.3125 0.04927884615384615 0.04927884615384615
0 0.24759615384615385 0.25721153846153844 0.04927884615384615 0.04927884615384615
0 0.07572115384615384 0.28966346153846156 0.04927884615384615 0.04927884615384615
0 0.36778846153846156 0.5336538461538461 0.04927884615384615 0.04927884615384615
0 0.10697115384615384 0.08052884615384616 0.04927884615384615 0.04927884615384615
0 0.14182692307692307 0.25721153846153844 0.04927884615384615 0.04927884615384615
0 0.11538461538461539 0.2608173076923077 0.04927884615384615 0.04927884615384615
0 0.06490384615384616 0.20072115384615385 0.04927884615384615 0.04927884615384615
0 0.02403846153846154 0.21875 0.046875 0.04927884615384615