0 0.9134615384615384 0.18509615384615385 0.04927884615384615 0.04927884615384615
0 0.6694711538461539 0.27524038461538464 0.04927884615384615 0.04927884615384615
0 0.6971153846153846 0.328125 0.04927884615384615 0.04927884615384615
0 0.6069711538461539 0.38221153846153844 0.04927884615384615 0.04927884615384615
0 0.6009615384615384 0.35216346153846156 0.04927884615384615 0.04927884615384615
0 0.5288461538461539 0.41586538461538464 0.04927884615384615 0.04927884615384615
0 0.4483173076923077 0.40024038461538464 0.04927884615384615 0.04927884615384615
0 0.36778846153846156 0.44711538461538464 0.04927884615384615 0.04927884615384615
0 0.484375 0.4891826923076923 0.04927884615384615 0.04927884615384615
0 0.45552884615384615 0.4855769230769231 0.04927884615384615 0.04927884615384615
0 0.328125 0.5108173076923077 0.04927884615384615 0.04927884615384615
0 0.2980769230769231 0.5829326923076923 0.04927884615384615 0.04927884615384615
0 0.23197115384615385 0.6622596153846154 0.04927884615384615 0.04927884615384615
0 0.25721153846153844 0.6262019230769231 0.04927884615384615 0.04927884615384615
0 0.23677884615384615 0.7451923076923077 0.04927884615384615 0.04927884615384615
0 0.20793269230769232 0.734375 0.04927884615384615 0.04927884615384615
0 0.18990384615384615 0.7163461538461539 0.04927884615384615 0.04927884615384615
0 0.20793269230769232 0.78125 0.04927884615384615 0.04927884615384615
0 0.16947115384615385 0.7596153846153846 0.04927884615384615 0.04927884615384615
0 0.16947115384615385 0.8100961538461539 0.04927884615384615 0.04927884615384615
0 0.13822115384615385 0.8569711538461539 0.04927884615384615 0.04927884615384615
0 0.10697115384615384 0.890625 0.04927884615384615 0.04927884615384615
0 0.08173076923076923 0.8834134615384616 0.04927884615384615 0.04927884615384615
0 0.04927884615384615 0.9134615384615384 0.04927884615384615 0.04927884615384615
0 0.036057692307692304 0.8774038461538461 0.04927884615384615 0.04927884615384615
0 0.1045673076923077 0.9387019230769231 0.04927884615384615 0.04927884615384615
0 0.33653846153846156 0.5432692307692307 0.04927884615384615 0.04927884615384615