0 0.9182692307692307 0.6069711538461539 0.052884615384615384 0.052884615384615384
0 0.9302884615384616 0.6706730769230769 0.052884615384615384 0.052884615384615384
0 0.8810096153846154 0.6586538461538461 0.052884615384615384 0.052884615384615384
0 0.8617788461538461 0.5985576923076923 0.052884615384615384 0.052884615384615384
0 0.8125 0.5552884615384616 0.052884615384615384 0.052884615384615384
0 0.8137019230769231 0.6382211538461539 0.052884615384615384 0.052884615384615384
0 0.7644230769230769 0.6117788461538461 0.052884615384615384 0.052884615384615384
0 0.7139423076923077 0.5444711538461539 0.052884615384615384 0.052884615384615384
0 0.6682692307692307 0.5829326923076923 0.052884615384615384 0.052884615384615384
0 0.6442307692307693 0.5228365384615384 0.052884615384615384 0.052884615384615384
0 0.5408653846153846 0.5793269230769231 0.052884615384615384 0.052884615384615384
0 0.5492788461538461 0.49759615384615385 0.052884615384615384 0.052884615384615384
0 0.45072115384615385 0.4699519230769231 0.052884615384615384 0.052884615384615384
0 0.48677884615384615 0.5336538461538461 0.052884615384615384 0.052884615384615384