0 0.7319711538461539 0.6694711538461539 0.06850961538461539 0.052884615384615384
0 0.828125 0.6478365384615384 0.06850961538461539 0.052884615384615384
0 0.7680288461538461 0.5516826923076923 0.06850961538461539 0.052884615384615384
0 0.7127403846153846 0.5625 0.06850961538461539 0.052884615384615384
0 0.6730769230769231 0.38100961538461536 0.06850961538461539 0.052884615384615384
0 0.7079326923076923 0.37259615384615385 0.06850961538461539 0.052884615384615384
0 0.8028846153846154 0.3473557692307692 0.06850961538461539 0.052884615384615384
0 0.8305288461538461 0.2956730769230769 0.06850961538461539 0.052884615384615384
0 0.9002403846153846 0.27884615384615385 0.06850961538461539 0.052884615384615384
0 0.8978365384615384 0.20072115384615385 0.06850961538461539 0.052884615384615384
0 0.6682692307692307 0.5084134615384616 0.06850961538461539 0.052884615384615384
0 0.6514423076923077 0.7319711538461539 0.06850961538461539 0.052884615384615384
0 0.6153846153846154 0.7223557692307693 0.06850961538461539 0.052884615384615384
0 0.48677884615384615 0.7463942307692307 0.06850961538461539 0.052884615384615384
0 0.5456730769230769 0.7788461538461539 0.06850961538461539 0.052884615384615384
0 0.515625 0.8076923076923077 0.06850961538461539 0.052884615384615384
0 0.4639423076923077 0.8533653846153846 0.06850961538461539 0.052884615384615384
0 0.42908653846153844 0.8233173076923077 0.06850961538461539 0.052884615384615384
0 0.38100961538461536 0.8978365384615384 0.06850961538461539 0.052884615384615384
0 0.33052884615384615 0.9495192307692307 0.06850961538461539 0.052884615384615384
0 0.18269230769230768 0.9338942307692307 0.06850961538461539 0.052884615384615384
0 0.12139423076923077 0.9399038461538461 0.06850961538461539 0.052884615384615384
0 0.6033653846153846 0.7824519230769231 0.06850961538461539 0.052884615384615384