0 0.8461538461538461 0.2956730769230769 0.052884615384615384 0.052884615384615384
0 0.8016826923076923 0.24278846153846154 0.052884615384615384 0.052884615384615384
0 0.8161057692307693 0.3629807692307692 0.052884615384615384 0.052884615384615384
0 0.7403846153846154 0.38221153846153844 0.052884615384615384 0.052884615384615384
0 0.7283653846153846 0.41466346153846156 0.052884615384615384 0.052884615384615384
0 0.7572115384615384 0.4483173076923077 0.052884615384615384 0.052884615384615384
0 0.8461538461538461 0.4375 0.052884615384615384 0.052884615384615384
0 0.8509615384615384 0.4795673076923077 0.052884615384615384 0.052884615384615384
0 0.8569711538461539 0.5384615384615384 0.052884615384615384 0.052884615384615384
0 0.7403846153846154 0.5432692307692307 0.052884615384615384 0.052884615384615384
0 0.8569711538461539 0.703125 0.052884615384615384 0.052884615384615384
0 0.8028846153846154 0.6778846153846154 0.052884615384615384 0.052884615384615384
0 0.796875 0.75 0.052884615384615384 0.052884615384615384
0 0.7944711538461539 0.8016826923076923 0.052884615384615384 0.052884615384615384
0 0.7163461538461539 0.9483173076923077 0.052884615384615384 0.052884615384615384
0 0.9507211538461539 0.08653846153846154 0.052884615384615384 0.052884615384615384
0 0.8581730769230769 0.09735576923076923 0.052884615384615384 0.052884615384615384
0 0.8052884615384616 0.12139423076923077 0.052884615384615384 0.052884615384615384
0 0.8149038461538461 0.18389423076923078 0.052884615384615384 0.052884615384615384
0 0.7632211538461539 0.22596153846153846 0.052884615384615384 0.052884615384615384
0 0.7475961538461539 0.14903846153846154 0.052884615384615384 0.052884615384615384
0 0.6875 0.27884615384615385 0.052884615384615384 0.052884615384615384
0 0.6334134615384616 0.19471153846153846 0.052884615384615384 0.052884615384615384
0 0.5661057692307693 0.3389423076923077 0.052884615384615384 0.052884615384615384
0 0.5132211538461539 0.2704326923076923 0.052884615384615384 0.052884615384615384
0 0.4387019230769231 0.2932692307692308 0.052884615384615384 0.052884615384615384
0 0.44591346153846156 0.40384615384615385 0.052884615384615384 0.052884615384615384
0 0.35336538461538464 0.3173076923076923 0.052884615384615384 0.052884615384615384
0 0.3317307692307692 0.3918269230769231 0.052884615384615384 0.052884615384615384
0 0.2692307692307692 0.3605769230769231 0.052884615384615384 0.052884615384615384
0 0.22235576923076922 0.3762019230769231 0.052884615384615384 0.052884615384615384
0 0.17668269230769232 0.35096153846153844 0.052884615384615384 0.052884615384615384
0 0.1875 0.4495192307692308 0.052884615384615384 0.052884615384615384
0 0.13221153846153846 0.4110576923076923 0.052884615384615384 0.052884615384615384
0 0.359375 0.36778846153846156 0.052884615384615384 0.052884615384615384
0 0.7223557692307693 0.22596153846153846 0.052884615384615384 0.052884615384615384
0 0.7115384615384616 0.14903846153846154 0.052884615384615384 0.052884615384615384