0 0.38822115384615385 0.7620192307692307 0.052884615384615384 0.052884615384615384
0 0.4362980769230769 0.7596153846153846 0.052884615384615384 0.052884615384615384
0 0.44350961538461536 0.7043269230769231 0.052884615384615384 0.052884615384615384
0 0.4543269230769231 0.671875 0.052884615384615384 0.052884615384615384
0 0.4795673076923077 0.6947115384615384 0.052884615384615384 0.052884615384615384
0 0.5168269230769231 0.6911057692307693 0.052884615384615384 0.052884615384615384
0 0.5444711538461539 0.6754807692307693 0.052884615384615384 0.052884615384615384
0 0.5408653846153846 0.7716346153846154 0.052884615384615384 0.052884615384615384
0 0.5685096153846154 0.75 0.052884615384615384 0.052884615384615384
0 0.5120192307692307 0.75 0.052884615384615384 0.052884615384615384
0 0.5925480769230769 0.7259615384615384 0.052884615384615384 0.052884615384615384
0 0.5961538461538461 0.6850961538461539 0.052884615384615384 0.052884615384615384
0 0.6766826923076923 0.765625 0.052884615384615384 0.052884615384615384
0 0.6658653846153846 0.6875 0.052884615384615384 0.052884615384615384
0 0.6838942307692307 0.6658653846153846 0.052884615384615384 0.052884615384615384
0 0.7259615384615384 0.6274038461538461 0.052884615384615384 0.052884615384615384
0 0.7319711538461539 0.6838942307692307 0.052884615384615384 0.052884615384615384
0 0.7824519230769231 0.6069711538461539 0.052884615384615384 0.052884615384615384
0 0.4254807692307692 0.53125 0.052884615384615384 0.052884615384615384
0 0.3737980769230769 0.5144230769230769 0.052884615384615384 0.052884615384615384
0 0.5036057692307693 0.3870192307692308 0.052884615384615384 0.052884615384615384
0 0.4807692307692308 0.2920673076923077 0.052884615384615384 0.052884615384615384
0 0.46153846153846156 0.28125 0.052884615384615384 0.052884615384615384
0 0.48197115384615385 0.22235576923076922 0.052884615384615384 0.052884615384615384