0 0.3137019230769231 0.28365384615384615 0.052884615384615384 0.052884615384615384
0 0.38461538461538464 0.390625 0.052884615384615384 0.052884615384615384
0 0.46634615384615385 0.3401442307692308 0.052884615384615384 0.052884615384615384
0 0.5 0.3581730769230769 0.052884615384615384 0.052884615384615384
0 0.47475961538461536 0.41947115384615385 0.052884615384615384 0.052884615384615384
0 0.6286057692307693 0.46033653846153844 0.052884615384615384 0.052884615384615384
0 0.5384615384615384 0.5697115384615384 0.052884615384615384 0.052884615384615384
0 0.5817307692307693 0.6153846153846154 0.052884615384615384 0.052884615384615384
0 0.6117788461538461 0.7103365384615384 0.052884615384615384 0.052884615384615384
0 0.6490384615384616 0.7944711538461539 0.052884615384615384 0.052884615384615384
0 0.7007211538461539 0.8341346153846154 0.052884615384615384 0.052884615384615384
0 0.7740384615384616 0.6742788461538461 0.052884615384615384 0.052884615384615384
0 0.7800480769230769 0.703125 0.052884615384615384 0.052884615384615384
0 0.8713942307692307 0.6802884615384616 0.052884615384615384 0.052884615384615384
0 0.8629807692307693 0.7740384615384616 0.052884615384615384 0.052884615384615384