0 0.8725961538461539 0.3858173076923077 0.04326923076923077 0.04326923076923077
0 0.8725961538461539 0.4519230769230769 0.04326923076923077 0.04326923076923077
0 0.8100961538461539 0.46033653846153844 0.04326923076923077 0.04326923076923077
0 0.8293269230769231 0.5204326923076923 0.04326923076923077 0.04326923076923077
0 0.7427884615384616 0.7355769230769231 0.04326923076923077 0.04326923076923077
0 0.6959134615384616 0.7115384615384616 0.04326923076923077 0.04326923076923077
0 0.7451923076923077 0.6646634615384616 0.04326923076923077 0.04326923076923077
0 0.7367788461538461 0.6262019230769231 0.04326923076923077 0.04326923076923077
0 0.6538461538461539 0.7584134615384616 0.04326923076923077 0.04326923076923077
0 0.6057692307692307 0.7584134615384616 0.04326923076923077 0.04326923076923077
0 0.5805288461538461 0.9074519230769231 0.04326923076923077 0.04326923076923077
0 0.5913461538461539 0.8605769230769231 0.04326923076923077 0.04326923076923077
0 0.6274038461538461 0.8725961538461539 0.04326923076923077 0.04326923076923077
0 0.8918269230769231 0.33052884615384615 0.04326923076923077 0.04326923076923077
0 0.8810096153846154 0.31009615384615385 0.04326923076923077 0.04326923076923077
0 0.8293269230769231 0.24759615384615385 0.04326923076923077 0.04326923076923077
0 0.7944711538461539 0.27884615384615385 0.04326923076923077 0.04326923076923077
0 0.7824519230769231 0.3329326923076923 0.04326923076923077 0.04326923076923077
0 0.8521634615384616 0.2920673076923077 0.04326923076923077 0.04326923076923077
0 0.6430288461538461 0.3076923076923077 0.04326923076923077 0.04326923076923077
0 0.6105769230769231 0.4110576923076923 0.04326923076923077 0.04326923076923077
0 0.5480769230769231 0.43509615384615385 0.04326923076923077 0.04326923076923077
0 0.5552884615384616 0.3954326923076923 0.04326923076923077 0.04326923076923077
0 0.5492788461538461 0.3737980769230769 0.04326923076923077 0.04326923076923077
0 0.5709134615384616 0.35697115384615385 0.04326923076923077 0.04326923076923077
0 0.5540865384615384 0.32572115384615385 0.04326923076923077 0.04326923076923077
0 0.5048076923076923 0.3798076923076923 0.04326923076923077 0.04326923076923077
0 0.5168269230769231 0.4519230769230769 0.04326923076923077 0.04326923076923077
0 0.4987980769230769 0.4543269230769231 0.04326923076923077 0.04326923076923077
0 0.4579326923076923 0.45072115384615385 0.04326923076923077 0.04326923076923077
0 0.32091346153846156 0.5048076923076923 0.04326923076923077 0.04326923076923077
0 0.2704326923076923 0.5084134615384616 0.04326923076923077 0.04326923076923077
0 0.21153846153846154 0.5144230769230769 0.04326923076923077 0.04326923076923077
0 0.3701923076923077 0.4014423076923077 0.04326923076923077 0.04326923076923077