0 0.04807692307692308 0.6009615384615384 0.052884615384615384 0.052884615384615384
0 0.06610576923076923 0.6622596153846154 0.052884615384615384 0.052884615384615384
0 0.10576923076923077 0.6009615384615384 0.052884615384615384 0.052884615384615384
0 0.14903846153846154 0.6153846153846154 0.052884615384615384 0.052884615384615384
0 0.13822115384615385 0.6526442307692307 0.052884615384615384 0.052884615384615384
0 0.12740384615384615 0.6911057692307693 0.052884615384615384 0.052884615384615384
0 0.17908653846153846 0.6586538461538461 0.052884615384615384 0.052884615384615384
0 0.25721153846153844 0.6983173076923077 0.052884615384615384 0.052884615384615384
0 0.2512019230769231 0.6177884615384616 0.052884615384615384 0.052884615384615384
0 0.32572115384615385 0.6069711538461539 0.052884615384615384 0.052884615384615384
0 0.359375 0.5901442307692307 0.052884615384615384 0.052884615384615384
0 0.28125 0.6658653846153846 0.052884615384615384 0.052884615384615384
0 0.4699519230769231 0.6274038461538461 0.052884615384615384 0.052884615384615384
0 0.4723557692307692 0.5817307692307693 0.052884615384615384 0.052884615384615384
0 0.5372596153846154 0.5721153846153846 0.052884615384615384 0.052884615384615384
0 0.46153846153846156 0.5132211538461539 0.052884615384615384 0.052884615384615384
0 0.6105769230769231 0.5180288461538461 0.052884615384615384 0.052884615384615384
0 0.625 0.4651442307692308 0.052884615384615384 0.052884615384615384
0 0.7079326923076923 0.45913461538461536 0.052884615384615384 0.052884615384615384
0 0.7608173076923077 0.4411057692307692 0.052884615384615384 0.052884615384615384
0 0.7475961538461539 0.41947115384615385 0.052884615384615384 0.052884615384615384
0 0.828125 0.46153846153846156 0.052884615384615384 0.052884615384615384
0 0.8737980769230769 0.4074519230769231 0.052884615384615384 0.052884615384615384
0 0.6670673076923077 0.5276442307692307 0.052884615384615384 0.052884615384615384
0 0.7235576923076923 0.609375 0.052884615384615384 0.052884615384615384
0 0.7692307692307693 0.6502403846153846 0.052884615384615384 0.052884615384615384