0 0.5300480769230769 0.9098557692307693 0.04326923076923077 0.04326923076923077
0 0.5649038461538461 0.8365384615384616 0.04326923076923077 0.04326923076923077
0 0.6021634615384616 0.8774038461538461 0.04326923076923077 0.04326923076923077
0 0.6286057692307693 0.8834134615384616 0.04326923076923077 0.04326923076923077
0 0.6382211538461539 0.8509615384615384 0.04326923076923077 0.04326923076923077
0 0.6694711538461539 0.8449519230769231 0.04326923076923077 0.04326923076923077
0 0.7055288461538461 0.8064903846153846 0.04326923076923077 0.04326923076923077
0 0.7043269230769231 0.7752403846153846 0.04326923076923077 0.04326923076923077
0 0.7235576923076923 0.7235576923076923 0.04326923076923077 0.04326923076923077
0 0.7680288461538461 0.5949519230769231 0.04326923076923077 0.04326923076923077
0 0.8016826923076923 0.5769230769230769 0.04326923076923077 0.04326923076923077
0 0.8293269230769231 0.5360576923076923 0.04326923076923077 0.04326923076923077
0 0.5649038461538461 0.8858173076923077 0.04326923076923077 0.04326923076923077
0 0.4699519230769231 0.9074519230769231 0.04326923076923077 0.04326923076923077
0 0.5288461538461539 0.8449519230769231 0.04326923076923077 0.04326923076923077
0 0.5564903846153846 0.7776442307692307 0.04326923076923077 0.04326923076923077
0 0.5649038461538461 0.7235576923076923 0.04326923076923077 0.04326923076923077
0 0.5252403846153846 0.7235576923076923 0.04326923076923077 0.04326923076923077
0 0.47836538461538464 0.6274038461538461 0.04326923076923077 0.04326923076923077
0 0.5384615384615384 0.6298076923076923 0.04326923076923077 0.04326923076923077
0 0.5012019230769231 0.5877403846153846 0.04326923076923077 0.04326923076923077
0 0.53125 0.5877403846153846 0.04326923076923077 0.04326923076923077
0 0.5180288461538461 0.5324519230769231 0.04326923076923077 0.04326923076923077
0 0.4699519230769231 0.5372596153846154 0.04326923076923077 0.04326923076923077
0 0.4699519230769231 0.48197115384615385 0.04326923076923077 0.04326923076923077
0 0.5012019230769231 0.4807692307692308 0.04326923076923077 0.04326923076923077
0 0.5168269230769231 0.4182692307692308 0.04326923076923077 0.04326923076923077
0 0.45913461538461536 0.45072115384615385 0.04326923076923077 0.04326923076923077
0 0.43509615384615385 0.3894230769230769 0.04326923076923077 0.04326923076923077
0 0.4891826923076923 0.3713942307692308 0.04326923076923077 0.04326923076923077
0 0.41346153846153844 0.3485576923076923 0.04326923076923077 0.04326923076923077
0 0.3894230769230769 0.29927884615384615 0.04326923076923077 0.04326923076923077
0 0.42427884615384615 0.28966346153846156 0.04326923076923077 0.04326923076923077
0 0.4254807692307692 0.24759615384615385 0.04326923076923077 0.04326923076923077
0 0.38822115384615385 0.21153846153846154 0.04326923076923077 0.04326923076923077
0 0.44350961538461536 0.17307692307692307 0.04326923076923077 0.04326923076923077
0 0.38822115384615385 0.12620192307692307 0.04326923076923077 0.04326923076923077
0 0.4050480769230769 0.09014423076923077 0.04326923076923077 0.04326923076923077
0 0.45552884615384615 0.12740384615384615 0.04326923076923077 0.04326923076923077
0 0.4735576923076923 0.0829326923076923 0.04326923076923077 0.04326923076923077
0 0.48197115384615385 0.06009615384615385 0.04326923076923077 0.04326923076923077
0 0.43990384615384615 0.08653846153846154 0.04326923076923077 0.04326923076923077
0 0.4855769230769231 0.02283653846153846 0.04326923076923077 0.04326923076923077