0 0.9555288461538461 0.6959134615384616 0.052884615384615384 0.052884615384615384
0 0.8846153846153846 0.6899038461538461 0.052884615384615384 0.052884615384615384
0 0.8209134615384616 0.7103365384615384 0.052884615384615384 0.052884615384615384
0 0.7908653846153846 0.6875 0.052884615384615384 0.052884615384615384
0 0.7884615384615384 0.6346153846153846 0.052884615384615384 0.052884615384615384
0 0.6177884615384616 0.6730769230769231 0.052884615384615384 0.052884615384615384
0 0.6442307692307693 0.6526442307692307 0.052884615384615384 0.052884615384615384
0 0.5432692307692307 0.5240384615384616 0.052884615384615384 0.052884615384615384
0 0.4831730769230769 0.49278846153846156 0.052884615384615384 0.052884615384615384
0 0.4807692307692308 0.43509615384615385 0.052884615384615384 0.052884615384615384
0 0.35697115384615385 0.375 0.052884615384615384 0.052884615384615384
0 0.38221153846153844 0.4495192307692308 0.052884615384615384 0.052884615384615384
0 0.2608173076923077 0.4182692307692308 0.052884615384615384 0.052884615384615384
0 0.25721153846153844 0.38221153846153844 0.052884615384615384 0.052884615384615384
0 0.13701923076923078 0.3629807692307692 0.052884615384615384 0.052884615384615384
0 0.18269230769230768 0.3293269230769231 0.052884615384615384 0.052884615384615384
0 0.10576923076923077 0.2932692307692308 0.052884615384615384 0.052884615384615384
0 0.10216346153846154 0.41947115384615385 0.052884615384615384 0.052884615384615384