0 0.02403846153846154 0.14903846153846154 0.046875 0.052884615384615384
0 0.06850961538461539 0.14783653846153846 0.052884615384615384 0.052884615384615384
0 0.14423076923076922 0.25721153846153844 0.052884615384615384 0.052884615384615384
0 0.23677884615384615 0.33533653846153844 0.052884615384615384 0.052884615384615384
0 0.32572115384615385 0.32091346153846156 0.052884615384615384 0.052884615384615384
0 0.3762019230769231 0.35216346153846156 0.052884615384615384 0.052884615384615384
0 0.46274038461538464 0.49759615384615385 0.052884615384615384 0.052884615384615384
0 0.49759615384615385 0.47596153846153844 0.052884615384615384 0.052884615384615384
0 0.5697115384615384 0.5889423076923077 0.052884615384615384 0.052884615384615384
0 0.6358173076923077 0.5841346153846154 0.052884615384615384 0.052884615384615384
0 0.6646634615384616 0.6009615384615384 0.052884615384615384 0.052884615384615384
0 0.7608173076923077 0.7007211538461539 0.052884615384615384 0.052884615384615384
0 0.8112980769230769 0.7920673076923077 0.052884615384615384 0.052884615384615384
0 0.9002403846153846 0.8533653846153846 0.052884615384615384 0.052884615384615384
0 0.8882211538461539 0.9038461538461539 0.052884615384615384 0.052884615384615384
0 0.9014423076923077 0.9350961538461539 0.052884615384615384 0.052884615384615384
0 0.9278846153846154 0.921875 0.052884615384615384 0.052884615384615384
0 0.8774038461538461 0.8052884615384616 0.052884615384615384 0.052884615384615384