0 0.9302884615384616 0.9086538461538461 0.04927884615384615 0.04927884615384615
0 0.9459134615384616 0.9350961538461539 0.04927884615384615 0.04927884615384615
0 0.9459134615384616 0.8774038461538461 0.04927884615384615 0.04927884615384615
0 0.8858173076923077 0.8497596153846154 0.04927884615384615 0.04927884615384615
0 0.8521634615384616 0.8810096153846154 0.04927884615384615 0.04927884615384615
0 0.8257211538461539 0.8341346153846154 0.04927884615384615 0.04927884615384615
0 0.8822115384615384 0.9146634615384616 0.04927884615384615 0.04927884615384615
0 0.7223557692307693 0.8617788461538461 0.04927884615384615 0.04927884615384615
0 0.7536057692307693 0.8762019230769231 0.04927884615384615 0.04927884615384615
0 0.7848557692307693 0.8798076923076923 0.04927884615384615 0.04927884615384615
0 0.7596153846153846 0.7920673076923077 0.04927884615384615 0.04927884615384615
0 0.7367788461538461 0.7560096153846154 0.04927884615384615 0.04927884615384615
0 0.6862980769230769 0.8329326923076923 0.04927884615384615 0.04927884615384615
0 0.6658653846153846 0.7439903846153846 0.04927884615384615 0.04927884615384615
0 0.6971153846153846 0.7439903846153846 0.04927884615384615 0.04927884615384615
0 0.7055288461538461 0.7163461538461539 0.04927884615384615 0.04927884615384615
0 0.6201923076923077 0.6454326923076923 0.04927884615384615 0.04927884615384615
0 0.6177884615384616 0.6658653846153846 0.04927884615384615 0.04927884615384615
0 0.6418269230769231 0.703125 0.04927884615384615 0.04927884615384615
0 0.6814903846153846 0.6538461538461539 0.04927884615384615 0.04927884615384615
0 0.7091346153846154 0.6322115384615384 0.04927884615384615 0.04927884615384615
0 0.6802884615384616 0.5841346153846154 0.04927884615384615 0.04927884615384615
0 0.6658653846153846 0.6129807692307693 0.04927884615384615 0.04927884615384615
0 0.6430288461538461 0.5697115384615384 0.04927884615384615 0.04927884615384615
0 0.6586538461538461 0.4831730769230769 0.04927884615384615 0.04927884615384615
0 0.6802884615384616 0.44711538461538464 0.04927884615384615 0.04927884615384615
0 0.5901442307692307 0.5060096153846154 0.04927884615384615 0.04927884615384615
0 0.5721153846153846 0.43990384615384615 0.04927884615384615 0.04927884615384615
0 0.6045673076923077 0.4375 0.04927884615384615 0.04927884615384615
0 0.5697115384615384 0.38100961538461536 0.04927884615384615 0.04927884615384615
0 0.5805288461538461 0.1814903846153846 0.04927884615384615 0.04927884615384615
0 0.5108173076923077 0.2091346153846154 0.04927884615384615 0.04927884615384615
0 0.41346153846153844 0.12139423076923077 0.04927884615384615 0.04927884615384615
0 0.36778846153846156 0.11538461538461539 0.04927884615384615 0.04927884615384615
0 0.45913461538461536 0.15384615384615385 0.04927884615384615 0.04927884615384615
0 0.5240384615384616 0.15865384615384615 0.04927884615384615 0.04927884615384615
0 0.2776442307692308 0.1971153846153846 0.04927884615384615 0.04927884615384615
0 0.24879807692307693 0.12740384615384615 0.04927884615384615 0.04927884615384615
0 0.20072115384615385 0.15384615384615385 0.04927884615384615 0.04927884615384615
0 0.15985576923076922 0.04447115384615385 0.04927884615384615 0.04927884615384615
0 0.13822115384615385 0.18269230769230768 0.04927884615384615 0.04927884615384615
0 0.12139423076923077 0.06971153846153846 0.04927884615384615 0.04927884615384615
0 0.10336538461538461 0.054086538461538464 0.04927884615384615 0.04927884615384615
0 0.09615384615384616 0.08413461538461539 0.04927884615384615 0.04927884615384615
0 0.06490384615384616 0.07091346153846154 0.04927884615384615 0.04927884615384615
0 0.051682692307692304 0.09134615384615384 0.04927884615384615 0.04927884615384615
0 0.22956730769230768 0.0889423076923077 0.04927884615384615 0.04927884615384615
0 0.6478365384615384 0.32572115384615385 0.04927884615384615 0.04927884615384615
0 0.6478365384615384 0.3641826923076923 0.04927884615384615 0.04927884615384615
0 0.671875 0.7752403846153846 0.04927884615384615 0.04927884615384615