0 0.13822115384615385 0.5600961538461539 0.052884615384615384 0.052884615384615384
0 0.21634615384615385 0.6286057692307693 0.052884615384615384 0.052884615384615384
0 0.2548076923076923 0.5985576923076923 0.052884615384615384 0.052884615384615384
0 0.2247596153846154 0.5324519230769231 0.052884615384615384 0.052884615384615384
0 0.24759615384615385 0.5192307692307693 0.052884615384615384 0.052884615384615384
0 0.2956730769230769 0.6177884615384616 0.052884615384615384 0.052884615384615384
0 0.30528846153846156 0.5961538461538461 0.052884615384615384 0.052884615384615384
0 0.31490384615384615 0.5120192307692307 0.052884615384615384 0.052884615384615384
0 0.3473557692307692 0.6237980769230769 0.052884615384615384 0.052884615384615384
0 0.35336538461538464 0.5877403846153846 0.052884615384615384 0.052884615384615384
0 0.38822115384615385 0.5288461538461539 0.052884615384615384 0.052884615384615384
0 0.4206730769230769 0.6274038461538461 0.052884615384615384 0.052884615384615384
0 0.4651442307692308 0.6598557692307693 0.052884615384615384 0.052884615384615384
0 0.4230769230769231 0.5204326923076923 0.052884615384615384 0.052884615384615384
0 0.5240384615384616 0.5264423076923077 0.052884615384615384 0.052884615384615384
0 0.5649038461538461 0.5901442307692307 0.052884615384615384 0.052884615384615384
0 0.5612980769230769 0.5540865384615384 0.052884615384615384 0.052884615384615384
0 0.6586538461538461 0.53125 0.052884615384615384 0.052884615384615384
0 0.6923076923076923 0.5348557692307693 0.052884615384615384 0.052884615384615384
0 0.7307692307692307 0.5516826923076923 0.052884615384615384 0.052884615384615384
0 0.7175480769230769 0.5913461538461539 0.052884615384615384 0.052884615384615384
0 0.7944711538461539 0.5865384615384616 0.052884615384615384 0.052884615384615384
0 0.7680288461538461 0.6682692307692307 0.052884615384615384 0.052884615384615384
0 0.8557692307692307 0.6574519230769231 0.052884615384615384 0.052884615384615384
0 0.9086538461538461 0.6802884615384616 0.052884615384615384 0.052884615384615384
0 0.9242788461538461 0.578125 0.052884615384615384 0.052884615384615384