0 0.10697115384615384 0.03485576923076923 0.052884615384615384 0.052884615384615384
0 0.15384615384615385 0.06490384615384616 0.052884615384615384 0.052884615384615384
0 0.15384615384615385 0.10216346153846154 0.052884615384615384 0.052884615384615384
0 0.08413461538461539 0.15264423076923078 0.052884615384615384 0.052884615384615384
0 0.21033653846153846 0.16706730769230768 0.052884615384615384 0.052884615384615384
0 0.23197115384615385 0.22115384615384615 0.052884615384615384 0.052884615384615384
0 0.20552884615384615 0.2536057692307692 0.052884615384615384 0.052884615384615384
0 0.21634615384615385 0.30528846153846156 0.052884615384615384 0.052884615384615384
0 0.18389423076923078 0.3004807692307692 0.052884615384615384 0.052884615384615384
0 0.2668269230769231 0.2860576923076923 0.052884615384615384 0.052884615384615384
0 0.27403846153846156 0.31490384615384615 0.052884615384615384 0.052884615384615384
0 0.34615384615384615 0.38822115384615385 0.052884615384615384 0.052884615384615384
0 0.34615384615384615 0.42788461538461536 0.052884615384615384 0.052884615384615384
0 0.40625 0.43509615384615385 0.052884615384615384 0.052884615384615384
0 0.3545673076923077 0.4879807692307692 0.052884615384615384 0.052884615384615384
0 0.4735576923076923 0.6081730769230769 0.052884615384615384 0.052884615384615384
0 0.5480769230769231 0.5697115384615384 0.052884615384615384 0.052884615384615384
0 0.5600961538461539 0.6430288461538461 0.052884615384615384 0.052884615384615384
0 0.5252403846153846 0.7115384615384616 0.052884615384615384 0.052884615384615384
0 0.6189903846153846 0.7007211538461539 0.052884615384615384 0.052884615384615384
0 0.6153846153846154 0.7283653846153846 0.052884615384615384 0.052884615384615384
0 0.5637019230769231 0.7716346153846154 0.052884615384615384 0.052884615384615384
0 0.6790865384615384 0.7692307692307693 0.052884615384615384 0.052884615384615384
0 0.6057692307692307 0.8221153846153846 0.052884615384615384 0.052884615384615384
0 0.6742788461538461 0.8521634615384616 0.052884615384615384 0.052884615384615384
0 0.7139423076923077 0.8725961538461539 0.052884615384615384 0.052884615384615384
0 0.7692307692307693 0.9555288461538461 0.052884615384615384 0.052884615384615384
0 0.7884615384615384 0.9747596153846154 0.052884615384615384 0.05048076923076923
0 0.5132211538461539 0.6526442307692307 0.052884615384615384 0.052884615384615384
0 0.6634615384615384 0.8954326923076923 0.052884615384615384 0.052884615384615384
0 0.5961538461538461 0.8677884615384616 0.052884615384615384 0.052884615384615384
0 0.45552884615384615 0.5108173076923077 0.052884615384615384 0.052884615384615384