0 0.953125 0.6802884615384616 0.04927884615384615 0.04927884615384615
0 0.9194711538461539 0.6033653846153846 0.04927884615384615 0.04927884615384615
0 0.8173076923076923 0.5480769230769231 0.04927884615384615 0.04927884615384615
0 0.8004807692307693 0.5685096153846154 0.04927884615384615 0.04927884615384615
0 0.8485576923076923 0.49399038461538464 0.04927884615384615 0.04927884615384615
0 0.7475961538461539 0.6081730769230769 0.04927884615384615 0.04927884615384615
0 0.6838942307692307 0.5985576923076923 0.04927884615384615 0.04927884615384615
0 0.7091346153846154 0.5408653846153846 0.04927884615384615 0.04927884615384615
0 0.6730769230769231 0.5024038461538461 0.04927884615384615 0.04927884615384615
0 0.6117788461538461 0.4879807692307692 0.04927884615384615 0.04927884615384615
0 0.5709134615384616 0.5444711538461539 0.04927884615384615 0.04927884615384615
0 0.5444711538461539 0.5288461538461539 0.04927884615384615 0.04927884615384615
0 0.453125 0.5132211538461539 0.04927884615384615 0.04927884615384615
0 0.49399038461538464 0.4411057692307692 0.04927884615384615 0.04927884615384615
0 0.390625 0.4026442307692308 0.04927884615384615 0.04927884615384615
0 0.31971153846153844 0.46875 0.04927884615384615 0.04927884615384615
0 0.2668269230769231 0.46153846153846156 0.04927884615384615 0.04927884615384615
0 0.2644230769230769 0.3798076923076923 0.04927884615384615 0.04927884615384615
0 0.23557692307692307 0.4495192307692308 0.04927884615384615 0.04927884615384615
0 0.21634615384615385 0.46153846153846156 0.04927884615384615 0.04927884615384615
0 0.18629807692307693 0.45552884615384615 0.04927884615384615 0.04927884615384615
0 0.20432692307692307 0.38461538461538464 0.04927884615384615 0.04927884615384615
0 0.18028846153846154 0.43028846153846156 0.04927884615384615 0.04927884615384615
0 0.09495192307692307 0.44471153846153844 0.04927884615384615 0.04927884615384615
0 0.11538461538461539 0.41346153846153844 0.04927884615384615 0.04927884615384615