0 0.12980769230769232 0.0829326923076923 0.052884615384615384 0.052884615384615384
0 0.12139423076923077 0.03125 0.052884615384615384 0.052884615384615384
0 0.17908653846153846 0.055288461538461536 0.052884615384615384 0.052884615384615384
0 0.1971153846153846 0.021634615384615384 0.052884615384615384 0.04326923076923077
0 0.21995192307692307 0.10096153846153846 0.052884615384615384 0.052884615384615384
0 0.2091346153846154 0.1814903846153846 0.052884615384615384 0.052884615384615384
0 0.27163461538461536 0.140625 0.052884615384615384 0.052884615384615384
0 0.31971153846153844 0.14302884615384615 0.052884615384615384 0.052884615384615384
0 0.3798076923076923 0.19591346153846154 0.052884615384615384 0.052884615384615384
0 0.4182692307692308 0.25 0.052884615384615384 0.052884615384615384
0 0.41466346153846156 0.28125 0.052884615384615384 0.052884615384615384
0 0.47475961538461536 0.3401442307692308 0.052884615384615384 0.052884615384615384
0 0.5432692307692307 0.3401442307692308 0.052884615384615384 0.052884615384615384
0 0.5757211538461539 0.33052884615384615 0.052884615384615384 0.052884615384615384
0 0.5769230769230769 0.390625 0.052884615384615384 0.052884615384615384
0 0.6983173076923077 0.4807692307692308 0.052884615384615384 0.052884615384615384
0 0.65625 0.4423076923076923 0.052884615384615384 0.052884615384615384
0 0.7572115384615384 0.5264423076923077 0.052884615384615384 0.052884615384615384
0 0.8798076923076923 0.5 0.052884615384615384 0.052884615384615384
0 0.06610576923076923 0.09615384615384616 0.052884615384615384 0.052884615384615384
0 0.11177884615384616 0.171875 0.052884615384615384 0.052884615384615384
0 0.1346153846153846 0.25721153846153844 0.052884615384615384 0.052884615384615384
0 0.16346153846153846 0.3858173076923077 0.052884615384615384 0.052884615384615384
0 0.23677884615384615 0.4387019230769231 0.052884615384615384 0.052884615384615384
0 0.16826923076923078 0.3004807692307692 0.052884615384615384 0.052884615384615384
0 0.23557692307692307 0.4807692307692308 0.052884615384615384 0.052884615384615384
0 0.17908653846153846 0.44711538461538464 0.052884615384615384 0.052884615384615384
0 0.18509615384615385 0.6129807692307693 0.052884615384615384 0.052884615384615384
0 0.18629807692307693 0.6502403846153846 0.052884615384615384 0.052884615384615384
0 0.1658653846153846 0.6802884615384616 0.052884615384615384 0.052884615384615384
0 0.04447115384615385 0.6177884615384616 0.052884615384615384 0.052884615384615384
0 0.08413461538461539 0.6286057692307693 0.052884615384615384 0.052884615384615384
0 0.06490384615384616 0.6634615384615384 0.052884615384615384 0.052884615384615384
0 0.1875 0.7632211538461539 0.052884615384615384 0.052884615384615384
0 0.09134615384615384 0.7824519230769231 0.052884615384615384 0.052884615384615384
0 0.12139423076923077 0.8629807692307693 0.052884615384615384 0.052884615384615384
0 0.1875 0.8629807692307693 0.052884615384615384 0.052884615384615384
0 0.20072115384615385 0.9098557692307693 0.052884615384615384 0.052884615384615384
0 0.44591346153846156 0.17548076923076922 0.052884615384615384 0.052884615384615384
0 0.5492788461538461 0.20793269230769232 0.052884615384615384 0.052884615384615384
0 0.5985576923076923 0.21875 0.052884615384615384 0.052884615384615384
0 0.6286057692307693 0.21153846153846154 0.052884615384615384 0.052884615384615384
0 0.8425480769230769 0.20072115384615385 0.052884615384615384 0.052884615384615384
0 0.8942307692307693 0.23918269230769232 0.052884615384615384 0.052884615384615384
0 0.5745192307692307 0.2848557692307692 0.052884615384615384 0.052884615384615384
0 0.6322115384615384 0.328125 0.052884615384615384 0.052884615384615384
0 0.703125 0.3317307692307692 0.052884615384615384 0.052884615384615384
0 0.7572115384615384 0.3004807692307692 0.052884615384615384 0.052884615384615384
0 0.8677884615384616 0.3401442307692308 0.052884615384615384 0.052884615384615384
0 0.8617788461538461 0.2932692307692308 0.052884615384615384 0.052884615384615384
0 0.9266826923076923 0.31009615384615385 0.052884615384615384 0.052884615384615384