0 0.6105769230769231 0.9182692307692307 0.04927884615384615 0.04927884615384615
0 0.6538461538461539 0.8918269230769231 0.04927884615384615 0.04927884615384615
0 0.5949519230769231 0.8497596153846154 0.04927884615384615 0.04927884615384615
0 0.5841346153846154 0.7908653846153846 0.04927884615384615 0.04927884615384615
0 0.6887019230769231 0.8966346153846154 0.04927884615384615 0.04927884615384615
0 0.6334134615384616 0.8377403846153846 0.04927884615384615 0.04927884615384615
0 0.5024038461538461 0.8197115384615384 0.04927884615384615 0.04927884615384615
0 0.5096153846153846 0.7319711538461539 0.04927884615384615 0.04927884615384615
0 0.46875 0.7367788461538461 0.04927884615384615 0.04927884615384615
0 0.4026442307692308 0.6742788461538461 0.04927884615384615 0.04927884615384615
0 0.4230769230769231 0.6033653846153846 0.04927884615384615 0.04927884615384615
0 0.30649038461538464 0.5372596153846154 0.04927884615384615 0.04927884615384615
0 0.39663461538461536 0.5228365384615384 0.04927884615384615 0.04927884615384615
0 0.32572115384615385 0.4074519230769231 0.04927884615384615 0.04927884615384615
0 0.36778846153846156 0.44711538461538464 0.04927884615384615 0.04927884615384615
0 0.3798076923076923 0.4050480769230769 0.04927884615384615 0.04927884615384615
0 0.3641826923076923 0.36538461538461536 0.04927884615384615 0.04927884615384615
0 0.3449519230769231 0.33413461538461536 0.04927884615384615 0.04927884615384615
0 0.37740384615384615 0.32211538461538464 0.04927884615384615 0.04927884615384615
0 0.421875 0.36177884615384615 0.04927884615384615 0.04927884615384615
0 0.41947115384615385 0.2980769230769231 0.04927884615384615 0.04927884615384615
0 0.3870192307692308 0.17548076923076922 0.04927884615384615 0.04927884615384615