0 0.8569711538461539 0.41346153846153844 0.04326923076923077 0.04326923076923077
0 0.8209134615384616 0.4951923076923077 0.04326923076923077 0.04326923076923077
0 0.78125 0.5 0.04326923076923077 0.04326923076923077
0 0.7415865384615384 0.5168269230769231 0.04326923076923077 0.04326923076923077
0 0.7415865384615384 0.4543269230769231 0.04326923076923077 0.04326923076923077
0 0.6430288461538461 0.5072115384615384 0.04326923076923077 0.04326923076923077
0 0.6574519230769231 0.4362980769230769 0.04326923076923077 0.04326923076923077
0 0.47836538461538464 0.4579326923076923 0.04326923076923077 0.04326923076923077
0 0.5024038461538461 0.4110576923076923 0.04326923076923077 0.04326923076923077
0 0.5552884615384616 0.44471153846153844 0.04326923076923077 0.04326923076923077
0 0.4543269230769231 0.4326923076923077 0.04326923076923077 0.04326923076923077
0 0.3798076923076923 0.43509615384615385 0.04326923076923077 0.04326923076923077
0 0.5072115384615384 0.5 0.04326923076923077 0.04326923076923077
0 0.34615384615384615 0.45072115384615385 0.04326923076923077 0.04326923076923077
0 0.2764423076923077 0.4567307692307692 0.04326923076923077 0.04326923076923077
0 0.23798076923076922 0.5324519230769231 0.04326923076923077 0.04326923076923077
0 0.14182692307692307 0.5865384615384616 0.04326923076923077 0.04326923076923077
0 0.08173076923076923 0.6478365384615384 0.04326923076923077 0.04326923076923077