0 0.90625 0.8966346153846154 0.04326923076923077 0.04326923076923077
0 0.8497596153846154 0.8149038461538461 0.04326923076923077 0.04326923076923077
0 0.9146634615384616 0.7836538461538461 0.04326923076923077 0.04326923076923077
0 0.9399038461538461 0.6069711538461539 0.04326923076923077 0.04326923076923077
0 0.8725961538461539 0.49399038461538464 0.04326923076923077 0.04326923076923077
0 0.7836538461538461 0.41947115384615385 0.04326923076923077 0.04326923076923077
0 0.8557692307692307 0.39663461538461536 0.04326923076923077 0.04326923076923077
0 0.8641826923076923 0.30288461538461536 0.04326923076923077 0.04326923076923077
0 0.8329326923076923 0.30288461538461536 0.04326923076923077 0.04326923076923077
0 0.7752403846153846 0.20072115384615385 0.04326923076923077 0.04326923076923077
0 0.8449519230769231 0.2091346153846154 0.04326923076923077 0.04326923076923077
0 0.8004807692307693 0.5985576923076923 0.04326923076923077 0.04326923076923077
0 0.7475961538461539 0.5757211538461539 0.04326923076923077 0.04326923076923077
0 0.6322115384615384 0.5805288461538461 0.04326923076923077 0.04326923076923077
0 0.6009615384615384 0.5997596153846154 0.04326923076923077 0.04326923076923077
0 0.5709134615384616 0.6117788461538461 0.04326923076923077 0.04326923076923077
0 0.5961538461538461 0.6730769230769231 0.04326923076923077 0.04326923076923077
0 0.5180288461538461 0.6538461538461539 0.04326923076923077 0.04326923076923077
0 0.37740384615384615 0.6622596153846154 0.04326923076923077 0.04326923076923077
0 0.37259615384615385 0.7091346153846154 0.04326923076923077 0.04326923076923077
0 0.3954326923076923 0.7283653846153846 0.04326923076923077 0.04326923076923077
0 0.3245192307692308 0.7175480769230769 0.04326923076923077 0.04326923076923077
0 0.43990384615384615 0.6550480769230769 0.04326923076923077 0.04326923076923077
0 0.43509615384615385 0.6899038461538461 0.04326923076923077 0.04326923076923077
0 0.5480769230769231 0.6502403846153846 0.04326923076923077 0.04326923076923077
0 0.3317307692307692 0.7668269230769231 0.04326923076923077 0.04326923076923077
0 0.2980769230769231 0.7740384615384616 0.04326923076923077 0.04326923076923077
0 0.28125 0.7992788461538461 0.04326923076923077 0.04326923076923077
0 0.2692307692307692 0.7247596153846154 0.04326923076923077 0.04326923076923077
0 0.18389423076923078 0.7475961538461539 0.04326923076923077 0.04326923076923077
0 0.18389423076923078 0.8100961538461539 0.04326923076923077 0.04326923076923077
0 0.15504807692307693 0.7932692307692307 0.04326923076923077 0.04326923076923077
0 0.10817307692307693 0.7668269230769231 0.04326923076923077 0.04326923076923077
0 0.05889423076923077 0.7788461538461539 0.04326923076923077 0.04326923076923077
0 0.09375 0.7079326923076923 0.04326923076923077 0.04326923076923077
0 0.07451923076923077 0.6899038461538461 0.04326923076923077 0.04326923076923077
0 0.027644230769230768 0.6947115384615384 0.04326923076923077 0.04326923076923077
0 0.8233173076923077 0.5480769230769231 0.04326923076923077 0.04326923076923077
0 0.7836538461538461 0.5685096153846154 0.04326923076923077 0.04326923076923077
0 0.8052884615384616 0.5132211538461539 0.04326923076923077 0.04326923076923077
0 0.7475961538461539 0.5408653846153846 0.04326923076923077 0.04326923076923077
0 0.7403846153846154 0.5168269230769231 0.04326923076923077 0.04326923076923077
0 0.765625 0.45072115384615385 0.04326923076923077 0.04326923076923077
0 0.6923076923076923 0.49759615384615385 0.04326923076923077 0.04326923076923077
0 0.6069711538461539 0.44711538461538464 0.04326923076923077 0.04326923076923077
0 0.6033653846153846 0.3557692307692308 0.04326923076923077 0.04326923076923077
0 0.6129807692307693 0.3798076923076923 0.04326923076923077 0.04326923076923077
0 0.6526442307692307 0.38822115384615385 0.04326923076923077 0.04326923076923077
0 0.6490384615384616 0.41947115384615385 0.04326923076923077 0.04326923076923077
0 0.6598557692307693 0.47115384615384615 0.04326923076923077 0.04326923076923077
0 0.5588942307692307 0.34975961538461536 0.04326923076923077 0.04326923076923077
0 0.5096153846153846 0.32091346153846156 0.04326923076923077 0.04326923076923077
0 0.47716346153846156 0.29927884615384615 0.04326923076923077 0.04326923076923077
0 0.48197115384615385 0.37740384615384615 0.04326923076923077 0.04326923076923077
0 0.4639423076923077 0.40384615384615385 0.04326923076923077 0.04326923076923077
0 0.4387019230769231 0.36899038461538464 0.04326923076923077 0.04326923076923077
0 0.41466346153846156 0.31850961538461536 0.04326923076923077 0.04326923076923077
0 0.41466346153846156 0.3798076923076923 0.04326923076923077 0.04326923076923077
0 0.5276442307692307 0.39903846153846156 0.04326923076923077 0.04326923076923077
0 0.5576923076923077 0.38100961538461536 0.04326923076923077 0.04326923076923077
0 0.36538461538461536 0.3713942307692308 0.04326923076923077 0.04326923076923077
0 0.34134615384615385 0.31490384615384615 0.04326923076923077 0.04326923076923077