0 0.8365384615384616 0.5588942307692307 0.052884615384615384 0.052884615384615384
0 0.8810096153846154 0.5432692307692307 0.052884615384615384 0.052884615384615384
0 0.8653846153846154 0.49278846153846156 0.052884615384615384 0.052884615384615384
0 0.7908653846153846 0.49278846153846156 0.052884615384615384 0.052884615384615384
0 0.7439903846153846 0.4375 0.052884615384615384 0.052884615384615384
0 0.7632211538461539 0.40384615384615385 0.052884615384615384 0.052884615384615384
0 0.8365384615384616 0.40625 0.052884615384615384 0.052884615384615384
0 0.9074519230769231 0.6730769230769231 0.052884615384615384 0.052884615384615384
0 0.9086538461538461 0.625 0.052884615384615384 0.052884615384615384
0 0.8762019230769231 0.6382211538461539 0.052884615384615384 0.052884615384615384
0 0.8425480769230769 0.6322115384615384 0.052884615384615384 0.052884615384615384
0 0.8064903846153846 0.6490384615384616 0.052884615384615384 0.052884615384615384
0 0.8088942307692307 0.6057692307692307 0.052884615384615384 0.052884615384615384
0 0.7487980769230769 0.5697115384615384 0.052884615384615384 0.052884615384615384
0 0.7223557692307693 0.6514423076923077 0.052884615384615384 0.052884615384615384
0 0.7271634615384616 0.6057692307692307 0.052884615384615384 0.052884615384615384
0 0.6983173076923077 0.6225961538461539 0.052884615384615384 0.052884615384615384
0 0.5480769230769231 0.6225961538461539 0.052884615384615384 0.052884615384615384
0 0.6310096153846154 0.5817307692307693 0.052884615384615384 0.052884615384615384
0 0.4182692307692308 0.5673076923076923 0.052884615384615384 0.052884615384615384
0 0.38461538461538464 0.5480769230769231 0.052884615384615384 0.052884615384615384
0 0.39783653846153844 0.4735576923076923 0.052884615384615384 0.052884615384615384
0 0.3557692307692308 0.4266826923076923 0.052884615384615384 0.052884615384615384
0 0.32211538461538464 0.4411057692307692 0.052884615384615384 0.052884615384615384
0 0.2848557692307692 0.4483173076923077 0.052884615384615384 0.052884615384615384
0 0.26802884615384615 0.5240384615384616 0.052884615384615384 0.052884615384615384
0 0.28725961538461536 0.5444711538461539 0.052884615384615384 0.052884615384615384
0 0.33052884615384615 0.5192307692307693 0.052884615384615384 0.052884615384615384
0 0.6069711538461539 0.59375 0.052884615384615384 0.052884615384615384
0 0.7391826923076923 0.7259615384615384 0.052884615384615384 0.052884615384615384
0 0.6959134615384616 0.7776442307692307 0.052884615384615384 0.052884615384615384
0 0.6694711538461539 0.7019230769230769 0.052884615384615384 0.052884615384615384
0 0.6262019230769231 0.7151442307692307 0.052884615384615384 0.052884615384615384
0 0.6177884615384616 0.7584134615384616 0.052884615384615384 0.052884615384615384
0 0.5504807692307693 0.7283653846153846 0.052884615384615384 0.052884615384615384
0 0.4807692307692308 0.75 0.052884615384615384 0.052884615384615384
0 0.5096153846153846 0.7307692307692307 0.052884615384615384 0.052884615384615384
0 0.5384615384615384 0.6790865384615384 0.052884615384615384 0.052884615384615384
0 0.5889423076923077 0.6538461538461539 0.052884615384615384 0.052884615384615384
0 0.43990384615384615 0.6634615384615384 0.052884615384615384 0.052884615384615384
0 0.37740384615384615 0.7103365384615384 0.052884615384615384 0.052884615384615384
0 0.39663461538461536 0.6370192307692307 0.052884615384615384 0.052884615384615384
0 0.3701923076923077 0.6129807692307693 0.052884615384615384 0.052884615384615384
0 0.3269230769230769 0.6850961538461539 0.052884615384615384 0.052884615384615384