0 0.8918269230769231 0.5024038461538461 0.04326923076923077 0.04326923076923077
0 0.9194711538461539 0.5733173076923077 0.04326923076923077 0.04326923076923077
0 0.8413461538461539 0.6177884615384616 0.04326923076923077 0.04326923076923077
0 0.75 0.5865384615384616 0.04326923076923077 0.04326923076923077
0 0.6394230769230769 0.6598557692307693 0.04326923076923077 0.04326923076923077
0 0.5949519230769231 0.6286057692307693 0.04326923076923077 0.04326923076923077
0 0.5805288461538461 0.5384615384615384 0.04326923076923077 0.04326923076923077
0 0.6141826923076923 0.6069711538461539 0.04326923076923077 0.04326923076923077
0 0.6286057692307693 0.59375 0.04326923076923077 0.04326923076923077
0 0.44471153846153844 0.5132211538461539 0.04326923076923077 0.04326923076923077
0 0.38100961538461536 0.5060096153846154 0.04326923076923077 0.04326923076923077
0 0.359375 0.5024038461538461 0.04326923076923077 0.04326923076923077
0 0.6995192307692307 0.578125 0.04326923076923077 0.04326923076923077
0 0.8413461538461539 0.5516826923076923 0.04326923076923077 0.04326923076923077
0 0.8569711538461539 0.5817307692307693 0.04326923076923077 0.04326923076923077
0 0.18629807692307693 0.5432692307692307 0.04326923076923077 0.04326923076923077
0 0.19951923076923078 0.5733173076923077 0.04326923076923077 0.04326923076923077
0 0.13701923076923078 0.6310096153846154 0.04326923076923077 0.04326923076923077
0 0.11177884615384616 0.5793269230769231 0.04326923076923077 0.04326923076923077
0 0.038461538461538464 0.5396634615384616 0.04326923076923077 0.04326923076923077
0 0.07091346153846154 0.5889423076923077 0.04326923076923077 0.04326923076923077
0 0.06009615384615385 0.6117788461538461 0.04326923076923077 0.04326923076923077
0 0.3161057692307692 0.8966346153846154 0.04326923076923077 0.04326923076923077
0 0.3870192307692308 0.8870192307692307 0.04326923076923077 0.04326923076923077
0 0.3942307692307692 0.8557692307692307 0.04326923076923077 0.04326923076923077
0 0.3317307692307692 0.8509615384615384 0.04326923076923077 0.04326923076923077
0 0.35096153846153844 0.8377403846153846 0.04326923076923077 0.04326923076923077
0 0.3629807692307692 0.7620192307692307 0.04326923076923077 0.04326923076923077
0 0.36899038461538464 0.7307692307692307 0.04326923076923077 0.04326923076923077
0 0.42788461538461536 0.7367788461538461 0.04326923076923077 0.04326923076923077
0 0.4098557692307692 0.78125 0.04326923076923077 0.04326923076923077
0 0.49278846153846156 0.5180288461538461 0.04326923076923077 0.04326923076923077
0 0.5180288461538461 0.5372596153846154 0.04326923076923077 0.04326923076923077
0 0.5384615384615384 0.5552884615384616 0.04326923076923077 0.04326923076923077
0 0.4723557692307692 0.5913461538461539 0.04326923076923077 0.04326923076923077
0 0.5132211538461539 0.6322115384615384 0.04326923076923077 0.04326923076923077
0 0.7307692307692307 0.6274038461538461 0.04326923076923077 0.04326923076923077
0 0.7463942307692307 0.5552884615384616 0.04326923076923077 0.04326923076923077
0 0.9350961538461539 0.4963942307692308 0.04326923076923077 0.04326923076923077
0 0.953125 0.5588942307692307 0.04326923076923077 0.04326923076923077
0 0.421875 0.49399038461538464 0.04326923076923077 0.04326923076923077
0 0.3088942307692308 0.4963942307692308 0.04326923076923077 0.04326923076923077
0 0.21514423076923078 0.5973557692307693 0.04326923076923077 0.04326923076923077