0 0.1466346153846154 0.08173076923076923 0.052884615384615384 0.052884615384615384
0 0.22596153846153846 0.08413461538461539 0.052884615384615384 0.052884615384615384
0 0.18990384615384615 0.13581730769230768 0.052884615384615384 0.052884615384615384
0 0.13701923076923078 0.33052884615384615 0.052884615384615384 0.052884615384615384
0 0.12860576923076922 0.4567307692307692 0.052884615384615384 0.052884615384615384
0 0.18028846153846154 0.5288461538461539 0.052884615384615384 0.052884615384615384
0 0.16346153846153846 0.6274038461538461 0.052884615384615384 0.052884615384615384
0 0.14423076923076922 0.7271634615384616 0.052884615384615384 0.052884615384615384
0 0.19951923076923078 0.7572115384615384 0.052884615384615384 0.052884615384615384
0 0.18509615384615385 0.8810096153846154 0.052884615384615384 0.052884615384615384
0 0.10697115384615384 0.8629807692307693 0.052884615384615384 0.052884615384615384
0 0.18269230769230768 0.43990384615384615 0.052884615384615384 0.052884615384615384
0 0.17548076923076922 0.31490384615384615 0.052884615384615384 0.052884615384615384
0 0.26322115384615385 0.23918269230769232 0.052884615384615384 0.052884615384615384
0 0.32091346153846156 0.1935096153846154 0.052884615384615384 0.052884615384615384
0 0.29447115384615385 0.2932692307692308 0.052884615384615384 0.052884615384615384
0 0.3389423076923077 0.36899038461538464 0.052884615384615384 0.052884615384615384
0 0.32211538461538464 0.4230769230769231 0.052884615384615384 0.052884615384615384
0 0.38822115384615385 0.43990384615384615 0.052884615384615384 0.052884615384615384
0 0.39903846153846156 0.5564903846153846 0.052884615384615384 0.052884615384615384
0 0.36658653846153844 0.5372596153846154 0.052884615384615384 0.052884615384615384
0 0.37259615384615385 0.6021634615384616 0.052884615384615384 0.052884615384615384
0 0.3641826923076923 0.2692307692307692 0.052884615384615384 0.052884615384615384
0 0.47836538461538464 0.31490384615384615 0.052884615384615384 0.052884615384615384
0 0.4639423076923077 0.23076923076923078 0.052884615384615384 0.052884615384615384
0 0.5204326923076923 0.20793269230769232 0.052884615384615384 0.052884615384615384
0 0.5829326923076923 0.27403846153846156 0.052884615384615384 0.052884615384615384
0 0.5877403846153846 0.18509615384615385 0.052884615384615384 0.052884615384615384
0 0.6021634615384616 0.21634615384615385 0.052884615384615384 0.052884615384615384
0 0.7295673076923077 0.24278846153846154 0.052884615384615384 0.052884615384615384
0 0.8497596153846154 0.28725961538461536 0.052884615384615384 0.052884615384615384
0 0.8762019230769231 0.3269230769230769 0.052884615384615384 0.052884615384615384
0 0.8617788461538461 0.36177884615384615 0.052884615384615384 0.052884615384615384
0 0.8990384615384616 0.38822115384615385 0.052884615384615384 0.052884615384615384
0 0.9050480769230769 0.31009615384615385 0.052884615384615384 0.052884615384615384
0 0.9591346153846154 0.36177884615384615 0.052884615384615384 0.052884615384615384