0 0.11538461538461539 0.2932692307692308 0.04326923076923077 0.04326923076923077
0 0.13942307692307693 0.33774038461538464 0.04326923076923077 0.04326923076923077
0 0.14182692307692307 0.3798076923076923 0.04326923076923077 0.04326923076923077
0 0.11177884615384616 0.3918269230769231 0.04326923076923077 0.04326923076923077
0 0.06610576923076923 0.35216346153846156 0.04326923076923077 0.04326923076923077
0 0.08653846153846154 0.4230769230769231 0.04326923076923077 0.04326923076923077
0 0.0889423076923077 0.5012019230769231 0.04326923076923077 0.04326923076923077
0 0.10697115384615384 0.5300480769230769 0.04326923076923077 0.04326923076923077
0 0.18269230769230768 0.6490384615384616 0.04326923076923077 0.04326923076923077
0 0.18509615384615385 0.7115384615384616 0.04326923076923077 0.04326923076923077
0 0.21754807692307693 0.7199519230769231 0.04326923076923077 0.04326923076923077
0 0.14903846153846154 0.7223557692307693 0.04326923076923077 0.04326923076923077
0 0.14182692307692307 0.6646634615384616 0.04326923076923077 0.04326923076923077
0 0.18629807692307693 0.6105769230769231 0.04326923076923077 0.04326923076923077
0 0.11899038461538461 0.4543269230769231 0.04326923076923077 0.04326923076923077
0 0.06009615384615385 0.20793269230769232 0.04326923076923077 0.04326923076923077
0 0.11177884615384616 0.20072115384615385 0.04326923076923077 0.04326923076923077
0 0.13701923076923078 0.2091346153846154 0.04326923076923077 0.04326923076923077
0 0.16466346153846154 0.21634615384615385 0.04326923076923077 0.04326923076923077
0 0.20552884615384615 0.28365384615384615 0.04326923076923077 0.04326923076923077
0 0.203125 0.24278846153846154 0.04326923076923077 0.04326923076923077
0 0.4074519230769231 0.2764423076923077 0.04326923076923077 0.04326923076923077
0 0.44471153846153844 0.38100961538461536 0.04326923076923077 0.04326923076923077
0 0.3137019230769231 0.27163461538461536 0.04326923076923077 0.04326923076923077
0 0.3401442307692308 0.2920673076923077 0.04326923076923077 0.04326923076923077
0 0.38341346153846156 0.31009615384615385 0.04326923076923077 0.04326923076923077
0 0.5 0.3485576923076923 0.04326923076923077 0.04326923076923077
0 0.5252403846153846 0.34615384615384615 0.04326923076923077 0.04326923076923077
0 0.5444711538461539 0.421875 0.04326923076923077 0.04326923076923077
0 0.5961538461538461 0.4014423076923077 0.04326923076923077 0.04326923076923077
0 0.5913461538461539 0.47115384615384615 0.04326923076923077 0.04326923076923077
0 0.6550480769230769 0.5024038461538461 0.04326923076923077 0.04326923076923077
0 0.7475961538461539 0.48197115384615385 0.04326923076923077 0.04326923076923077
0 0.7295673076923077 0.5336538461538461 0.04326923076923077 0.04326923076923077
0 0.7896634615384616 0.6069711538461539 0.04326923076923077 0.04326923076923077
0 0.7848557692307693 0.4879807692307692 0.04326923076923077 0.04326923076923077
0 0.7572115384615384 0.5552884615384616 0.04326923076923077 0.04326923076923077
0 0.7884615384615384 0.5252403846153846 0.04326923076923077 0.04326923076923077
0 0.8293269230769231 0.5600961538461539 0.04326923076923077 0.04326923076923077
0 0.9038461538461539 0.5528846153846154 0.04326923076923077 0.04326923076923077
0 0.9350961538461539 0.5600961538461539 0.04326923076923077 0.04326923076923077
0 0.9699519230769231 0.5096153846153846 0.04326923076923077 0.04326923076923077
0 0.028846153846153848 0.3173076923076923 0.04326923076923077 0.04326923076923077
0 0.34134615384615385 0.25961538461538464 0.04326923076923077 0.04326923076923077
0 0.26322115384615385 0.28365384615384615 0.04326923076923077 0.04326923076923077
0 0.4387019230769231 0.34975961538461536 0.04326923076923077 0.04326923076923077