0 0.3449519230769231 0.08653846153846154 0.052884615384615384 0.052884615384615384
0 0.43990384615384615 0.0673076923076923 0.052884615384615384 0.052884615384615384
0 0.46033653846153844 0.21634615384615385 0.052884615384615384 0.052884615384615384
0 0.5204326923076923 0.22956730769230768 0.052884615384615384 0.052884615384615384
0 0.5829326923076923 0.28846153846153844 0.052884615384615384 0.052884615384615384
0 0.6670673076923077 0.5024038461538461 0.052884615384615384 0.052884615384615384
0 0.7391826923076923 0.45552884615384615 0.052884615384615384 0.052884615384615384
0 0.7704326923076923 0.53125 0.052884615384615384 0.052884615384615384
0 0.8197115384615384 0.5240384615384616 0.052884615384615384 0.052884615384615384
0 0.8137019230769231 0.43990384615384615 0.052884615384615384 0.052884615384615384
0 0.8461538461538461 0.4411057692307692 0.052884615384615384 0.052884615384615384
0 0.9086538461538461 0.4519230769230769 0.052884615384615384 0.052884615384615384
0 0.9206730769230769 0.5396634615384616 0.052884615384615384 0.052884615384615384
0 0.21153846153846154 0.1622596153846154 0.052884615384615384 0.052884615384615384
0 0.23197115384615385 0.23197115384615385 0.052884615384615384 0.052884615384615384
0 0.30528846153846156 0.2692307692307692 0.052884615384615384 0.052884615384615384
0 0.265625 0.375 0.052884615384615384 0.052884615384615384
0 0.2704326923076923 0.4387019230769231 0.052884615384615384 0.052884615384615384
0 0.34134615384615385 0.47115384615384615 0.052884615384615384 0.052884615384615384
0 0.31971153846153844 0.6033653846153846 0.052884615384615384 0.052884615384615384
0 0.3389423076923077 0.6899038461538461 0.052884615384615384 0.052884615384615384
0 0.5264423076923077 0.9759615384615384 0.052884615384615384 0.046875