0 0.36658653846153844 0.9314903846153846 0.04326923076923077 0.04326923076923077
0 0.36658653846153844 0.8377403846153846 0.04326923076923077 0.04326923076923077
0 0.5012019230769231 0.875 0.04326923076923077 0.04326923076923077
0 0.5288461538461539 0.8076923076923077 0.04326923076923077 0.04326923076923077
0 0.5661057692307693 0.765625 0.04326923076923077 0.04326923076923077
0 0.5432692307692307 0.6875 0.04326923076923077 0.04326923076923077
0 0.48197115384615385 0.8365384615384616 0.04326923076923077 0.04326923076923077
0 0.44591346153846156 0.6694711538461539 0.04326923076923077 0.04326923076923077
0 0.4699519230769231 0.6730769230769231 0.04326923076923077 0.04326923076923077
0 0.3762019230769231 0.5793269230769231 0.04326923076923077 0.04326923076923077
0 0.3137019230769231 0.5600961538461539 0.04326923076923077 0.04326923076923077
0 0.18870192307692307 0.6418269230769231 0.04326923076923077 0.04326923076923077
0 0.09254807692307693 0.6947115384615384 0.04326923076923077 0.04326923076923077
0 0.055288461538461536 0.6574519230769231 0.04326923076923077 0.04326923076923077
0 0.06971153846153846 0.6346153846153846 0.04326923076923077 0.04326923076923077
0 0.8413461538461539 0.7091346153846154 0.04326923076923077 0.04326923076923077
0 0.34975961538461536 0.06370192307692307 0.04326923076923077 0.04326923076923077
0 0.43028846153846156 0.08774038461538461 0.04326923076923077 0.04326923076923077
0 0.38822115384615385 0.13822115384615385 0.04326923076923077 0.04326923076923077
0 0.4110576923076923 0.14903846153846154 0.04326923076923077 0.04326923076923077
0 0.4855769230769231 0.18990384615384615 0.04326923076923077 0.04326923076923077
0 0.8149038461538461 0.2920673076923077 0.04326923076923077 0.04326923076923077
0 0.7043269230769231 0.18629807692307693 0.04326923076923077 0.04326923076923077
0 0.9387019230769231 0.6394230769230769 0.04326923076923077 0.04326923076923077
0 0.8257211538461539 0.3954326923076923 0.04326923076923077 0.04326923076923077