0 0.07451923076923077 0.1466346153846154 0.052884615384615384 0.052884615384615384
0 0.06490384615384616 0.20793269230769232 0.052884615384615384 0.052884615384615384
0 0.17548076923076922 0.16947115384615385 0.052884615384615384 0.052884615384615384
0 0.21634615384615385 0.2512019230769231 0.052884615384615384 0.052884615384615384
0 0.15384615384615385 0.36177884615384615 0.052884615384615384 0.052884615384615384
0 0.21033653846153846 0.359375 0.052884615384615384 0.052884615384615384
0 0.2932692307692308 0.3762019230769231 0.052884615384615384 0.052884615384615384
0 0.3317307692307692 0.37259615384615385 0.052884615384615384 0.052884615384615384
0 0.26322115384615385 0.46875 0.052884615384615384 0.052884615384615384
0 0.33653846153846156 0.4387019230769231 0.052884615384615384 0.052884615384615384
0 0.3629807692307692 0.41947115384615385 0.052884615384615384 0.052884615384615384
0 0.3545673076923077 0.4723557692307692 0.052884615384615384 0.052884615384615384
0 0.33774038461538464 0.5697115384615384 0.052884615384615384 0.052884615384615384
0 0.3954326923076923 0.5757211538461539 0.052884615384615384 0.052884615384615384
0 0.4050480769230769 0.6826923076923077 0.052884615384615384 0.052884615384615384
0 0.46153846153846156 0.7067307692307693 0.052884615384615384 0.052884615384615384
0 0.5432692307692307 0.6802884615384616 0.052884615384615384 0.052884615384615384
0 0.5120192307692307 0.7295673076923077 0.052884615384615384 0.052884615384615384
0 0.5252403846153846 0.7788461538461539 0.052884615384615384 0.052884615384615384
0 0.5528846153846154 0.7944711538461539 0.052884615384615384 0.052884615384615384
0 0.6117788461538461 0.8209134615384616 0.052884615384615384 0.052884615384615384
0 0.6538461538461539 0.8413461538461539 0.052884615384615384 0.052884615384615384
0 0.7019230769230769 0.7764423076923077 0.052884615384615384 0.052884615384615384
0 0.7439903846153846 0.8509615384615384 0.052884615384615384 0.052884615384615384
0 0.7920673076923077 0.8677884615384616 0.052884615384615384 0.052884615384615384
0 0.8569711538461539 0.8473557692307693 0.052884615384615384 0.052884615384615384
0 0.9074519230769231 0.8473557692307693 0.052884615384615384 0.052884615384615384
0 0.8798076923076923 0.9146634615384616 0.052884615384615384 0.052884615384615384
0 0.9146634615384616 0.9086538461538461 0.052884615384615384 0.052884615384615384
0 0.6574519230769231 0.6995192307692307 0.052884615384615384 0.052884615384615384