0 0.36658653846153844 0.28125 0.052884615384615384 0.052884615384615384
0 0.43028846153846156 0.31009615384615385 0.052884615384615384 0.052884615384615384
0 0.46274038461538464 0.4014423076923077 0.052884615384615384 0.052884615384615384
0 0.5288461538461539 0.2824519230769231 0.052884615384615384 0.052884615384615384
0 0.6322115384615384 0.33653846153846156 0.052884615384615384 0.052884615384615384
0 0.6586538461538461 0.29447115384615385 0.052884615384615384 0.052884615384615384
0 0.7427884615384616 0.14903846153846154 0.052884615384615384 0.052884615384615384
0 0.6682692307692307 0.5576923076923077 0.052884615384615384 0.052884615384615384
0 0.6490384615384616 0.6826923076923077 0.052884615384615384 0.052884615384615384
0 0.7572115384615384 0.6586538461538461 0.052884615384615384 0.052884615384615384
0 0.8028846153846154 0.6598557692307693 0.052884615384615384 0.052884615384615384
0 0.8377403846153846 0.7319711538461539 0.052884615384615384 0.052884615384615384
0 0.8954326923076923 0.7536057692307693 0.052884615384615384 0.052884615384615384
0 0.9423076923076923 0.8016826923076923 0.052884615384615384 0.052884615384615384
0 0.5697115384615384 0.5396634615384616 0.052884615384615384 0.052884615384615384
0 0.28125 0.8617788461538461 0.052884615384615384 0.052884615384615384
0 0.3425480769230769 0.9747596153846154 0.052884615384615384 0.05048076923076923
0 0.5072115384615384 0.9651442307692307 0.052884615384615384 0.052884615384615384
0 0.23677884615384615 0.5949519230769231 0.052884615384615384 0.052884615384615384