0 0.8954326923076923 0.44591346153846156 0.04927884615384615 0.04927884615384615
0 0.8677884615384616 0.45552884615384615 0.04927884615384615 0.04927884615384615
0 0.8737980769230769 0.3870192307692308 0.04927884615384615 0.04927884615384615
0 0.8233173076923077 0.36538461538461536 0.04927884615384615 0.04927884615384615
0 0.7908653846153846 0.3485576923076923 0.04927884615384615 0.04927884615384615
0 0.7572115384615384 0.3401442307692308 0.04927884615384615 0.04927884615384615
0 0.7632211538461539 0.3701923076923077 0.04927884615384615 0.04927884615384615
0 0.7115384615384616 0.43509615384615385 0.04927884615384615 0.04927884615384615
0 0.7043269230769231 0.39903846153846156 0.04927884615384615 0.04927884615384615
0 0.6730769230769231 0.34975961538461536 0.04927884615384615 0.04927884615384615
0 0.6322115384615384 0.3329326923076923 0.04927884615384615 0.04927884615384615
0 0.6225961538461539 0.2692307692307692 0.04927884615384615 0.04927884615384615
0 0.5985576923076923 0.3942307692307692 0.04927884615384615 0.04927884615384615
0 0.5516826923076923 0.390625 0.04927884615384615 0.04927884615384615
0 0.5240384615384616 0.40024038461538464 0.04927884615384615 0.04927884615384615
0 0.4483173076923077 0.31490384615384615 0.04927884615384615 0.04927884615384615
0 0.46274038461538464 0.3918269230769231 0.04927884615384615 0.04927884615384615
0 0.3629807692307692 0.38822115384615385 0.04927884615384615 0.04927884615384615
0 0.3641826923076923 0.33533653846153844 0.04927884615384615 0.04927884615384615
0 0.3605769230769231 0.2980769230769231 0.04927884615384615 0.04927884615384615
0 0.546875 0.21995192307692307 0.04927884615384615 0.04927884615384615
0 0.7944711538461539 0.4567307692307692 0.04927884615384615 0.04927884615384615
0 0.7355769230769231 0.5240384615384616 0.04927884615384615 0.04927884615384615
0 0.7067307692307693 0.5456730769230769 0.04927884615384615 0.04927884615384615
0 0.6646634615384616 0.5829326923076923 0.04927884615384615 0.04927884615384615
0 0.6334134615384616 0.49278846153846156 0.04927884615384615 0.04927884615384615
0 0.6117788461538461 0.5697115384615384 0.04927884615384615 0.04927884615384615
0 0.5733173076923077 0.5637019230769231 0.04927884615384615 0.04927884615384615
0 0.5096153846153846 0.5 0.04927884615384615 0.04927884615384615
0 0.5721153846153846 0.45072115384615385 0.04927884615384615 0.04927884615384615
0 0.5288461538461539 0.4423076923076923 0.04927884615384615 0.04927884615384615
0 0.49158653846153844 0.43509615384615385 0.04927884615384615 0.04927884615384615
0 0.4387019230769231 0.4362980769230769 0.04927884615384615 0.04927884615384615
0 0.39663461538461536 0.5685096153846154 0.04927884615384615 0.04927884615384615
0 0.35697115384615385 0.5348557692307693 0.04927884615384615 0.04927884615384615
0 0.3449519230769231 0.6021634615384616 0.04927884615384615 0.04927884615384615
0 0.32091346153846156 0.59375 0.04927884615384615 0.04927884615384615
0 0.27163461538461536 0.6586538461538461 0.04927884615384615 0.04927884615384615
0 0.3088942307692308 0.7175480769230769 0.04927884615384615 0.04927884615384615
0 0.23798076923076922 0.7824519230769231 0.04927884615384615 0.04927884615384615
0 0.203125 0.7992788461538461 0.04927884615384615 0.04927884615384615
0 0.13701923076923078 0.7319711538461539 0.04927884615384615 0.04927884615384615
0 0.1778846153846154 0.7704326923076923 0.04927884615384615 0.04927884615384615
0 0.6117788461538461 0.5252403846153846 0.04927884615384615 0.04927884615384615