0 0.6875 0.9747596153846154 0.038461538461538464 0.038461538461538464
0 0.6586538461538461 0.9663461538461539 0.038461538461538464 0.038461538461538464
0 0.6766826923076923 0.9362980769230769 0.038461538461538464 0.038461538461538464
0 0.6947115384615384 0.9170673076923077 0.038461538461538464 0.038461538461538464
0 0.6899038461538461 0.8605769230769231 0.038461538461538464 0.038461538461538464
0 0.6225961538461539 0.84375 0.038461538461538464 0.038461538461538464
0 0.6538461538461539 0.78125 0.038461538461538464 0.038461538461538464
0 0.6141826923076923 0.7632211538461539 0.038461538461538464 0.038461538461538464
0 0.6322115384615384 0.7199519230769231 0.038461538461538464 0.038461538461538464
0 0.6586538461538461 0.6706730769230769 0.038461538461538464 0.038461538461538464
0 0.5637019230769231 0.5949519230769231 0.038461538461538464 0.038461538461538464
0 0.5384615384615384 0.5901442307692307 0.038461538461538464 0.038461538461538464
0 0.5168269230769231 0.546875 0.038461538461538464 0.038461538461538464
0 0.5733173076923077 0.5384615384615384 0.038461538461538464 0.038461538461538464
0 0.5817307692307693 0.5612980769230769 0.038461538461538464 0.038461538461538464
0 0.4723557692307692 0.39903846153846156 0.038461538461538464 0.038461538461538464
0 0.40865384615384615 0.29447115384615385 0.038461538461538464 0.038461538461538464
0 0.3389423076923077 0.18509615384615385 0.038461538461538464 0.038461538461538464
0 0.24278846153846154 0.14302884615384615 0.038461538461538464 0.038461538461538464
0 0.22355769230769232 0.057692307692307696 0.038461538461538464 0.038461538461538464
0 0.26322115384615385 0.016826923076923076 0.038461538461538464 0.03365384615384615
0 0.28725961538461536 0.15625 0.038461538461538464 0.038461538461538464
0 0.4735576923076923 0.5168269230769231 0.038461538461538464 0.038461538461538464