0 0.9038461538461539 0.03365384615384615 0.0733173076923077 0.06610576923076923
0 0.9086538461538461 0.1045673076923077 0.0733173076923077 0.0733173076923077
0 0.8701923076923077 0.0829326923076923 0.0733173076923077 0.0733173076923077
0 0.8028846153846154 0.1045673076923077 0.0733173076923077 0.0733173076923077
0 0.7644230769230769 0.16466346153846154 0.0733173076923077 0.0733173076923077
0 0.9002403846153846 0.14543269230769232 0.0733173076923077 0.0733173076923077
0 0.6899038461538461 0.171875 0.0733173076923077 0.0733173076923077
0 0.6670673076923077 0.26802884615384615 0.0733173076923077 0.0733173076923077
0 0.6213942307692307 0.25 0.0733173076923077 0.0733173076923077
0 0.4411057692307692 0.19471153846153846 0.0733173076923077 0.0733173076923077
0 0.38822115384615385 0.21033653846153846 0.0733173076923077 0.0733173076923077
0 0.39302884615384615 0.14783653846153846 0.0733173076923077 0.0733173076923077
0 0.28846153846153844 0.25721153846153844 0.0733173076923077 0.0733173076923077
0 0.296875 0.1466346153846154 0.0733173076923077 0.0733173076923077
0 0.21875 0.2980769230769231 0.0733173076923077 0.0733173076923077
0 0.2764423076923077 0.21153846153846154 0.0733173076923077 0.0733173076923077
0 0.25 0.1971153846153846 0.0733173076923077 0.0733173076923077
0 0.47836538461538464 0.12980769230769232 0.0733173076923077 0.0733173076923077
0 0.12860576923076922 0.21514423076923078 0.0733173076923077 0.0733173076923077
0 0.12139423076923077 0.15985576923076922 0.0733173076923077 0.0733173076923077
0 0.09134615384615384 0.09134615384615384 0.0733173076923077 0.0733173076923077
0 0.06850961538461539 0.13341346153846154 0.0733173076923077 0.0733173076923077
0 0.03365384615384615 0.11298076923076923 0.06610576923076923 0.0733173076923077
0 0.055288461538461536 0.18870192307692307 0.0733173076923077 0.0733173076923077
0 0.6201923076923077 0.3701923076923077 0.0733173076923077 0.0733173076923077
0 0.3894230769230769 0.5480769230769231 0.0733173076923077 0.0733173076923077
0 0.43990384615384615 0.5096153846153846 0.0733173076923077 0.0733173076923077
0 0.2980769230769231 0.6862980769230769 0.0733173076923077 0.0733173076923077
0 0.27884615384615385 0.7235576923076923 0.0733173076923077 0.0733173076923077
0 0.2764423076923077 0.7536057692307693 0.0733173076923077 0.0733173076923077
0 0.3112980769230769 0.7199519230769231 0.0733173076923077 0.0733173076923077
0 0.3401442307692308 0.7596153846153846 0.0733173076923077 0.0733173076923077
0 0.8028846153846154 0.2403846153846154 0.0733173076923077 0.0733173076923077
0 0.8822115384615384 0.22355769230769232 0.0733173076923077 0.0733173076923077
0 0.8449519230769231 0.2668269230769231 0.0733173076923077 0.0733173076923077
0 0.8149038461538461 0.3870192307692308 0.0733173076923077 0.0733173076923077
0 0.7680288461538461 0.421875 0.0733173076923077 0.0733173076923077
0 0.8233173076923077 0.4338942307692308 0.0733173076923077 0.0733173076923077
0 0.7355769230769231 0.48677884615384615 0.0733173076923077 0.0733173076923077
0 0.7211538461538461 0.546875 0.0733173076923077 0.0733173076923077
0 0.8028846153846154 0.5120192307692307 0.0733173076923077 0.0733173076923077
0 0.7668269230769231 0.6550480769230769 0.0733173076923077 0.0733173076923077
0 0.7211538461538461 0.6935096153846154 0.0733173076923077 0.0733173076923077
0 0.45552884615384615 0.9627403846153846 0.0733173076923077 0.0733173076923077
0 0.4651442307692308 0.9098557692307693 0.0733173076923077 0.0733173076923077
0 0.5733173076923077 0.6995192307692307 0.0733173076923077 0.0733173076923077
0 0.5300480769230769 0.7451923076923077 0.0733173076923077 0.0733173076923077
0 0.5084134615384616 0.9122596153846154 0.0733173076923077 0.0733173076923077