0 0.1502403846153846 0.6225961538461539 0.08653846153846154 0.08653846153846154
0 0.17427884615384615 0.7007211538461539 0.08653846153846154 0.08653846153846154
0 0.2247596153846154 0.6622596153846154 0.08653846153846154 0.08653846153846154
0 0.3245192307692308 0.6189903846153846 0.08653846153846154 0.08653846153846154
0 0.1935096153846154 0.5961538461538461 0.08653846153846154 0.08653846153846154
0 0.32572115384615385 0.5216346153846154 0.08653846153846154 0.08653846153846154
0 0.36538461538461536 0.47836538461538464 0.08653846153846154 0.08653846153846154
0 0.34615384615384615 0.5060096153846154 0.08653846153846154 0.08653846153846154
0 0.49759615384615385 0.49759615384615385 0.08653846153846154 0.08653846153846154
0 0.49399038461538464 0.45552884615384615 0.08653846153846154 0.08653846153846154
0 0.5757211538461539 0.42788461538461536 0.08653846153846154 0.08653846153846154
0 0.5192307692307693 0.421875 0.08653846153846154 0.08653846153846154
0 0.59375 0.3870192307692308 0.08653846153846154 0.08653846153846154
0 0.6899038461538461 0.39663461538461536 0.08653846153846154 0.08653846153846154
0 0.84375 0.21634615384615385 0.08653846153846154 0.08653846153846154
0 0.17427884615384615 0.7872596153846154 0.08653846153846154 0.08653846153846154
0 0.2127403846153846 0.7716346153846154 0.08653846153846154 0.08653846153846154
0 0.26802884615384615 0.8966346153846154 0.08653846153846154 0.08653846153846154
0 0.29927884615384615 0.8461538461538461 0.08653846153846154 0.08653846153846154
0 0.30288461538461536 0.8822115384615384 0.08653846153846154 0.08653846153846154
0 0.35096153846153844 0.9122596153846154 0.08653846153846154 0.08653846153846154
0 0.43149038461538464 0.9471153846153846 0.08653846153846154 0.08653846153846154
0 0.4651442307692308 0.890625 0.08653846153846154 0.08653846153846154
0 0.5757211538461539 0.875 0.08653846153846154 0.08653846153846154
0 0.5024038461538461 0.9026442307692307 0.08653846153846154 0.08653846153846154
0 0.5240384615384616 0.8161057692307693 0.08653846153846154 0.08653846153846154