0 0.44471153846153844 0.1141826923076923 0.052884615384615384 0.052884615384615384
0 0.5048076923076923 0.23798076923076922 0.052884615384615384 0.052884615384615384
0 0.4254807692307692 0.21153846153846154 0.052884615384615384 0.052884615384615384
0 0.27283653846153844 0.17427884615384615 0.052884615384615384 0.052884615384615384
0 0.2247596153846154 0.15745192307692307 0.052884615384615384 0.052884615384615384
0 0.140625 0.09134615384615384 0.052884615384615384 0.052884615384615384
0 0.038461538461538464 0.13822115384615385 0.052884615384615384 0.052884615384615384
0 0.078125 0.20673076923076922 0.052884615384615384 0.052884615384615384
0 0.02403846153846154 0.24759615384615385 0.04807692307692308 0.052884615384615384
0 0.2824519230769231 0.32211538461538464 0.052884615384615384 0.052884615384615384
0 0.26322115384615385 0.3942307692307692 0.052884615384615384 0.052884615384615384
0 0.17908653846153846 0.453125 0.052884615384615384 0.052884615384615384
0 0.11899038461538461 0.4567307692307692 0.052884615384615384 0.052884615384615384
0 0.15264423076923078 0.5444711538461539 0.052884615384615384 0.052884615384615384
0 0.08774038461538461 0.5492788461538461 0.052884615384615384 0.052884615384615384
0 0.5384615384615384 0.34134615384615385 0.052884615384615384 0.052884615384615384
0 0.5901442307692307 0.8653846153846154 0.052884615384615384 0.052884615384615384
0 0.5276442307692307 0.6875 0.052884615384615384 0.052884615384615384
0 0.5084134615384616 0.7379807692307693 0.052884615384615384 0.052884615384615384