0 0.8545673076923077 0.25841346153846156 0.052884615384615384 0.078125
0 0.8149038461538461 0.20072115384615385 0.052884615384615384 0.078125
0 0.6911057692307693 0.2800480769230769 0.052884615384615384 0.078125
0 0.7740384615384616 0.35697115384615385 0.052884615384615384 0.078125
0 0.6983173076923077 0.36899038461538464 0.052884615384615384 0.078125
0 0.7632211538461539 0.4519230769230769 0.052884615384615384 0.078125
0 0.7319711538461539 0.42908653846153844 0.052884615384615384 0.078125
0 0.7463942307692307 0.4879807692307692 0.052884615384615384 0.078125
0 0.7115384615384616 0.5120192307692307 0.052884615384615384 0.078125
0 0.6586538461538461 0.4110576923076923 0.052884615384615384 0.078125
0 0.6742788461538461 0.4699519230769231 0.052884615384615384 0.078125
0 0.6225961538461539 0.5264423076923077 0.052884615384615384 0.078125
0 0.5612980769230769 0.44471153846153844 0.052884615384615384 0.078125
0 0.49759615384615385 0.46634615384615385 0.052884615384615384 0.078125
0 0.5396634615384616 0.5841346153846154 0.052884615384615384 0.078125
0 0.4170673076923077 0.5420673076923077 0.052884615384615384 0.078125
0 0.3762019230769231 0.5384615384615384 0.052884615384615384 0.078125
0 0.30408653846153844 0.5961538461538461 0.052884615384615384 0.078125
0 0.36778846153846156 0.703125 0.052884615384615384 0.078125
0 0.31850961538461536 0.7139423076923077 0.052884615384615384 0.078125
0 0.25721153846153844 0.7740384615384616 0.052884615384615384 0.078125
0 0.19591346153846154 0.8365384615384616 0.052884615384615384 0.078125
0 0.18509615384615385 0.7247596153846154 0.052884615384615384 0.078125
0 0.15745192307692307 0.8305288461538461 0.052884615384615384 0.078125
0 0.12259615384615384 0.8677884615384616 0.052884615384615384 0.078125
0 0.07451923076923077 0.8918269230769231 0.052884615384615384 0.078125