0 0.9110576923076923 0.453125 0.052884615384615384 0.052884615384615384
0 0.8737980769230769 0.44471153846153844 0.052884615384615384 0.052884615384615384
0 0.9086538461538461 0.484375 0.052884615384615384 0.052884615384615384
0 0.7860576923076923 0.46875 0.052884615384615384 0.052884615384615384
0 0.7836538461538461 0.546875 0.052884615384615384 0.052884615384615384
0 0.7704326923076923 0.6057692307692307 0.052884615384615384 0.052884615384615384
0 0.6959134615384616 0.5048076923076923 0.052884615384615384 0.052884615384615384
0 0.7091346153846154 0.5588942307692307 0.052884615384615384 0.052884615384615384
0 0.671875 0.5709134615384616 0.052884615384615384 0.052884615384615384
0 0.6466346153846154 0.5637019230769231 0.052884615384615384 0.052884615384615384
0 0.5961538461538461 0.5276442307692307 0.052884615384615384 0.052884615384615384
0 0.5276442307692307 0.46634615384615385 0.052884615384615384 0.052884615384615384
0 0.5024038461538461 0.5805288461538461 0.052884615384615384 0.052884615384615384
0 0.45072115384615385 0.5180288461538461 0.052884615384615384 0.052884615384615384
0 0.37259615384615385 0.5817307692307693 0.052884615384615384 0.052884615384615384
0 0.3401442307692308 0.5612980769230769 0.052884615384615384 0.052884615384615384
0 0.15865384615384615 0.5180288461538461 0.052884615384615384 0.052884615384615384
0 0.1778846153846154 0.5901442307692307 0.052884615384615384 0.052884615384615384
0 0.08653846153846154 0.6105769230769231 0.052884615384615384 0.052884615384615384
0 0.4723557692307692 0.5 0.052884615384615384 0.052884615384615384