0 0.30528846153846156 0.04326923076923077 0.052884615384615384 0.052884615384615384
0 0.4098557692307692 0.026442307692307692 0.052884615384615384 0.052884615384615384
0 0.36778846153846156 0.04447115384615385 0.052884615384615384 0.052884615384615384
0 0.33413461538461536 0.20192307692307693 0.052884615384615384 0.052884615384615384
0 0.44471153846153844 0.25841346153846156 0.052884615384615384 0.052884615384615384
0 0.4579326923076923 0.29447115384615385 0.052884615384615384 0.052884615384615384
0 0.5024038461538461 0.2776442307692308 0.052884615384615384 0.052884615384615384
0 0.4326923076923077 0.3173076923076923 0.052884615384615384 0.052884615384615384
0 0.4987980769230769 0.3401442307692308 0.052884615384615384 0.052884615384615384
0 0.47596153846153844 0.3605769230769231 0.052884615384615384 0.052884615384615384
0 0.4963942307692308 0.4338942307692308 0.052884615384615384 0.052884615384615384
0 0.42788461538461536 0.421875 0.052884615384615384 0.052884615384615384
0 0.47596153846153844 0.49158653846153844 0.052884615384615384 0.052884615384615384
0 0.42427884615384615 0.5348557692307693 0.052884615384615384 0.052884615384615384
0 0.4735576923076923 0.5709134615384616 0.052884615384615384 0.052884615384615384
0 0.41346153846153844 0.6322115384615384 0.052884615384615384 0.052884615384615384
0 0.4495192307692308 0.6105769230769231 0.052884615384615384 0.052884615384615384
0 0.4639423076923077 0.6538461538461539 0.052884615384615384 0.052884615384615384
0 0.48197115384615385 0.7163461538461539 0.052884615384615384 0.052884615384615384
0 0.43509615384615385 0.6646634615384616 0.052884615384615384 0.052884615384615384
0 0.5552884615384616 0.7728365384615384 0.052884615384615384 0.052884615384615384
0 0.6935096153846154 0.9615384615384616 0.052884615384615384 0.052884615384615384