0 0.36778846153846156 0.46875 0.04326923076923077 0.04326923076923077
0 0.41225961538461536 0.4699519230769231 0.04326923076923077 0.04326923076923077
0 0.44591346153846156 0.49158653846153844 0.04326923076923077 0.04326923076923077
0 0.47596153846153844 0.4338942307692308 0.04326923076923077 0.04326923076923077
0 0.5060096153846154 0.44591346153846156 0.04326923076923077 0.04326923076923077
0 0.5252403846153846 0.5480769230769231 0.04326923076923077 0.04326923076923077
0 0.5757211538461539 0.5024038461538461 0.04326923076923077 0.04326923076923077
0 0.6021634615384616 0.5420673076923077 0.04326923076923077 0.04326923076923077
0 0.6009615384615384 0.6310096153846154 0.04326923076923077 0.04326923076923077
0 0.6550480769230769 0.59375 0.04326923076923077 0.04326923076923077
0 0.7079326923076923 0.6069711538461539 0.04326923076923077 0.04326923076923077
0 0.10817307692307693 0.6526442307692307 0.04326923076923077 0.04326923076923077
0 0.09495192307692307 0.5961538461538461 0.04326923076923077 0.04326923076923077
0 0.16947115384615385 0.6298076923076923 0.04326923076923077 0.04326923076923077
0 0.17668269230769232 0.5901442307692307 0.04326923076923077 0.04326923076923077
0 0.13221153846153846 0.5360576923076923 0.04326923076923077 0.04326923076923077
0 0.16346153846153846 0.5252403846153846 0.04326923076923077 0.04326923076923077
0 0.1875 0.5348557692307693 0.04326923076923077 0.04326923076923077
0 0.22596153846153846 0.5132211538461539 0.04326923076923077 0.04326923076923077
0 0.23197115384615385 0.4735576923076923 0.04326923076923077 0.04326923076923077
0 0.31850961538461536 0.3629807692307692 0.04326923076923077 0.04326923076923077
0 0.3293269230769231 0.41586538461538464 0.04326923076923077 0.04326923076923077
0 0.40865384615384615 0.34375 0.04326923076923077 0.04326923076923077
0 0.45552884615384615 0.38822115384615385 0.04326923076923077 0.04326923076923077
0 0.5132211538461539 0.37740384615384615 0.04326923076923077 0.04326923076923077
0 0.5084134615384616 0.4110576923076923 0.04326923076923077 0.04326923076923077
0 0.5540865384615384 0.42427884615384615 0.04326923076923077 0.04326923076923077
0 0.5348557692307693 0.34134615384615385 0.04326923076923077 0.04326923076923077
0 0.5649038461538461 0.3581730769230769 0.04326923076923077 0.04326923076923077
0 0.6009615384615384 0.38341346153846156 0.04326923076923077 0.04326923076923077
0 0.6213942307692307 0.4579326923076923 0.04326923076923077 0.04326923076923077
0 0.65625 0.37259615384615385 0.04326923076923077 0.04326923076923077
0 0.6418269230769231 0.4098557692307692 0.04326923076923077 0.04326923076923077
0 0.6610576923076923 0.4387019230769231 0.04326923076923077 0.04326923076923077
0 0.6911057692307693 0.43509615384615385 0.04326923076923077 0.04326923076923077
0 0.7223557692307693 0.4266826923076923 0.04326923076923077 0.04326923076923077
0 0.7067307692307693 0.4050480769230769 0.04326923076923077 0.04326923076923077
0 0.6983173076923077 0.36778846153846156 0.04326923076923077 0.04326923076923077
0 0.7355769230769231 0.37259615384615385 0.04326923076923077 0.04326923076923077
0 0.7644230769230769 0.35697115384615385 0.04326923076923077 0.04326923076923077
0 0.7788461538461539 0.3858173076923077 0.04326923076923077 0.04326923076923077
0 0.8401442307692307 0.40384615384615385 0.04326923076923077 0.04326923076923077
0 0.9194711538461539 0.33052884615384615 0.04326923076923077 0.04326923076923077
0 0.14903846153846154 0.6069711538461539 0.04326923076923077 0.04326923076923077