0 0.47596153846153844 0.7524038461538461 0.052884615384615384 0.052884615384615384
0 0.49278846153846156 0.6935096153846154 0.052884615384615384 0.052884615384615384
0 0.5721153846153846 0.6850961538461539 0.052884615384615384 0.052884615384615384
0 0.5913461538461539 0.6538461538461539 0.052884615384615384 0.052884615384615384
0 0.6286057692307693 0.6622596153846154 0.052884615384615384 0.052884615384615384
0 0.6454326923076923 0.5637019230769231 0.052884615384615384 0.052884615384615384
0 0.5997596153846154 0.5408653846153846 0.052884615384615384 0.052884615384615384
0 0.671875 0.5096153846153846 0.052884615384615384 0.052884615384615384
0 0.7163461538461539 0.48197115384615385 0.052884615384615384 0.052884615384615384
0 0.6394230769230769 0.4807692307692308 0.052884615384615384 0.052884615384615384
0 0.7692307692307693 0.3894230769230769 0.052884615384615384 0.052884615384615384
0 0.6466346153846154 0.26322115384615385 0.052884615384615384 0.052884615384615384
0 0.7079326923076923 0.11899038461538461 0.052884615384615384 0.052884615384615384