0 0.9771634615384616 0.4891826923076923 0.04447115384615385 0.04927884615384615
0 0.7379807692307693 0.26322115384615385 0.04927884615384615 0.04927884615384615
0 0.6971153846153846 0.27163461538461536 0.04927884615384615 0.04927884615384615
0 0.6850961538461539 0.2932692307692308 0.04927884615384615 0.04927884615384615
0 0.6766826923076923 0.24759615384615385 0.04927884615384615 0.04927884615384615
0 0.5949519230769231 0.22956730769230768 0.04927884615384615 0.04927884615384615
0 0.6081730769230769 0.2091346153846154 0.04927884615384615 0.04927884615384615
0 0.6225961538461539 0.17427884615384615 0.04927884615384615 0.04927884615384615
0 0.5396634615384616 0.19471153846153846 0.04927884615384615 0.04927884615384615
0 0.5228365384615384 0.11177884615384616 0.04927884615384615 0.04927884615384615
0 0.8774038461538461 0.8978365384615384 0.04927884615384615 0.04927884615384615
0 0.8317307692307693 0.8533653846153846 0.04927884615384615 0.04927884615384615
0 0.8461538461538461 0.7740384615384616 0.04927884615384615 0.04927884615384615
0 0.6117788461538461 0.6887019230769231 0.04927884615384615 0.04927884615384615
0 0.6105769230769231 0.6033653846153846 0.04927884615384615 0.04927884615384615
0 0.5757211538461539 0.5685096153846154 0.04927884615384615 0.04927884615384615
0 0.48197115384615385 0.5072115384615384 0.04927884615384615 0.04927884615384615
0 0.43028846153846156 0.6310096153846154 0.04927884615384615 0.04927884615384615
0 0.43990384615384615 0.546875 0.04927884615384615 0.04927884615384615
0 0.41466346153846156 0.5324519230769231 0.04927884615384615 0.04927884615384615
0 0.35216346153846156 0.47475961538461536 0.04927884615384615 0.04927884615384615
0 0.3088942307692308 0.41466346153846156 0.04927884615384615 0.04927884615384615
0 0.3245192307692308 0.3605769230769231 0.04927884615384615 0.04927884615384615
0 0.23677884615384615 0.23076923076923078 0.04927884615384615 0.04927884615384615
0 0.2704326923076923 0.37740384615384615 0.04927884615384615 0.04927884615384615