0 0.6706730769230769 0.9627403846153846 0.04927884615384615 0.04927884615384615
0 0.6069711538461539 0.8798076923076923 0.04927884615384615 0.04927884615384615
0 0.6129807692307693 0.7740384615384616 0.04927884615384615 0.04927884615384615
0 0.5637019230769231 0.8028846153846154 0.04927884615384615 0.04927884615384615
0 0.6923076923076923 0.875 0.04927884615384615 0.04927884615384615
0 0.6742788461538461 0.8401442307692307 0.04927884615384615 0.04927884615384615
0 0.5132211538461539 0.6694711538461539 0.04927884615384615 0.04927884615384615
0 0.4879807692307692 0.6418269230769231 0.04927884615384615 0.04927884615384615
0 0.47115384615384615 0.6189903846153846 0.04927884615384615 0.04927884615384615
0 0.42908653846153844 0.6526442307692307 0.04927884615384615 0.04927884615384615
0 0.3870192307692308 0.6298076923076923 0.04927884615384615 0.04927884615384615
0 0.38822115384615385 0.5973557692307693 0.04927884615384615 0.04927884615384615
0 0.43990384615384615 0.5600961538461539 0.04927884615384615 0.04927884615384615
0 0.36177884615384615 0.5348557692307693 0.04927884615384615 0.04927884615384615
0 0.39903846153846156 0.40384615384615385 0.04927884615384615 0.04927884615384615
0 0.37740384615384615 0.3485576923076923 0.04927884615384615 0.04927884615384615
0 0.41346153846153844 0.3473557692307692 0.04927884615384615 0.04927884615384615
0 0.39663461538461536 0.37259615384615385 0.04927884615384615 0.04927884615384615
0 0.3942307692307692 0.3173076923076923 0.04927884615384615 0.04927884615384615
0 0.27524038461538464 0.25240384615384615 0.04927884615384615 0.04927884615384615
0 0.34134615384615385 0.2283653846153846 0.04927884615384615 0.04927884615384615
0 0.34615384615384615 0.15865384615384615 0.04927884615384615 0.04927884615384615
0 0.27524038461538464 0.15384615384615385 0.04927884615384615 0.04927884615384615
0 0.33052884615384615 0.1875 0.04927884615384615 0.04927884615384615
0 0.2848557692307692 0.06971153846153846 0.04927884615384615 0.04927884615384615
0 0.27403846153846156 0.02403846153846154 0.04927884615384615 0.046875
0 0.31009615384615385 0.234375 0.04927884615384615 0.04927884615384615