0 0.7752403846153846 0.21514423076923078 0.052884615384615384 0.052884615384615384
0 0.8197115384615384 0.26802884615384615 0.052884615384615384 0.052884615384615384
0 0.8112980769230769 0.3016826923076923 0.052884615384615384 0.052884615384615384
0 0.6887019230769231 0.3125 0.052884615384615384 0.052884615384615384
0 0.7716346153846154 0.3173076923076923 0.052884615384615384 0.052884615384615384
0 0.7487980769230769 0.34615384615384615 0.052884615384615384 0.052884615384615384
0 0.7463942307692307 0.4206730769230769 0.052884615384615384 0.052884615384615384
0 0.7067307692307693 0.41346153846153844 0.052884615384615384 0.052884615384615384
0 0.6742788461538461 0.35697115384615385 0.052884615384615384 0.052884615384615384
0 0.5973557692307693 0.41466346153846156 0.052884615384615384 0.052884615384615384
0 0.7151442307692307 0.36177884615384615 0.052884615384615384 0.052884615384615384
0 0.6177884615384616 0.43509615384615385 0.052884615384615384 0.052884615384615384
0 0.5600961538461539 0.47115384615384615 0.052884615384615384 0.052884615384615384
0 0.5240384615384616 0.5060096153846154 0.052884615384615384 0.052884615384615384
0 0.6826923076923077 0.48197115384615385 0.052884615384615384 0.052884615384615384
0 0.5661057692307693 0.5336538461538461 0.052884615384615384 0.052884615384615384
0 0.546875 0.5637019230769231 0.052884615384615384 0.052884615384615384
0 0.5336538461538461 0.5877403846153846 0.052884615384615384 0.052884615384615384
0 0.4699519230769231 0.5625 0.052884615384615384 0.052884615384615384
0 0.6694711538461539 0.41586538461538464 0.052884615384615384 0.052884615384615384
0 0.39302884615384615 0.6286057692307693 0.052884615384615384 0.052884615384615384
0 0.3641826923076923 0.6418269230769231 0.052884615384615384 0.052884615384615384
0 0.3401442307692308 0.6538461538461539 0.052884615384615384 0.052884615384615384
0 0.28125 0.6538461538461539 0.052884615384615384 0.052884615384615384
0 0.24759615384615385 0.65625 0.052884615384615384 0.052884615384615384
0 0.26322115384615385 0.7271634615384616 0.052884615384615384 0.052884615384615384
0 0.19591346153846154 0.7524038461538461 0.052884615384615384 0.052884615384615384
0 0.16346153846153846 0.7896634615384616 0.052884615384615384 0.052884615384615384
0 0.13341346153846154 0.9002403846153846 0.052884615384615384 0.052884615384615384
0 0.09495192307692307 0.8677884615384616 0.052884615384615384 0.052884615384615384