0 0.7704326923076923 0.5600961538461539 0.052884615384615384 0.052884615384615384
0 0.7367788461538461 0.5348557692307693 0.052884615384615384 0.052884615384615384
0 0.6634615384615384 0.5384615384615384 0.052884615384615384 0.052884615384615384
0 0.6153846153846154 0.5348557692307693 0.052884615384615384 0.052884615384615384
0 0.5745192307692307 0.49038461538461536 0.052884615384615384 0.052884615384615384
0 0.5805288461538461 0.4338942307692308 0.052884615384615384 0.052884615384615384
0 0.7355769230769231 0.46875 0.052884615384615384 0.052884615384615384
0 0.6802884615384616 0.48197115384615385 0.052884615384615384 0.052884615384615384
0 0.6802884615384616 0.4254807692307692 0.052884615384615384 0.052884615384615384
0 0.6370192307692307 0.41466346153846156 0.052884615384615384 0.052884615384615384
0 0.6574519230769231 0.36778846153846156 0.052884615384615384 0.052884615384615384
0 0.5817307692307693 0.33052884615384615 0.052884615384615384 0.052884615384615384
0 0.5600961538461539 0.27283653846153844 0.052884615384615384 0.052884615384615384
0 0.5492788461538461 0.20432692307692307 0.052884615384615384 0.052884615384615384
0 0.5973557692307693 0.18509615384615385 0.052884615384615384 0.052884615384615384
0 0.6610576923076923 0.2247596153846154 0.052884615384615384 0.052884615384615384
0 0.6646634615384616 0.29086538461538464 0.052884615384615384 0.052884615384615384
0 0.8641826923076923 0.7992788461538461 0.052884615384615384 0.052884615384615384
0 0.8329326923076923 0.7512019230769231 0.052884615384615384 0.052884615384615384
0 0.8185096153846154 0.7884615384615384 0.052884615384615384 0.052884615384615384
0 0.7572115384615384 0.8028846153846154 0.052884615384615384 0.052884615384615384
0 0.6875 0.8040865384615384 0.052884615384615384 0.052884615384615384
0 0.6778846153846154 0.7475961538461539 0.052884615384615384 0.052884615384615384
0 0.6274038461538461 0.8365384615384616 0.052884615384615384 0.052884615384615384
0 0.5913461538461539 0.7788461538461539 0.052884615384615384 0.052884615384615384
0 0.5673076923076923 0.8341346153846154 0.052884615384615384 0.052884615384615384
0 0.5396634615384616 0.7668269230769231 0.052884615384615384 0.052884615384615384
0 0.5204326923076923 0.8425480769230769 0.052884615384615384 0.052884615384615384
0 0.48197115384615385 0.84375 0.052884615384615384 0.052884615384615384
0 0.45072115384615385 0.8497596153846154 0.052884615384615384 0.052884615384615384
0 0.41947115384615385 0.8545673076923077 0.052884615384615384 0.052884615384615384
0 0.42427884615384615 0.75 0.052884615384615384 0.052884615384615384
0 0.3737980769230769 0.7668269230769231 0.052884615384615384 0.052884615384615384
0 0.3557692307692308 0.8617788461538461 0.052884615384615384 0.052884615384615384
0 0.32211538461538464 0.8786057692307693 0.052884615384615384 0.052884615384615384
0 0.3016826923076923 0.7980769230769231 0.052884615384615384 0.052884615384615384
0 0.2548076923076923 0.7644230769230769 0.052884615384615384 0.052884615384615384
0 0.2548076923076923 0.8137019230769231 0.052884615384615384 0.052884615384615384