0 0.9615384615384616 0.8882211538461539 0.052884615384615384 0.052884615384615384
0 0.8473557692307693 0.7944711538461539 0.052884615384615384 0.052884615384615384
0 0.71875 0.6911057692307693 0.052884615384615384 0.052884615384615384
0 0.6778846153846154 0.6610576923076923 0.052884615384615384 0.052884615384615384
0 0.65625 0.6237980769230769 0.052884615384615384 0.052884615384615384
0 0.5805288461538461 0.6454326923076923 0.052884615384615384 0.052884615384615384
0 0.5132211538461539 0.5564903846153846 0.052884615384615384 0.052884615384615384
0 0.5240384615384616 0.5096153846153846 0.052884615384615384 0.052884615384615384
0 0.47475961538461536 0.5973557692307693 0.052884615384615384 0.052884615384615384
0 0.4723557692307692 0.5697115384615384 0.052884615384615384 0.052884615384615384
0 0.46634615384615385 0.5336538461538461 0.052884615384615384 0.052884615384615384
0 0.4855769230769231 0.5132211538461539 0.052884615384615384 0.052884615384615384
0 0.43509615384615385 0.5024038461538461 0.052884615384615384 0.052884615384615384
0 0.3701923076923077 0.5024038461538461 0.052884615384615384 0.052884615384615384
0 0.3473557692307692 0.45552884615384615 0.052884615384615384 0.052884615384615384
0 0.38221153846153844 0.46634615384615385 0.052884615384615384 0.052884615384615384
0 0.30528846153846156 0.41225961538461536 0.052884615384615384 0.052884615384615384
0 0.296875 0.453125 0.052884615384615384 0.052884615384615384
0 0.24278846153846154 0.46153846153846156 0.052884615384615384 0.052884615384615384
0 0.27283653846153844 0.43509615384615385 0.052884615384615384 0.052884615384615384
0 0.20192307692307693 0.43509615384615385 0.052884615384615384 0.052884615384615384
0 0.21153846153846154 0.39302884615384615 0.052884615384615384 0.052884615384615384
0 0.17668269230769232 0.39663461538461536 0.052884615384615384 0.052884615384615384
0 0.12259615384615384 0.40024038461538464 0.052884615384615384 0.052884615384615384
0 0.08052884615384616 0.42788461538461536 0.052884615384615384 0.052884615384615384