0 0.9242788461538461 0.5516826923076923 0.052884615384615384 0.052884615384615384
0 0.8257211538461539 0.6009615384615384 0.052884615384615384 0.052884615384615384
0 0.7632211538461539 0.5384615384615384 0.052884615384615384 0.052884615384615384
0 0.6201923076923077 0.5012019230769231 0.052884615384615384 0.052884615384615384
0 0.578125 0.5060096153846154 0.052884615384615384 0.052884615384615384
0 0.6334134615384616 0.578125 0.052884615384615384 0.052884615384615384
0 0.4495192307692308 0.6069711538461539 0.052884615384615384 0.052884615384615384
0 0.46875 0.49278846153846156 0.052884615384615384 0.052884615384615384
0 0.4362980769230769 0.5132211538461539 0.052884615384615384 0.052884615384615384
0 0.39903846153846156 0.5805288461538461 0.052884615384615384 0.052884615384615384
0 0.35697115384615385 0.5793269230769231 0.052884615384615384 0.052884615384615384
0 0.31850961538461536 0.546875 0.052884615384615384 0.052884615384615384
0 0.30408653846153844 0.5793269230769231 0.052884615384615384 0.052884615384615384
0 0.1875 0.5817307692307693 0.052884615384615384 0.052884615384615384
0 0.12860576923076922 0.4951923076923077 0.052884615384615384 0.052884615384615384
0 0.09495192307692307 0.5120192307692307 0.052884615384615384 0.052884615384615384
0 0.07091346153846154 0.5913461538461539 0.052884615384615384 0.052884615384615384
0 0.03245192307692308 0.5865384615384616 0.052884615384615384 0.052884615384615384