0 0.8329326923076923 0.16466346153846154 0.04326923076923077 0.04326923076923077
0 0.765625 0.24759615384615385 0.04326923076923077 0.04326923076923077
0 0.6274038461538461 0.328125 0.04326923076923077 0.04326923076923077
0 0.6742788461538461 0.38221153846153844 0.04326923076923077 0.04326923076923077
0 0.671875 0.41346153846153844 0.04326923076923077 0.04326923076923077
0 0.6141826923076923 0.4891826923076923 0.04326923076923077 0.04326923076923077
0 0.6177884615384616 0.40384615384615385 0.04326923076923077 0.04326923076923077
0 0.6057692307692307 0.44471153846153844 0.04326923076923077 0.04326923076923077
0 0.6754807692307693 0.5288461538461539 0.04326923076923077 0.04326923076923077
0 0.6586538461538461 0.5576923076923077 0.04326923076923077 0.04326923076923077
0 0.6586538461538461 0.6610576923076923 0.04326923076923077 0.04326923076923077
0 0.5901442307692307 0.7163461538461539 0.04326923076923077 0.04326923076923077
0 0.6802884615384616 0.8810096153846154 0.04326923076923077 0.04326923076923077
0 0.49038461538461536 0.09615384615384616 0.04326923076923077 0.04326923076923077
0 0.48677884615384615 0.018028846153846152 0.04326923076923077 0.03485576923076923
0 0.43028846153846156 0.018028846153846152 0.04326923076923077 0.03485576923076923
0 0.31971153846153844 0.08052884615384616 0.04326923076923077 0.04326923076923077
0 0.38100961538461536 0.021634615384615384 0.04326923076923077 0.04326923076923077
0 0.2644230769230769 0.06490384615384616 0.04326923076923077 0.04326923076923077
0 0.20072115384615385 0.03365384615384615 0.04326923076923077 0.04326923076923077
0 0.6141826923076923 0.13581730769230768 0.04326923076923077 0.04326923076923077
0 0.5985576923076923 0.16826923076923078 0.04326923076923077 0.04326923076923077
0 0.5721153846153846 0.18028846153846154 0.04326923076923077 0.04326923076923077
0 0.5288461538461539 0.18028846153846154 0.04326923076923077 0.04326923076923077
0 0.44591346153846156 0.13822115384615385 0.04326923076923077 0.04326923076923077
0 0.49759615384615385 0.2127403846153846 0.04326923076923077 0.04326923076923077
0 0.3701923076923077 0.23918269230769232 0.04326923076923077 0.04326923076923077
0 0.44471153846153844 0.2620192307692308 0.04326923076923077 0.04326923076923077