0 0.9302884615384616 0.19230769230769232 0.052884615384615384 0.052884615384615384
0 0.6105769230769231 0.27884615384615385 0.052884615384615384 0.052884615384615384
0 0.6021634615384616 0.34615384615384615 0.052884615384615384 0.052884615384615384
0 0.5552884615384616 0.3449519230769231 0.052884615384615384 0.052884615384615384
0 0.48197115384615385 0.40384615384615385 0.052884615384615384 0.052884615384615384
0 0.43509615384615385 0.36899038461538464 0.052884615384615384 0.052884615384615384
0 0.49759615384615385 0.27403846153846156 0.052884615384615384 0.052884615384615384
0 0.47115384615384615 0.3293269230769231 0.052884615384615384 0.052884615384615384
0 0.4423076923076923 0.26802884615384615 0.052884615384615384 0.052884615384615384
0 0.390625 0.2980769230769231 0.052884615384615384 0.052884615384615384
0 0.41947115384615385 0.3449519230769231 0.052884615384615384 0.052884615384615384
0 0.3329326923076923 0.35096153846153844 0.052884615384615384 0.052884615384615384
0 0.2980769230769231 0.31850961538461536 0.052884615384615384 0.052884615384615384
0 0.5625 0.3870192307692308 0.052884615384615384 0.052884615384615384
0 0.5216346153846154 0.42427884615384615 0.052884615384615384 0.052884615384615384
0 0.5757211538461539 0.4579326923076923 0.052884615384615384 0.052884615384615384
0 0.5432692307692307 0.48197115384615385 0.052884615384615384 0.052884615384615384
0 0.5216346153846154 0.5072115384615384 0.052884615384615384 0.052884615384615384
0 0.5132211538461539 0.46634615384615385 0.052884615384615384 0.052884615384615384
0 0.5060096153846154 0.5576923076923077 0.052884615384615384 0.052884615384615384
0 0.49038461538461536 0.5036057692307693 0.052884615384615384 0.052884615384615384
0 0.4495192307692308 0.4891826923076923 0.052884615384615384 0.052884615384615384
0 0.40384615384615385 0.49759615384615385 0.052884615384615384 0.052884615384615384
0 0.46153846153846156 0.5697115384615384 0.052884615384615384 0.052884615384615384
0 0.47115384615384615 0.6225961538461539 0.052884615384615384 0.052884615384615384
0 0.4014423076923077 0.6526442307692307 0.052884615384615384 0.052884615384615384
0 0.4266826923076923 0.7944711538461539 0.052884615384615384 0.052884615384615384
0 0.36778846153846156 0.7247596153846154 0.052884615384615384 0.052884615384615384