0 0.1201923076923077 0.17908653846153846 0.04927884615384615 0.04927884615384615
0 0.11778846153846154 0.2439903846153846 0.04927884615384615 0.04927884615384615
0 0.171875 0.28725961538461536 0.04927884615384615 0.04927884615384615
0 0.22355769230769232 0.3173076923076923 0.04927884615384615 0.04927884615384615
0 0.20552884615384615 0.17548076923076922 0.04927884615384615 0.04927884615384615
0 0.2668269230769231 0.25841346153846156 0.04927884615384615 0.04927884615384615
0 0.30528846153846156 0.2860576923076923 0.04927884615384615 0.04927884615384615
0 0.30649038461538464 0.3233173076923077 0.04927884615384615 0.04927884615384615
0 0.359375 0.3858173076923077 0.04927884615384615 0.04927884615384615
0 0.34615384615384615 0.47115384615384615 0.04927884615384615 0.04927884615384615
0 0.36778846153846156 0.48677884615384615 0.04927884615384615 0.04927884615384615
0 0.4723557692307692 0.48197115384615385 0.04927884615384615 0.04927884615384615
0 0.4266826923076923 0.5492788461538461 0.04927884615384615 0.04927884615384615
0 0.49278846153846156 0.5528846153846154 0.04927884615384615 0.04927884615384615
0 0.46153846153846156 0.5817307692307693 0.04927884615384615 0.04927884615384615
0 0.5288461538461539 0.5841346153846154 0.04927884615384615 0.04927884615384615
0 0.5216346153846154 0.6334134615384616 0.04927884615384615 0.04927884615384615
0 0.5649038461538461 0.6153846153846154 0.04927884615384615 0.04927884615384615
0 0.6033653846153846 0.6298076923076923 0.04927884615384615 0.04927884615384615
0 0.6334134615384616 0.6899038461538461 0.04927884615384615 0.04927884615384615
0 0.6550480769230769 0.6454326923076923 0.04927884615384615 0.04927884615384615
0 0.6610576923076923 0.7211538461538461 0.04927884615384615 0.04927884615384615
0 0.7271634615384616 0.6838942307692307 0.04927884615384615 0.04927884615384615
0 0.7620192307692307 0.7572115384615384 0.04927884615384615 0.04927884615384615
0 0.8882211538461539 0.7680288461538461 0.04927884615384615 0.04927884615384615