0 0.9110576923076923 0.5697115384615384 0.052884615384615384 0.052884615384615384
0 0.7632211538461539 0.4387019230769231 0.052884615384615384 0.052884615384615384
0 0.7884615384615384 0.5192307692307693 0.052884615384615384 0.052884615384615384
0 0.7091346153846154 0.5204326923076923 0.052884615384615384 0.052884615384615384
0 0.5913461538461539 0.5240384615384616 0.052884615384615384 0.052884615384615384
0 0.5985576923076923 0.49278846153846156 0.052884615384615384 0.052884615384615384
0 0.6286057692307693 0.4098557692307692 0.052884615384615384 0.052884615384615384
0 0.5348557692307693 0.42427884615384615 0.052884615384615384 0.052884615384615384
0 0.5528846153846154 0.39783653846153844 0.052884615384615384 0.052884615384615384
0 0.5492788461538461 0.47596153846153844 0.052884615384615384 0.052884615384615384
0 0.4254807692307692 0.4338942307692308 0.052884615384615384 0.052884615384615384
0 0.4543269230769231 0.40384615384615385 0.052884615384615384 0.052884615384615384
0 0.40625 0.40865384615384615 0.052884615384615384 0.052884615384615384
0 0.35096153846153844 0.3894230769230769 0.052884615384615384 0.052884615384615384
0 0.5060096153846154 0.4807692307692308 0.052884615384615384 0.052884615384615384
0 0.296875 0.3629807692307692 0.052884615384615384 0.052884615384615384
0 0.24759615384615385 0.41346153846153844 0.052884615384615384 0.052884615384615384
0 0.22355769230769232 0.46634615384615385 0.052884615384615384 0.052884615384615384
0 0.21153846153846154 0.5264423076923077 0.052884615384615384 0.052884615384615384
0 0.19230769230769232 0.5600961538461539 0.052884615384615384 0.052884615384615384
0 0.15625 0.5264423076923077 0.052884615384615384 0.052884615384615384
0 0.08774038461538461 0.48197115384615385 0.052884615384615384 0.052884615384615384