0 0.06009615384615385 0.5528846153846154 0.046875 0.046875
0 0.09375 0.49278846153846156 0.046875 0.046875
0 0.13221153846153846 0.5192307692307693 0.046875 0.046875
0 0.2283653846153846 0.515625 0.046875 0.046875
0 0.28846153846153844 0.5649038461538461 0.046875 0.046875
0 0.21875 0.5504807692307693 0.046875 0.046875
0 0.29447115384615385 0.5240384615384616 0.046875 0.046875
0 0.36177884615384615 0.47836538461538464 0.046875 0.046875
0 0.39903846153846156 0.5132211538461539 0.046875 0.046875
0 0.35697115384615385 0.5757211538461539 0.046875 0.046875
0 0.4807692307692308 0.6286057692307693 0.046875 0.046875
0 0.5060096153846154 0.5997596153846154 0.046875 0.046875
0 0.5192307692307693 0.5432692307692307 0.046875 0.046875
0 0.6370192307692307 0.5745192307692307 0.046875 0.046875
0 0.6466346153846154 0.625 0.046875 0.046875
0 0.6778846153846154 0.5492788461538461 0.046875 0.046875
0 0.7872596153846154 0.6213942307692307 0.046875 0.046875
0 0.8497596153846154 0.5408653846153846 0.046875 0.046875
0 0.8401442307692307 0.5973557692307693 0.046875 0.046875
0 0.9242788461538461 0.5625 0.046875 0.046875
0 0.052884615384615384 0.4723557692307692 0.046875 0.046875
0 0.8064903846153846 0.5192307692307693 0.046875 0.046875
0 0.9783653846153846 0.5492788461538461 0.04326923076923077 0.046875
0 0.19951923076923078 0.53125 0.046875 0.046875