0 0.7115384615384616 0.7848557692307693 0.05048076923076923 0.05048076923076923
0 0.6911057692307693 0.8149038461538461 0.05048076923076923 0.05048076923076923
0 0.6310096153846154 0.8052884615384616 0.05048076923076923 0.05048076923076923
0 0.6526442307692307 0.7259615384615384 0.05048076923076923 0.05048076923076923
0 0.5913461538461539 0.6177884615384616 0.05048076923076923 0.05048076923076923
0 0.5372596153846154 0.640625 0.05048076923076923 0.05048076923076923
0 0.47475961538461536 0.6370192307692307 0.05048076923076923 0.05048076923076923
0 0.5240384615384616 0.5384615384615384 0.05048076923076923 0.05048076923076923
0 0.3245192307692308 0.43990384615384615 0.05048076923076923 0.05048076923076923
0 0.328125 0.4026442307692308 0.05048076923076923 0.05048076923076923
0 0.37740384615384615 0.24278846153846154 0.05048076923076923 0.05048076923076923
0 0.41346153846153844 0.37740384615384615 0.05048076923076923 0.05048076923076923
0 0.25240384615384615 0.25600961538461536 0.05048076923076923 0.05048076923076923
0 0.22115384615384615 0.1622596153846154 0.05048076923076923 0.05048076923076923
0 0.3161057692307692 0.1875 0.05048076923076923 0.05048076923076923
0 0.2692307692307692 0.03365384615384615 0.05048076923076923 0.05048076923076923
0 0.22596153846153846 0.04927884615384615 0.05048076923076923 0.05048076923076923
0 0.7788461538461539 0.3942307692307692 0.05048076923076923 0.05048076923076923
0 0.796875 0.20552884615384615 0.05048076923076923 0.05048076923076923
0 0.7536057692307693 0.07451923076923077 0.05048076923076923 0.05048076923076923
0 0.6899038461538461 0.12139423076923077 0.05048076923076923 0.05048076923076923