0 0.1935096153846154 0.9603365384615384 0.04326923076923077 0.04326923076923077
0 0.13221153846153846 0.890625 0.04326923076923077 0.04326923076923077
0 0.18389423076923078 0.8846153846153846 0.04326923076923077 0.04326923076923077
0 0.18389423076923078 0.8521634615384616 0.04326923076923077 0.04326923076923077
0 0.24278846153846154 0.8149038461538461 0.04326923076923077 0.04326923076923077
0 0.19110576923076922 0.6069711538461539 0.04326923076923077 0.04326923076923077
0 0.2692307692307692 0.6586538461538461 0.04326923076923077 0.04326923076923077
0 0.33052884615384615 0.5612980769230769 0.04326923076923077 0.04326923076923077
0 0.3701923076923077 0.5252403846153846 0.04326923076923077 0.04326923076923077
0 0.3545673076923077 0.45072115384615385 0.04326923076923077 0.04326923076923077
0 0.45552884615384615 0.42788461538461536 0.04326923076923077 0.04326923076923077
0 0.4795673076923077 0.3858173076923077 0.04326923076923077 0.04326923076923077
0 0.5336538461538461 0.38341346153846156 0.04326923076923077 0.04326923076923077
0 0.625 0.43990384615384615 0.04326923076923077 0.04326923076923077
0 0.6682692307692307 0.36177884615384615 0.04326923076923077 0.04326923076923077
0 0.7091346153846154 0.36778846153846156 0.04326923076923077 0.04326923076923077
0 0.6971153846153846 0.23677884615384615 0.04326923076923077 0.04326923076923077
0 0.7475961538461539 0.18028846153846154 0.04326923076923077 0.04326923076923077
0 0.34134615384615385 0.5060096153846154 0.04326923076923077 0.04326923076923077