0 0.96875 0.5120192307692307 0.05048076923076923 0.05048076923076923
0 0.7007211538461539 0.6286057692307693 0.05048076923076923 0.05048076923076923
0 0.4182692307692308 0.5444711538461539 0.05048076923076923 0.05048076923076923
0 0.3786057692307692 0.7211538461538461 0.05048076923076923 0.05048076923076923
0 0.265625 0.7439903846153846 0.05048076923076923 0.05048076923076923
0 0.10336538461538461 0.7367788461538461 0.05048076923076923 0.05048076923076923
0 0.20552884615384615 0.8689903846153846 0.05048076923076923 0.05048076923076923
0 0.5216346153846154 0.46875 0.05048076923076923 0.05048076923076923
0 0.5865384615384616 0.4098557692307692 0.05048076923076923 0.05048076923076923
0 0.3401442307692308 0.29927884615384615 0.05048076923076923 0.05048076923076923
0 0.36177884615384615 0.1466346153846154 0.05048076923076923 0.05048076923076923
0 0.31009615384615385 0.2091346153846154 0.05048076923076923 0.05048076923076923
0 0.14423076923076922 0.078125 0.05048076923076923 0.05048076923076923