0 0.53125 0.41346153846153844 0.052884615384615384 0.052884615384615384
0 0.47596153846153844 0.46033653846153844 0.052884615384615384 0.052884615384615384
0 0.5168269230769231 0.5240384615384616 0.052884615384615384 0.052884615384615384
0 0.4495192307692308 0.5180288461538461 0.052884615384615384 0.052884615384615384
0 0.3581730769230769 0.5865384615384616 0.052884615384615384 0.052884615384615384
0 0.40024038461538464 0.625 0.052884615384615384 0.052884615384615384
0 0.35216346153846156 0.5564903846153846 0.052884615384615384 0.052884615384615384
0 0.6322115384615384 0.5276442307692307 0.052884615384615384 0.052884615384615384
0 0.5973557692307693 0.17427884615384615 0.052884615384615384 0.052884615384615384
0 0.42427884615384615 0.1310096153846154 0.052884615384615384 0.052884615384615384
0 0.1622596153846154 0.6899038461538461 0.052884615384615384 0.052884615384615384
0 0.203125 0.6742788461538461 0.052884615384615384 0.052884615384615384
0 0.7884615384615384 0.8461538461538461 0.052884615384615384 0.052884615384615384
0 0.8016826923076923 0.8930288461538461 0.052884615384615384 0.052884615384615384
0 0.8653846153846154 0.7644230769230769 0.052884615384615384 0.052884615384615384
0 0.8473557692307693 0.7163461538461539 0.052884615384615384 0.052884615384615384
0 0.9014423076923077 0.078125 0.052884615384615384 0.052884615384615384