0 0.9387019230769231 0.6514423076923077 0.04326923076923077 0.04326923076923077
0 0.8533653846153846 0.7259615384615384 0.04326923076923077 0.04326923076923077
0 0.8762019230769231 0.6935096153846154 0.04326923076923077 0.04326923076923077
0 0.8810096153846154 0.6478365384615384 0.04326923076923077 0.04326923076923077
0 0.8581730769230769 0.6298076923076923 0.04326923076923077 0.04326923076923077
0 0.8269230769230769 0.5877403846153846 0.04326923076923077 0.04326923076923077
0 0.7932692307692307 0.6069711538461539 0.04326923076923077 0.04326923076923077
0 0.8064903846153846 0.6574519230769231 0.04326923076923077 0.04326923076923077
0 0.7427884615384616 0.6009615384615384 0.04326923076923077 0.04326923076923077
0 0.7908653846153846 0.5492788461538461 0.04326923076923077 0.04326923076923077
0 0.7692307692307693 0.49759615384615385 0.04326923076923077 0.04326923076923077
0 0.6887019230769231 0.46875 0.04326923076923077 0.04326923076923077
0 0.7319711538461539 0.43990384615384615 0.04326923076923077 0.04326923076923077
0 0.5661057692307693 0.5012019230769231 0.04326923076923077 0.04326923076923077
0 0.5853365384615384 0.33413461538461536 0.04326923076923077 0.04326923076923077
0 0.5228365384615384 0.36778846153846156 0.04326923076923077 0.04326923076923077
0 0.5540865384615384 0.30649038461538464 0.04326923076923077 0.04326923076923077
0 0.47115384615384615 0.28846153846153844 0.04326923076923077 0.04326923076923077
0 0.49158653846153844 0.24158653846153846 0.04326923076923077 0.04326923076923077
0 0.43990384615384615 0.203125 0.04326923076923077 0.04326923076923077
0 0.42427884615384615 0.26802884615384615 0.04326923076923077 0.04326923076923077
0 0.390625 0.18028846153846154 0.04326923076923077 0.04326923076923077
0 0.3629807692307692 0.21153846153846154 0.04326923076923077 0.04326923076923077
0 0.33653846153846156 0.1971153846153846 0.04326923076923077 0.04326923076923077
0 0.29447115384615385 0.15865384615384615 0.04326923076923077 0.04326923076923077
0 0.37740384615384615 0.1201923076923077 0.04326923076923077 0.04326923076923077
0 0.9651442307692307 0.9350961538461539 0.04326923076923077 0.04326923076923077
0 0.9387019230769231 0.9591346153846154 0.04326923076923077 0.04326923076923077
0 0.9699519230769231 0.8725961538461539 0.04326923076923077 0.04326923076923077
0 0.9242788461538461 0.9290865384615384 0.04326923076923077 0.04326923076923077
0 0.9110576923076923 0.9086538461538461 0.04326923076923077 0.04326923076923077
0 0.8774038461538461 0.9170673076923077 0.04326923076923077 0.04326923076923077
0 0.921875 0.84375 0.04326923076923077 0.04326923076923077
0 0.8677884615384616 0.8341346153846154 0.04326923076923077 0.04326923076923077
0 0.8641826923076923 0.7824519230769231 0.04326923076923077 0.04326923076923077
0 0.8100961538461539 0.8858173076923077 0.04326923076923077 0.04326923076923077
0 0.7836538461538461 0.8509615384615384 0.04326923076923077 0.04326923076923077
0 0.7620192307692307 0.7884615384615384 0.04326923076923077 0.04326923076923077
0 0.7668269230769231 0.7295673076923077 0.04326923076923077 0.04326923076923077
0 0.734375 0.7103365384615384 0.04326923076923077 0.04326923076923077
0 0.7391826923076923 0.7524038461538461 0.04326923076923077 0.04326923076923077
0 0.7079326923076923 0.7475961538461539 0.04326923076923077 0.04326923076923077
0 0.6634615384615384 0.7067307692307693 0.04326923076923077 0.04326923076923077
0 0.6670673076923077 0.7728365384615384 0.04326923076923077 0.04326923076923077
0 0.5889423076923077 0.7427884615384616 0.04326923076923077 0.04326923076923077
0 0.5829326923076923 0.7007211538461539 0.04326923076923077 0.04326923076923077
0 0.5552884615384616 0.7211538461538461 0.04326923076923077 0.04326923076923077
0 0.5012019230769231 0.7427884615384616 0.04326923076923077 0.04326923076923077
0 0.4891826923076923 0.6802884615384616 0.04326923076923077 0.04326923076923077
0 0.42788461538461536 0.6959134615384616 0.04326923076923077 0.04326923076923077
0 0.35096153846153844 0.6598557692307693 0.04326923076923077 0.04326923076923077
0 0.36538461538461536 0.6442307692307693 0.04326923076923077 0.04326923076923077
0 0.28725961538461536 0.6021634615384616 0.04326923076923077 0.04326923076923077
0 0.27403846153846156 0.6322115384615384 0.04326923076923077 0.04326923076923077
0 0.24879807692307693 0.6478365384615384 0.04326923076923077 0.04326923076923077
0 0.2247596153846154 0.6646634615384616 0.04326923076923077 0.04326923076923077
0 0.20432692307692307 0.6057692307692307 0.04326923076923077 0.04326923076923077
0 0.1935096153846154 0.5757211538461539 0.04326923076923077 0.04326923076923077
0 0.14903846153846154 0.6502403846153846 0.04326923076923077 0.04326923076923077
0 0.16947115384615385 0.5625 0.04326923076923077 0.04326923076923077
0 0.10336538461538461 0.5673076923076923 0.04326923076923077 0.04326923076923077
0 0.078125 0.5697115384615384 0.04326923076923077 0.04326923076923077
0 0.078125 0.48677884615384615 0.04326923076923077 0.04326923076923077
0 0.028846153846153848 0.5168269230769231 0.04326923076923077 0.04326923076923077