0 0.9615384615384616 0.35216346153846156 0.04326923076923077 0.04326923076923077
0 0.9627403846153846 0.43509615384615385 0.04326923076923077 0.04326923076923077
0 0.9098557692307693 0.4230769230769231 0.04326923076923077 0.04326923076923077
0 0.9122596153846154 0.3701923076923077 0.04326923076923077 0.04326923076923077
0 0.8653846153846154 0.38461538461538464 0.04326923076923077 0.04326923076923077
0 0.8245192307692307 0.34134615384615385 0.04326923076923077 0.04326923076923077
0 0.8100961538461539 0.4098557692307692 0.04326923076923077 0.04326923076923077
0 0.7463942307692307 0.3581730769230769 0.04326923076923077 0.04326923076923077
0 0.7019230769230769 0.3401442307692308 0.04326923076923077 0.04326923076923077
0 0.6887019230769231 0.36658653846153844 0.04326923076923077 0.04326923076923077
0 0.6802884615384616 0.40024038461538464 0.04326923076923077 0.04326923076923077
0 0.703125 0.41947115384615385 0.04326923076923077 0.04326923076923077
0 0.6177884615384616 0.4495192307692308 0.04326923076923077 0.04326923076923077
0 0.5432692307692307 0.46274038461538464 0.04326923076923077 0.04326923076923077
0 0.5120192307692307 0.46875 0.04326923076923077 0.04326923076923077
0 0.46153846153846156 0.5036057692307693 0.04326923076923077 0.04326923076923077
0 0.4387019230769231 0.49038461538461536 0.04326923076923077 0.04326923076923077
0 0.4735576923076923 0.4170673076923077 0.04326923076923077 0.04326923076923077
0 0.38822115384615385 0.4567307692307692 0.04326923076923077 0.04326923076923077
0 0.4338942307692308 0.40384615384615385 0.04326923076923077 0.04326923076923077
0 0.3629807692307692 0.5228365384615384 0.04326923076923077 0.04326923076923077
0 0.25 0.5168269230769231 0.04326923076923077 0.04326923076923077
0 0.39783653846153844 0.6237980769230769 0.04326923076923077 0.04326923076923077
0 0.1622596153846154 0.6911057692307693 0.04326923076923077 0.04326923076923077
0 0.11778846153846154 0.6850961538461539 0.04326923076923077 0.04326923076923077
0 0.1622596153846154 0.5913461538461539 0.04326923076923077 0.04326923076923077
0 0.2127403846153846 0.5745192307692307 0.04326923076923077 0.04326923076923077
0 0.12620192307692307 0.6370192307692307 0.04326923076923077 0.04326923076923077
0 0.055288461538461536 0.6802884615384616 0.04326923076923077 0.04326923076923077
0 0.2848557692307692 0.5769230769230769 0.04326923076923077 0.04326923076923077
0 0.3786057692307692 0.6694711538461539 0.04326923076923077 0.04326923076923077
0 0.43028846153846156 0.7211538461538461 0.04326923076923077 0.04326923076923077
0 0.46875 0.7295673076923077 0.04326923076923077 0.04326923076923077