0 0.5552884615384616 0.018028846153846152 0.04326923076923077 0.03485576923076923
0 0.5072115384615384 0.11057692307692307 0.04326923076923077 0.04326923076923077
0 0.5733173076923077 0.10216346153846154 0.04326923076923077 0.04326923076923077
0 0.5661057692307693 0.1346153846153846 0.04326923076923077 0.04326923076923077
0 0.5384615384615384 0.1971153846153846 0.04326923076923077 0.04326923076923077
0 0.5180288461538461 0.21634615384615385 0.04326923076923077 0.04326923076923077
0 0.36899038461538464 0.2692307692307692 0.04326923076923077 0.04326923076923077
0 0.3485576923076923 0.29447115384615385 0.04326923076923077 0.04326923076923077
0 0.43990384615384615 0.30288461538461536 0.04326923076923077 0.04326923076923077
0 0.4254807692307692 0.33653846153846156 0.04326923076923077 0.04326923076923077
0 0.45552884615384615 0.35697115384615385 0.04326923076923077 0.04326923076923077
0 0.5168269230769231 0.4375 0.04326923076923077 0.04326923076923077
0 0.4639423076923077 0.4519230769230769 0.04326923076923077 0.04326923076923077
0 0.4675480769230769 0.609375 0.04326923076923077 0.04326923076923077
0 0.46153846153846156 0.6947115384615384 0.04326923076923077 0.04326923076923077
0 0.47475961538461536 0.6742788461538461 0.04326923076923077 0.04326923076923077
0 0.4831730769230769 0.734375 0.04326923076923077 0.04326923076923077
0 0.5576923076923077 0.7824519230769231 0.04326923076923077 0.04326923076923077
0 0.484375 0.7932692307692307 0.04326923076923077 0.04326923076923077
0 0.5108173076923077 0.96875 0.04326923076923077 0.04326923076923077
0 0.5769230769230769 0.9471153846153846 0.04326923076923077 0.04326923076923077
0 0.578125 0.028846153846153848 0.04326923076923077 0.04326923076923077