0 0.11298076923076923 0.23197115384615385 0.04326923076923077 0.04326923076923077
0 0.17307692307692307 0.22115384615384615 0.04326923076923077 0.04326923076923077
0 0.07692307692307693 0.3016826923076923 0.04326923076923077 0.04326923076923077
0 0.09254807692307693 0.28365384615384615 0.04326923076923077 0.04326923076923077
0 0.12139423076923077 0.31971153846153844 0.04326923076923077 0.04326923076923077
0 0.2127403846153846 0.2668269230769231 0.04326923076923077 0.04326923076923077
0 0.21153846153846154 0.37740384615384615 0.04326923076923077 0.04326923076923077
0 0.24278846153846154 0.3161057692307692 0.04326923076923077 0.04326923076923077
0 0.2800480769230769 0.33774038461538464 0.04326923076923077 0.04326923076923077
0 0.26322115384615385 0.38221153846153844 0.04326923076923077 0.04326923076923077
0 0.29086538461538464 0.2932692307692308 0.04326923076923077 0.04326923076923077
0 0.33052884615384615 0.3581730769230769 0.04326923076923077 0.04326923076923077
0 0.375 0.36658653846153844 0.04326923076923077 0.04326923076923077
0 0.3317307692307692 0.4375 0.04326923076923077 0.04326923076923077
0 0.35096153846153844 0.4675480769230769 0.04326923076923077 0.04326923076923077
0 0.44350961538461536 0.4567307692307692 0.04326923076923077 0.04326923076923077
0 0.4074519230769231 0.5024038461538461 0.04326923076923077 0.04326923076923077
0 0.5961538461538461 0.5600961538461539 0.04326923076923077 0.04326923076923077
0 0.5408653846153846 0.6310096153846154 0.04326923076923077 0.04326923076923077
0 0.5709134615384616 0.6899038461538461 0.04326923076923077 0.04326923076923077
0 0.734375 0.7283653846153846 0.04326923076923077 0.04326923076923077
0 0.8052884615384616 0.7235576923076923 0.04326923076923077 0.04326923076923077
0 0.8052884615384616 0.7836538461538461 0.04326923076923077 0.04326923076923077
0 0.8641826923076923 0.7884615384615384 0.04326923076923077 0.04326923076923077
0 0.9350961538461539 0.8569711538461539 0.04326923076923077 0.04326923076923077
0 0.9699519230769231 0.8942307692307693 0.04326923076923077 0.04326923076923077
0 0.3713942307692308 0.5625 0.04326923076923077 0.04326923076923077
0 0.5853365384615384 0.6430288461538461 0.04326923076923077 0.04326923076923077