0 0.055288461538461536 0.21033653846153846 0.04326923076923077 0.04326923076923077
0 0.0625 0.31850961538461536 0.04326923076923077 0.04326923076923077
0 0.06009615384615385 0.47475961538461536 0.04326923076923077 0.04326923076923077
0 0.08653846153846154 0.4723557692307692 0.04326923076923077 0.04326923076923077
0 0.08052884615384616 0.3954326923076923 0.04326923076923077 0.04326923076923077
0 0.10216346153846154 0.3954326923076923 0.04326923076923077 0.04326923076923077
0 0.1346153846153846 0.3870192307692308 0.04326923076923077 0.04326923076923077
0 0.15384615384615385 0.48677884615384615 0.04326923076923077 0.04326923076923077
0 0.18028846153846154 0.5048076923076923 0.04326923076923077 0.04326923076923077
0 0.21153846153846154 0.4891826923076923 0.04326923076923077 0.04326923076923077
0 0.234375 0.5084134615384616 0.04326923076923077 0.04326923076923077
0 0.2668269230769231 0.44350961538461536 0.04326923076923077 0.04326923076923077
0 0.2644230769230769 0.5444711538461539 0.04326923076923077 0.04326923076923077
0 0.3088942307692308 0.5132211538461539 0.04326923076923077 0.04326923076923077
0 0.34134615384615385 0.46274038461538464 0.04326923076923077 0.04326923076923077
0 0.4639423076923077 0.5120192307692307 0.04326923076923077 0.04326923076923077
0 0.5252403846153846 0.5661057692307693 0.04326923076923077 0.04326923076923077
0 0.5276442307692307 0.5144230769230769 0.04326923076923077 0.04326923076923077
0 0.5492788461538461 0.5072115384615384 0.04326923076923077 0.04326923076923077
0 0.5841346153846154 0.5024038461538461 0.04326923076923077 0.04326923076923077
0 0.6538461538461539 0.5961538461538461 0.04326923076923077 0.04326923076923077
0 0.6850961538461539 0.5865384615384616 0.04326923076923077 0.04326923076923077
0 0.6959134615384616 0.6069711538461539 0.04326923076923077 0.04326923076923077
0 0.7680288461538461 0.6045673076923077 0.04326923076923077 0.04326923076923077
0 0.8004807692307693 0.6153846153846154 0.04326923076923077 0.04326923076923077
0 0.8473557692307693 0.5817307692307693 0.04326923076923077 0.04326923076923077
0 0.8822115384615384 0.6189903846153846 0.04326923076923077 0.04326923076923077
0 0.21153846153846154 0.4050480769230769 0.04326923076923077 0.04326923076923077