0 0.7692307692307693 0.8245192307692307 0.052884615384615384 0.052884615384615384
0 0.7235576923076923 0.7800480769230769 0.052884615384615384 0.052884615384615384
0 0.6478365384615384 0.7560096153846154 0.052884615384615384 0.052884615384615384
0 0.6538461538461539 0.6838942307692307 0.052884615384615384 0.052884615384615384
0 0.6959134615384616 0.6466346153846154 0.052884615384615384 0.052884615384615384
0 0.5144230769230769 0.6899038461538461 0.052884615384615384 0.052884615384615384
0 0.36538461538461536 0.6538461538461539 0.052884615384615384 0.052884615384615384
0 0.29447115384615385 0.6370192307692307 0.052884615384615384 0.052884615384615384
0 0.45072115384615385 0.5817307692307693 0.052884615384615384 0.052884615384615384
0 0.5432692307692307 0.6021634615384616 0.052884615384615384 0.052884615384615384
0 0.5564903846153846 0.5540865384615384 0.052884615384615384 0.052884615384615384
0 0.6322115384615384 0.5588942307692307 0.052884615384615384 0.052884615384615384
0 0.65625 0.5132211538461539 0.052884615384615384 0.052884615384615384
0 0.6514423076923077 0.4567307692307692 0.052884615384615384 0.052884615384615384
0 0.5408653846153846 0.47596153846153844 0.052884615384615384 0.052884615384615384
0 0.5240384615384616 0.40024038461538464 0.052884615384615384 0.052884615384615384
0 0.5024038461538461 0.36177884615384615 0.052884615384615384 0.052884615384615384
0 0.49158653846153844 0.46033653846153844 0.052884615384615384 0.052884615384615384
0 0.5673076923076923 0.4230769230769231 0.052884615384615384 0.052884615384615384
0 0.6177884615384616 0.328125 0.052884615384615384 0.052884615384615384
0 0.5552884615384616 0.24759615384615385 0.052884615384615384 0.052884615384615384
0 0.3425480769230769 0.09014423076923077 0.052884615384615384 0.052884615384615384
0 0.14903846153846154 0.09134615384615384 0.052884615384615384 0.052884615384615384
0 0.8413461538461539 0.6862980769230769 0.052884615384615384 0.052884615384615384
0 0.8497596153846154 0.7259615384615384 0.052884615384615384 0.052884615384615384
0 0.9194711538461539 0.7692307692307693 0.052884615384615384 0.052884615384615384