0 0.65625 0.7932692307692307 0.05048076923076923 0.05048076923076923
0 0.6370192307692307 0.8257211538461539 0.05048076923076923 0.05048076923076923
0 0.5805288461538461 0.8161057692307693 0.05048076923076923 0.05048076923076923
0 0.5973557692307693 0.734375 0.05048076923076923 0.05048076923076923
0 0.5336538461538461 0.625 0.05048076923076923 0.05048076923076923
0 0.48197115384615385 0.6490384615384616 0.05048076923076923 0.05048076923076923
0 0.41947115384615385 0.6442307692307693 0.05048076923076923 0.05048076923076923
0 0.46875 0.546875 0.05048076923076923 0.05048076923076923
0 0.2692307692307692 0.44711538461538464 0.05048076923076923 0.05048076923076923
0 0.27403846153846156 0.4098557692307692 0.05048076923076923 0.05048076923076923
0 0.32211538461538464 0.2536057692307692 0.05048076923076923 0.05048076923076923
0 0.359375 0.38461538461538464 0.05048076923076923 0.05048076923076923
0 0.1935096153846154 0.26802884615384615 0.05048076923076923 0.05048076923076923
0 0.1658653846153846 0.16947115384615385 0.05048076923076923 0.05048076923076923
0 0.2620192307692308 0.1875 0.05048076923076923 0.05048076923076923
0 0.21514423076923078 0.040865384615384616 0.05048076923076923 0.05048076923076923
0 0.171875 0.056490384615384616 0.05048076923076923 0.05048076923076923
0 0.7247596153846154 0.4026442307692308 0.05048076923076923 0.05048076923076923
0 0.7427884615384616 0.2127403846153846 0.05048076923076923 0.05048076923076923
0 0.6995192307692307 0.08173076923076923 0.05048076923076923 0.05048076923076923
0 0.6346153846153846 0.12860576923076922 0.05048076923076923 0.05048076923076923