0 0.90625 0.9134615384615384 0.052884615384615384 0.052884615384615384
0 0.7475961538461539 0.7115384615384616 0.052884615384615384 0.052884615384615384
0 0.6225961538461539 0.703125 0.052884615384615384 0.052884615384615384
0 0.6009615384615384 0.6850961538461539 0.052884615384615384 0.052884615384615384
0 0.6021634615384616 0.6129807692307693 0.052884615384615384 0.052884615384615384
0 0.6971153846153846 0.6225961538461539 0.052884615384615384 0.052884615384615384
0 0.6971153846153846 0.5673076923076923 0.052884615384615384 0.052884615384615384
0 0.6670673076923077 0.38100961538461536 0.052884615384615384 0.052884615384615384
0 0.7439903846153846 0.32091346153846156 0.052884615384615384 0.052884615384615384
0 0.7848557692307693 0.3629807692307692 0.052884615384615384 0.052884615384615384
0 0.640625 0.45552884615384615 0.052884615384615384 0.052884615384615384
0 0.7403846153846154 0.5024038461538461 0.052884615384615384 0.052884615384615384
0 0.7704326923076923 0.5144230769230769 0.052884615384615384 0.052884615384615384
0 0.5336538461538461 0.4495192307692308 0.052884615384615384 0.052884615384615384
0 0.5588942307692307 0.37740384615384615 0.052884615384615384 0.052884615384615384
0 0.40865384615384615 0.38822115384615385 0.052884615384615384 0.052884615384615384
0 0.43028846153846156 0.32572115384615385 0.052884615384615384 0.052884615384615384
0 0.37259615384615385 0.31850961538461536 0.052884615384615384 0.052884615384615384
0 0.35216346153846156 0.19110576923076922 0.052884615384615384 0.052884615384615384
0 0.27163461538461536 0.234375 0.052884615384615384 0.052884615384615384
0 0.18509615384615385 0.18629807692307693 0.052884615384615384 0.052884615384615384
0 0.08052884615384616 0.06971153846153846 0.052884615384615384 0.052884615384615384
0 0.4567307692307692 0.39783653846153844 0.052884615384615384 0.052884615384615384
0 0.796875 0.8473557692307693 0.052884615384615384 0.052884615384615384