0 0.27283653846153844 0.6538461538461539 0.052884615384615384 0.052884615384615384
0 0.3233173076923077 0.5865384615384616 0.052884615384615384 0.052884615384615384
0 0.42908653846153844 0.5552884615384616 0.052884615384615384 0.052884615384615384
0 0.46153846153846156 0.5024038461538461 0.052884615384615384 0.052884615384615384
0 0.38221153846153844 0.49038461538461536 0.052884615384615384 0.052884615384615384
0 0.37259615384615385 0.46033653846153844 0.052884615384615384 0.052884615384615384
0 0.41346153846153844 0.4050480769230769 0.052884615384615384 0.052884615384615384
0 0.40384615384615385 0.36177884615384615 0.052884615384615384 0.052884615384615384
0 0.5492788461538461 0.38822115384615385 0.052884615384615384 0.052884615384615384
0 0.6033653846153846 0.26322115384615385 0.052884615384615384 0.052884615384615384
0 0.6502403846153846 0.24278846153846154 0.052884615384615384 0.052884615384615384
0 0.6574519230769231 0.1875 0.052884615384615384 0.052884615384615384
0 0.6334134615384616 0.12860576923076922 0.052884615384615384 0.052884615384615384
0 0.4675480769230769 0.3918269230769231 0.052884615384615384 0.052884615384615384
0 0.2704326923076923 0.7355769230769231 0.052884615384615384 0.052884615384615384
0 0.375 0.7439903846153846 0.052884615384615384 0.052884615384615384
0 0.38822115384615385 0.7151442307692307 0.052884615384615384 0.052884615384615384
0 0.44711538461538464 0.6310096153846154 0.052884615384615384 0.052884615384615384
0 0.46153846153846156 0.7451923076923077 0.052884615384615384 0.052884615384615384
0 0.44591346153846156 0.7091346153846154 0.052884615384615384 0.052884615384615384
0 0.49759615384615385 0.625 0.052884615384615384 0.052884615384615384
0 0.6021634615384616 0.6225961538461539 0.052884615384615384 0.052884615384615384
0 0.5564903846153846 0.6875 0.052884615384615384 0.052884615384615384
0 0.6141826923076923 0.7259615384615384 0.052884615384615384 0.052884615384615384
0 0.6778846153846154 0.7235576923076923 0.052884615384615384 0.052884615384615384
0 0.7692307692307693 0.7379807692307693 0.052884615384615384 0.052884615384615384
0 0.7391826923076923 0.6899038461538461 0.052884615384615384 0.052884615384615384
0 0.8413461538461539 0.6598557692307693 0.052884615384615384 0.052884615384615384
0 0.8064903846153846 0.6298076923076923 0.052884615384615384 0.052884615384615384