0 0.6995192307692307 0.671875 0.052884615384615384 0.052884615384615384
0 0.6802884615384616 0.5913461538461539 0.052884615384615384 0.052884615384615384
0 0.6346153846153846 0.6129807692307693 0.052884615384615384 0.052884615384615384
0 0.7115384615384616 0.49278846153846156 0.052884615384615384 0.052884615384615384
0 0.6117788461538461 0.5384615384615384 0.052884615384615384 0.052884615384615384
0 0.7307692307692307 0.39903846153846156 0.052884615384615384 0.052884615384615384
0 0.6370192307692307 0.44350961538461536 0.052884615384615384 0.052884615384615384
0 0.5997596153846154 0.43990384615384615 0.052884615384615384 0.052884615384615384
0 0.5588942307692307 0.49759615384615385 0.052884615384615384 0.052884615384615384
0 0.4026442307692308 0.45552884615384615 0.052884615384615384 0.052884615384615384
0 0.4014423076923077 0.3762019230769231 0.052884615384615384 0.052884615384615384
0 0.40384615384615385 0.3269230769230769 0.052884615384615384 0.052884615384615384
0 0.2764423076923077 0.39663461538461536 0.052884615384615384 0.052884615384615384
0 0.24519230769230768 0.3894230769230769 0.052884615384615384 0.052884615384615384
0 0.13221153846153846 0.3449519230769231 0.052884615384615384 0.052884615384615384
0 0.12139423076923077 0.31009615384615385 0.052884615384615384 0.052884615384615384
0 0.08413461538461539 0.15264423076923078 0.052884615384615384 0.052884615384615384
0 0.4891826923076923 0.4098557692307692 0.052884615384615384 0.052884615384615384
0 0.8557692307692307 0.10096153846153846 0.052884615384615384 0.052884615384615384
0 0.7560096153846154 0.11057692307692307 0.052884615384615384 0.052884615384615384