0 0.19471153846153846 0.84375 0.04326923076923077 0.04326923076923077
0 0.3125 0.8882211538461539 0.04326923076923077 0.04326923076923077
0 0.31009615384615385 0.8485576923076923 0.04326923076923077 0.04326923076923077
0 0.18509615384615385 0.8149038461538461 0.04326923076923077 0.04326923076923077
0 0.3004807692307692 0.7632211538461539 0.04326923076923077 0.04326923076923077
0 0.359375 0.6814903846153846 0.04326923076923077 0.04326923076923077
0 0.43028846153846156 0.7560096153846154 0.04326923076923077 0.04326923076923077
0 0.46153846153846156 0.6454326923076923 0.04326923076923077 0.04326923076923077
0 0.48197115384615385 0.7067307692307693 0.04326923076923077 0.04326923076923077
0 0.5192307692307693 0.7211538461538461 0.04326923076923077 0.04326923076923077
0 0.5288461538461539 0.609375 0.04326923076923077 0.04326923076923077
0 0.5444711538461539 0.578125 0.04326923076923077 0.04326923076923077
0 0.5805288461538461 0.5841346153846154 0.04326923076923077 0.04326923076923077
0 0.5673076923076923 0.6514423076923077 0.04326923076923077 0.04326923076923077
0 0.6069711538461539 0.6490384615384616 0.04326923076923077 0.04326923076923077
0 0.6370192307692307 0.6225961538461539 0.04326923076923077 0.04326923076923077
0 0.6586538461538461 0.6069711538461539 0.04326923076923077 0.04326923076923077
0 0.6875 0.5901442307692307 0.04326923076923077 0.04326923076923077
0 0.6850961538461539 0.49759615384615385 0.04326923076923077 0.04326923076923077
0 0.7199519230769231 0.4567307692307692 0.04326923076923077 0.04326923076923077
0 0.30288461538461536 0.5913461538461539 0.04326923076923077 0.04326923076923077
0 0.37740384615384615 0.5072115384615384 0.04326923076923077 0.04326923076923077
0 0.4026442307692308 0.4230769230769231 0.04326923076923077 0.04326923076923077
0 0.3629807692307692 0.36538461538461536 0.04326923076923077 0.04326923076923077
0 0.30528846153846156 0.3329326923076923 0.04326923076923077 0.04326923076923077
0 0.31009615384615385 0.39663461538461536 0.04326923076923077 0.04326923076923077
0 0.34134615384615385 0.44591346153846156 0.04326923076923077 0.04326923076923077
0 0.33653846153846156 0.49158653846153844 0.04326923076923077 0.04326923076923077
0 0.3798076923076923 0.5444711538461539 0.04326923076923077 0.04326923076923077
0 0.38100961538461536 0.31490384615384615 0.04326923076923077 0.04326923076923077
0 0.3713942307692308 0.6298076923076923 0.04326923076923077 0.04326923076923077
0 0.48197115384615385 0.5961538461538461 0.04326923076923077 0.04326923076923077
0 0.4543269230769231 0.5697115384615384 0.04326923076923077 0.04326923076923077
0 0.4831730769230769 0.5564903846153846 0.04326923076923077 0.04326923076923077
0 0.45072115384615385 0.4879807692307692 0.04326923076923077 0.04326923076923077
0 0.49399038461538464 0.46153846153846156 0.04326923076923077 0.04326923076923077
0 0.5528846153846154 0.49759615384615385 0.04326923076923077 0.04326923076923077
0 0.5348557692307693 0.3858173076923077 0.04326923076923077 0.04326923076923077
0 0.6538461538461539 0.4266826923076923 0.04326923076923077 0.04326923076923077
0 0.625 0.4170673076923077 0.04326923076923077 0.04326923076923077
0 0.6346153846153846 0.36778846153846156 0.04326923076923077 0.04326923076923077
0 0.6454326923076923 0.31971153846153844 0.04326923076923077 0.04326923076923077
0 0.6694711538461539 0.3425480769230769 0.04326923076923077 0.04326923076923077
0 0.7091346153846154 0.33052884615384615 0.04326923076923077 0.04326923076923077
0 0.6923076923076923 0.36177884615384615 0.04326923076923077 0.04326923076923077
0 0.7980769230769231 0.34975961538461536 0.04326923076923077 0.04326923076923077
0 0.7427884615384616 0.3449519230769231 0.04326923076923077 0.04326923076923077
0 0.7836538461538461 0.28966346153846156 0.04326923076923077 0.04326923076923077
0 0.8257211538461539 0.25961538461538464 0.04326923076923077 0.04326923076923077
0 0.8641826923076923 0.27524038461538464 0.04326923076923077 0.04326923076923077
0 0.8413461538461539 0.31971153846153844 0.04326923076923077 0.04326923076923077
0 0.7824519230769231 0.3173076923076923 0.04326923076923077 0.04326923076923077