0 0.21514423076923078 0.6814903846153846 0.04326923076923077 0.04326923076923077
0 0.18389423076923078 0.6790865384615384 0.04326923076923077 0.04326923076923077
0 0.2704326923076923 0.7163461538461539 0.04326923076923077 0.04326923076923077
0 0.2620192307692308 0.6069711538461539 0.04326923076923077 0.04326923076923077
0 0.28725961538461536 0.5600961538461539 0.04326923076923077 0.04326923076923077
0 0.3233173076923077 0.5612980769230769 0.04326923076923077 0.04326923076923077
0 0.3425480769230769 0.6262019230769231 0.04326923076923077 0.04326923076923077
0 0.4026442307692308 0.6165865384615384 0.04326923076923077 0.04326923076923077
0 0.4206730769230769 0.4795673076923077 0.04326923076923077 0.04326923076923077
0 0.47716346153846156 0.3870192307692308 0.04326923076923077 0.04326923076923077
0 0.5132211538461539 0.3701923076923077 0.04326923076923077 0.04326923076923077
0 0.5276442307692307 0.34134615384615385 0.04326923076923077 0.04326923076923077
0 0.5180288461538461 0.24278846153846154 0.04326923076923077 0.04326923076923077
0 0.6033653846153846 0.203125 0.04326923076923077 0.04326923076923077
0 0.5769230769230769 0.10096153846153846 0.04326923076923077 0.04326923076923077
0 0.17668269230769232 0.8257211538461539 0.04326923076923077 0.04326923076923077
0 0.12259615384615384 0.9495192307692307 0.04326923076923077 0.04326923076923077
0 0.09134615384615384 0.9423076923076923 0.04326923076923077 0.04326923076923077
0 0.04927884615384615 0.9735576923076923 0.04326923076923077 0.04326923076923077
0 0.03125 0.9399038461538461 0.04326923076923077 0.04326923076923077
0 0.018028846153846152 0.8990384615384616 0.036057692307692304 0.04326923076923077
0 0.07091346153846154 0.8629807692307693 0.04326923076923077 0.04326923076923077
0 0.10576923076923077 0.8149038461538461 0.04326923076923077 0.04326923076923077
0 0.15745192307692307 0.8052884615384616 0.04326923076923077 0.04326923076923077
0 0.25240384615384615 0.7632211538461539 0.04326923076923077 0.04326923076923077
0 0.2800480769230769 0.8088942307692307 0.04326923076923077 0.04326923076923077
0 0.34975961538461536 0.8137019230769231 0.04326923076923077 0.04326923076923077
0 0.38822115384615385 0.7992788461538461 0.04326923076923077 0.04326923076923077
0 0.36899038461538464 0.7451923076923077 0.04326923076923077 0.04326923076923077
0 0.41466346153846156 0.7560096153846154 0.04326923076923077 0.04326923076923077
0 0.4266826923076923 0.7259615384615384 0.04326923076923077 0.04326923076923077
0 0.38100961538461536 0.6959134615384616 0.04326923076923077 0.04326923076923077
0 0.4879807692307692 0.6911057692307693 0.04326923076923077 0.04326923076923077
0 0.4807692307692308 0.6490384615384616 0.04326923076923077 0.04326923076923077
0 0.5120192307692307 0.6322115384615384 0.04326923076923077 0.04326923076923077
0 0.45552884615384615 0.5865384615384616 0.04326923076923077 0.04326923076923077
0 0.5588942307692307 0.5805288461538461 0.04326923076923077 0.04326923076923077
0 0.5276442307692307 0.5084134615384616 0.04326923076923077 0.04326923076923077
0 0.6213942307692307 0.5036057692307693 0.04326923076923077 0.04326923076923077
0 0.5661057692307693 0.47475961538461536 0.04326923076923077 0.04326923076923077
0 0.6069711538461539 0.4254807692307692 0.04326923076923077 0.04326923076923077
0 0.7548076923076923 0.40024038461538464 0.04326923076923077 0.04326923076923077
0 0.8557692307692307 0.4543269230769231 0.04326923076923077 0.04326923076923077
0 0.890625 0.4579326923076923 0.04326923076923077 0.04326923076923077
0 0.7524038461538461 0.4735576923076923 0.04326923076923077 0.04326923076923077
0 0.7115384615384616 0.4543269230769231 0.04326923076923077 0.04326923076923077
0 0.07572115384615384 0.9026442307692307 0.04326923076923077 0.04326923076923077