0 0.15865384615384615 0.7524038461538461 0.052884615384615384 0.052884615384615384
0 0.08653846153846154 0.7764423076923077 0.052884615384615384 0.052884615384615384
0 0.15264423076923078 0.6850961538461539 0.052884615384615384 0.052884615384615384
0 0.07211538461538461 0.6478365384615384 0.052884615384615384 0.052884615384615384
0 0.13341346153846154 0.6225961538461539 0.052884615384615384 0.052884615384615384
0 0.07211538461538461 0.6838942307692307 0.052884615384615384 0.052884615384615384
0 0.0673076923076923 0.7055288461538461 0.052884615384615384 0.052884615384615384
0 0.24158653846153846 0.7884615384615384 0.052884615384615384 0.052884615384615384
0 0.28125 0.8257211538461539 0.052884615384615384 0.052884615384615384
0 0.3401442307692308 0.7680288461538461 0.052884615384615384 0.052884615384615384
0 0.4026442307692308 0.7103365384615384 0.052884615384615384 0.052884615384615384
0 0.4338942307692308 0.6887019230769231 0.052884615384615384 0.052884615384615384
0 0.43990384615384615 0.6538461538461539 0.052884615384615384 0.052884615384615384
0 0.39903846153846156 0.5649038461538461 0.052884615384615384 0.052884615384615384
0 0.4891826923076923 0.6165865384615384 0.052884615384615384 0.052884615384615384
0 0.5637019230769231 0.5685096153846154 0.052884615384615384 0.052884615384615384
0 0.6069711538461539 0.24278846153846154 0.052884615384615384 0.052884615384615384
0 0.6153846153846154 0.4110576923076923 0.052884615384615384 0.052884615384615384
0 0.7163461538461539 0.24278846153846154 0.052884615384615384 0.052884615384615384
0 0.640625 0.19591346153846154 0.052884615384615384 0.052884615384615384
0 0.6790865384615384 0.16947115384615385 0.052884615384615384 0.052884615384615384
0 0.7379807692307693 0.19230769230769232 0.052884615384615384 0.052884615384615384
0 0.7055288461538461 0.078125 0.052884615384615384 0.052884615384615384
0 0.859375 0.021634615384615384 0.052884615384615384 0.04326923076923077
0 0.7716346153846154 0.019230769230769232 0.052884615384615384 0.038461538461538464
0 0.5985576923076923 0.2764423076923077 0.052884615384615384 0.052884615384615384
0 0.34134615384615385 0.6670673076923077 0.052884615384615384 0.052884615384615384