0 0.8677884615384616 0.09375 0.05048076923076923 0.05048076923076923
0 0.6778846153846154 0.1814903846153846 0.05048076923076923 0.05048076923076923
0 0.5901442307692307 0.33774038461538464 0.05048076923076923 0.05048076923076923
0 0.5408653846153846 0.33774038461538464 0.05048076923076923 0.05048076923076923
0 0.5697115384615384 0.47596153846153844 0.05048076923076923 0.05048076923076923
0 0.5120192307692307 0.5817307692307693 0.05048076923076923 0.05048076923076923
0 0.4338942307692308 0.5661057692307693 0.05048076923076923 0.05048076923076923
0 0.39663461538461536 0.5384615384615384 0.05048076923076923 0.05048076923076923
0 0.36778846153846156 0.5697115384615384 0.05048076923076923 0.05048076923076923
0 0.3713942307692308 0.6598557692307693 0.05048076923076923 0.05048076923076923
0 0.30528846153846156 0.7403846153846154 0.05048076923076923 0.05048076923076923
0 0.2692307692307692 0.7536057692307693 0.05048076923076923 0.05048076923076923
0 0.24639423076923078 0.796875 0.05048076923076923 0.05048076923076923
0 0.14302884615384615 0.7620192307692307 0.05048076923076923 0.05048076923076923
0 0.47475961538461536 0.5997596153846154 0.05048076923076923 0.05048076923076923
0 0.25600961538461536 0.6850961538461539 0.05048076923076923 0.05048076923076923
0 0.1502403846153846 0.8533653846153846 0.05048076923076923 0.05048076923076923
0 0.08653846153846154 0.8509615384615384 0.05048076923076923 0.05048076923076923
0 0.06490384615384616 0.9098557692307693 0.05048076923076923 0.05048076923076923
0 0.04927884615384615 0.9495192307692307 0.05048076923076923 0.05048076923076923
0 0.5336538461538461 0.4495192307692308 0.05048076923076923 0.05048076923076923