0 0.11658653846153846 0.36658653846153844 0.04326923076923077 0.04326923076923077
0 0.14543269230769232 0.4074519230769231 0.04326923076923077 0.04326923076923077
0 0.16947115384615385 0.40024038461538464 0.04326923076923077 0.04326923076923077
0 0.12980769230769232 0.4519230769230769 0.04326923076923077 0.04326923076923077
0 0.1935096153846154 0.39302884615384615 0.04326923076923077 0.04326923076923077
0 0.2127403846153846 0.3894230769230769 0.04326923076923077 0.04326923076923077
0 0.24639423076923078 0.36658653846153844 0.04326923076923077 0.04326923076923077
0 0.27403846153846156 0.3894230769230769 0.04326923076923077 0.04326923076923077
0 0.3293269230769231 0.33413461538461536 0.04326923076923077 0.04326923076923077
0 0.18028846153846154 0.49759615384615385 0.04326923076923077 0.04326923076923077
0 0.48197115384615385 0.45072115384615385 0.04326923076923077 0.04326923076923077
0 0.43990384615384615 0.44711538461538464 0.04326923076923077 0.04326923076923077
0 0.53125 0.5228365384615384 0.04326923076923077 0.04326923076923077
0 0.5961538461538461 0.5384615384615384 0.04326923076923077 0.04326923076923077
0 0.6418269230769231 0.5444711538461539 0.04326923076923077 0.04326923076923077
0 0.6971153846153846 0.5420673076923077 0.04326923076923077 0.04326923076923077
0 0.6911057692307693 0.5012019230769231 0.04326923076923077 0.04326923076923077
0 0.7115384615384616 0.46033653846153844 0.04326923076923077 0.04326923076923077
0 0.6706730769230769 0.4567307692307692 0.04326923076923077 0.04326923076923077
0 0.8930288461538461 0.4831730769230769 0.04326923076923077 0.04326923076923077
0 0.9591346153846154 0.49759615384615385 0.04326923076923077 0.04326923076923077
0 0.9170673076923077 0.6117788461538461 0.04326923076923077 0.04326923076923077
0 0.8629807692307693 0.5865384615384616 0.04326923076923077 0.04326923076923077
0 0.8810096153846154 0.5612980769230769 0.04326923076923077 0.04326923076923077
0 0.9278846153846154 0.5913461538461539 0.04326923076923077 0.04326923076923077
0 0.9447115384615384 0.6141826923076923 0.04326923076923077 0.04326923076923077
0 0.6081730769230769 0.49759615384615385 0.04326923076923077 0.04326923076923077
0 0.07932692307692307 0.421875 0.04326923076923077 0.04326923076923077