0 0.8894230769230769 0.8173076923076923 0.052884615384615384 0.052884615384615384
0 0.7692307692307693 0.7439903846153846 0.052884615384615384 0.052884615384615384
0 0.8569711538461539 0.6802884615384616 0.052884615384615384 0.052884615384615384
0 0.5625 0.5252403846153846 0.052884615384615384 0.052884615384615384
0 0.484375 0.46634615384615385 0.052884615384615384 0.052884615384615384
0 0.42788461538461536 0.4423076923076923 0.052884615384615384 0.052884615384615384
0 0.39302884615384615 0.3942307692307692 0.052884615384615384 0.052884615384615384
0 0.3954326923076923 0.18509615384615385 0.052884615384615384 0.052884615384615384
0 0.40024038461538464 0.13341346153846154 0.052884615384615384 0.052884615384615384
0 0.31490384615384615 0.4170673076923077 0.052884615384615384 0.052884615384615384
0 0.31009615384615385 0.24759615384615385 0.052884615384615384 0.052884615384615384
0 0.5324519230769231 0.41346153846153844 0.052884615384615384 0.052884615384615384
0 0.5805288461538461 0.46033653846153844 0.052884615384615384 0.052884615384615384
0 0.7596153846153846 0.8605769230769231 0.052884615384615384 0.052884615384615384
0 0.7007211538461539 0.796875 0.052884615384615384 0.052884615384615384
0 0.5949519230769231 0.8076923076923077 0.052884615384615384 0.052884615384615384
0 0.6105769230769231 0.9038461538461539 0.052884615384615384 0.052884615384615384
0 0.32091346153846156 0.8100961538461539 0.052884615384615384 0.052884615384615384
0 0.3125 0.7211538461538461 0.052884615384615384 0.052884615384615384
0 0.25841346153846156 0.7247596153846154 0.052884615384615384 0.052884615384615384
0 0.20793269230769232 0.7391826923076923 0.052884615384615384 0.052884615384615384
0 0.18509615384615385 0.8173076923076923 0.052884615384615384 0.052884615384615384