0 0.6802884615384616 0.5216346153846154 0.04326923076923077 0.04326923076923077
0 0.7295673076923077 0.6670673076923077 0.04326923076923077 0.04326923076923077
0 0.6694711538461539 0.6778846153846154 0.04326923076923077 0.04326923076923077
0 0.71875 0.7079326923076923 0.04326923076923077 0.04326923076923077
0 0.6502403846153846 0.75 0.04326923076923077 0.04326923076923077
0 0.71875 0.7680288461538461 0.04326923076923077 0.04326923076923077
0 0.6730769230769231 0.8581730769230769 0.04326923076923077 0.04326923076923077
0 0.6911057692307693 0.9098557692307693 0.04326923076923077 0.04326923076923077
0 0.7680288461538461 0.9230769230769231 0.04326923076923077 0.04326923076923077
0 0.7247596153846154 0.9411057692307693 0.04326923076923077 0.04326923076923077
0 0.7379807692307693 0.8305288461538461 0.04326923076923077 0.04326923076923077
0 0.40865384615384615 0.014423076923076924 0.04326923076923077 0.028846153846153848
0 0.3233173076923077 0.1045673076923077 0.04326923076923077 0.04326923076923077
0 0.31490384615384615 0.14182692307692307 0.04326923076923077 0.04326923076923077
0 0.3870192307692308 0.15144230769230768 0.04326923076923077 0.04326923076923077
0 0.3401442307692308 0.20192307692307693 0.04326923076923077 0.04326923076923077
0 0.38461538461538464 0.27524038461538464 0.04326923076923077 0.04326923076923077
0 0.33774038461538464 0.40865384615384615 0.04326923076923077 0.04326923076923077
0 0.39302884615384615 0.5048076923076923 0.04326923076923077 0.04326923076923077
0 0.35216346153846156 0.5829326923076923 0.04326923076923077 0.04326923076923077
0 0.3112980769230769 0.6634615384615384 0.04326923076923077 0.04326923076923077
0 0.30288461538461536 0.7127403846153846 0.04326923076923077 0.04326923076923077
0 0.3485576923076923 0.7512019230769231 0.04326923076923077 0.04326923076923077
0 0.34615384615384615 0.71875 0.04326923076923077 0.04326923076923077
0 0.3401442307692308 0.7848557692307693 0.04326923076923077 0.04326923076923077
0 0.28365384615384615 0.6598557692307693 0.04326923076923077 0.04326923076923077
0 0.27163461538461536 0.78125 0.04326923076923077 0.04326923076923077
0 0.28125 0.8016826923076923 0.04326923076923077 0.04326923076923077
0 0.27163461538461536 0.8894230769230769 0.04326923076923077 0.04326923076923077
0 0.19471153846153846 0.9086538461538461 0.04326923076923077 0.04326923076923077
0 0.3918269230769231 0.5480769230769231 0.04326923076923077 0.04326923076923077