0 0.1466346153846154 0.5348557692307693 0.05048076923076923 0.05048076923076923
0 0.10697115384615384 0.45072115384615385 0.05048076923076923 0.05048076923076923
0 0.20552884615384615 0.53125 0.05048076923076923 0.05048076923076923
0 0.27403846153846156 0.5240384615384616 0.05048076923076923 0.05048076923076923
0 0.2283653846153846 0.44471153846153844 0.05048076923076923 0.05048076923076923
0 0.30288461538461536 0.453125 0.05048076923076923 0.05048076923076923
0 0.32211538461538464 0.49759615384615385 0.05048076923076923 0.05048076923076923
0 0.39903846153846156 0.46153846153846156 0.05048076923076923 0.05048076923076923
0 0.4651442307692308 0.47115384615384615 0.05048076923076923 0.05048076923076923
0 0.6057692307692307 0.4651442307692308 0.05048076923076923 0.05048076923076923
0 0.5180288461538461 0.5492788461538461 0.05048076923076923 0.05048076923076923
0 0.6911057692307693 0.5132211538461539 0.05048076923076923 0.05048076923076923
0 0.7247596153846154 0.5697115384615384 0.05048076923076923 0.05048076923076923
0 0.7524038461538461 0.5564903846153846 0.05048076923076923 0.05048076923076923
0 0.8185096153846154 0.5865384615384616 0.05048076923076923 0.05048076923076923
0 0.8713942307692307 0.6286057692307693 0.05048076923076923 0.05048076923076923
0 0.84375 0.5961538461538461 0.05048076923076923 0.05048076923076923
0 0.9375 0.5 0.05048076923076923 0.05048076923076923
0 0.9375 0.5973557692307693 0.05048076923076923 0.05048076923076923
0 0.96875 0.484375 0.05048076923076923 0.05048076923076923
0 0.5492788461538461 0.4879807692307692 0.05048076923076923 0.05048076923076923
0 0.38100961538461536 0.5384615384615384 0.05048076923076923 0.05048076923076923
0 0.4254807692307692 0.5625 0.05048076923076923 0.05048076923076923
0 0.45072115384615385 0.5625 0.05048076923076923 0.05048076923076923
0 0.4182692307692308 0.6502403846153846 0.05048076923076923 0.05048076923076923
0 0.4411057692307692 0.7127403846153846 0.05048076923076923 0.05048076923076923
0 0.5096153846153846 0.6634615384615384 0.05048076923076923 0.05048076923076923
0 0.44471153846153844 0.6310096153846154 0.05048076923076923 0.05048076923076923
0 0.5336538461538461 0.8064903846153846 0.05048076923076923 0.05048076923076923
0 0.6129807692307693 0.7223557692307693 0.05048076923076923 0.05048076923076923
0 0.6502403846153846 0.7247596153846154 0.05048076923076923 0.05048076923076923
0 0.6538461538461539 0.7836538461538461 0.05048076923076923 0.05048076923076923
0 0.5384615384615384 0.6935096153846154 0.05048076923076923 0.05048076923076923
0 0.6033653846153846 0.8341346153846154 0.05048076923076923 0.05048076923076923
0 0.6382211538461539 0.9026442307692307 0.05048076923076923 0.05048076923076923
0 0.6778846153846154 0.8774038461538461 0.05048076923076923 0.05048076923076923
0 0.7055288461538461 0.90625 0.05048076923076923 0.05048076923076923
0 0.7632211538461539 0.8401442307692307 0.05048076923076923 0.05048076923076923
0 0.8365384615384616 0.9242788461538461 0.05048076923076923 0.05048076923076923
0 0.125 0.37740384615384615 0.05048076923076923 0.05048076923076923
0 0.21153846153846154 0.31850961538461536 0.05048076923076923 0.05048076923076923
0 0.2403846153846154 0.29086538461538464 0.05048076923076923 0.05048076923076923
0 0.2692307692307692 0.11899038461538461 0.05048076923076923 0.05048076923076923
0 0.27524038461538464 0.171875 0.05048076923076923 0.05048076923076923
0 0.3317307692307692 0.23798076923076922 0.05048076923076923 0.05048076923076923
0 0.36538461538461536 0.2247596153846154 0.05048076923076923 0.05048076923076923
0 0.44350961538461536 0.15985576923076922 0.05048076923076923 0.05048076923076923
0 0.48677884615384615 0.06610576923076923 0.05048076923076923 0.05048076923076923
0 0.5588942307692307 0.109375 0.05048076923076923 0.05048076923076923
0 0.625 0.11538461538461539 0.05048076923076923 0.05048076923076923
0 0.6466346153846154 0.18509615384615385 0.05048076923076923 0.05048076923076923
0 0.6682692307692307 0.1310096153846154 0.05048076923076923 0.05048076923076923
0 0.7223557692307693 0.23197115384615385 0.05048076923076923 0.05048076923076923
0 0.6911057692307693 0.2127403846153846 0.05048076923076923 0.05048076923076923
0 0.8509615384615384 0.20673076923076922 0.05048076923076923 0.05048076923076923
0 0.8245192307692307 0.13822115384615385 0.05048076923076923 0.05048076923076923
0 0.859375 0.11778846153846154 0.05048076923076923 0.05048076923076923
0 0.8870192307692307 0.11538461538461539 0.05048076923076923 0.05048076923076923
0 0.640625 0.08774038461538461 0.05048076923076923 0.05048076923076923
0 0.6682692307692307 0.06971153846153846 0.05048076923076923 0.05048076923076923
0 0.7091346153846154 0.027644230769230768 0.05048076923076923 0.05048076923076923
0 0.7463942307692307 0.018028846153846152 0.05048076923076923 0.03485576923076923