0 0.5649038461538461 0.08173076923076923 0.04326923076923077 0.04326923076923077
0 0.5240384615384616 0.17067307692307693 0.04326923076923077 0.04326923076923077
0 0.6009615384615384 0.18389423076923078 0.04326923076923077 0.04326923076923077
0 0.6274038461538461 0.3076923076923077 0.04326923076923077 0.04326923076923077
0 0.6862980769230769 0.26802884615384615 0.04326923076923077 0.04326923076923077
0 0.7199519230769231 0.3016826923076923 0.04326923076923077 0.04326923076923077
0 0.7584134615384616 0.390625 0.04326923076923077 0.04326923076923077
0 0.8052884615384616 0.4362980769230769 0.04326923076923077 0.04326923076923077
0 0.7764423076923077 0.48197115384615385 0.04326923076923077 0.04326923076923077
0 0.8822115384615384 0.5420673076923077 0.04326923076923077 0.04326923076923077
0 0.9122596153846154 0.59375 0.04326923076923077 0.04326923076923077
0 0.9086538461538461 0.6634615384615384 0.04326923076923077 0.04326923076923077
0 0.96875 0.6322115384615384 0.04326923076923077 0.04326923076923077
0 0.9038461538461539 0.6225961538461539 0.04326923076923077 0.04326923076923077
0 0.40024038461538464 0.16706730769230768 0.04326923076923077 0.04326923076923077
0 0.43028846153846156 0.31490384615384615 0.04326923076923077 0.04326923076923077
0 0.38221153846153844 0.33653846153846156 0.04326923076923077 0.04326923076923077
0 0.3245192307692308 0.31490384615384615 0.04326923076923077 0.04326923076923077
0 0.2860576923076923 0.3401442307692308 0.04326923076923077 0.04326923076923077
0 0.2620192307692308 0.39302884615384615 0.04326923076923077 0.04326923076923077
0 0.32211538461538464 0.41346153846153844 0.04326923076923077 0.04326923076923077
0 0.2920673076923077 0.46153846153846156 0.04326923076923077 0.04326923076923077
0 0.2283653846153846 0.4831730769230769 0.04326923076923077 0.04326923076923077
0 0.27403846153846156 0.5889423076923077 0.04326923076923077 0.04326923076923077
0 0.27163461538461536 0.6358173076923077 0.04326923076923077 0.04326923076923077
0 0.23317307692307693 0.703125 0.04326923076923077 0.04326923076923077
0 0.203125 0.7295673076923077 0.04326923076923077 0.04326923076923077
0 0.22115384615384615 0.875 0.04326923076923077 0.04326923076923077
0 0.21033653846153846 0.9399038461538461 0.04326923076923077 0.04326923076923077
0 0.17427884615384615 0.9122596153846154 0.04326923076923077 0.04326923076923077
0 0.16706730769230768 0.9807692307692307 0.04326923076923077 0.038461538461538464
0 0.48197115384615385 0.06490384615384616 0.04326923076923077 0.04326923076923077