0 0.8990384615384616 0.6286057692307693 0.04326923076923077 0.04326923076923077
0 0.8473557692307693 0.6935096153846154 0.04326923076923077 0.04326923076923077
0 0.9555288461538461 0.40865384615384615 0.04326923076923077 0.04326923076923077
0 0.9338942307692307 0.34134615384615385 0.04326923076923077 0.04326923076923077
0 0.8557692307692307 0.375 0.04326923076923077 0.04326923076923077
0 0.8461538461538461 0.4495192307692308 0.04326923076923077 0.04326923076923077
0 0.7403846153846154 0.43028846153846156 0.04326923076923077 0.04326923076923077
0 0.7680288461538461 0.4026442307692308 0.04326923076923077 0.04326923076923077
0 0.6622596153846154 0.5685096153846154 0.04326923076923077 0.04326923076923077
0 0.5961538461538461 0.5600961538461539 0.04326923076923077 0.04326923076923077
0 0.47596153846153844 0.5432692307692307 0.04326923076923077 0.04326923076923077
0 0.44350961538461536 0.65625 0.04326923076923077 0.04326923076923077
0 0.38100961538461536 0.6947115384615384 0.04326923076923077 0.04326923076923077
0 0.2247596153846154 0.6838942307692307 0.04326923076923077 0.04326923076923077
0 0.2536057692307692 0.6634615384615384 0.04326923076923077 0.04326923076923077
0 0.296875 0.7151442307692307 0.04326923076923077 0.04326923076923077
0 0.23197115384615385 0.75 0.04326923076923077 0.04326923076923077
0 0.14302884615384615 0.7596153846153846 0.04326923076923077 0.04326923076923077
0 0.07211538461538461 0.7475961538461539 0.04326923076923077 0.04326923076923077
0 0.37740384615384615 0.6033653846153846 0.04326923076923077 0.04326923076923077