0 0.5060096153846154 0.06370192307692307 0.052884615384615384 0.052884615384615384
0 0.5829326923076923 0.12620192307692307 0.052884615384615384 0.052884615384615384
0 0.5396634615384616 0.08413461538461539 0.052884615384615384 0.052884615384615384
0 0.4831730769230769 0.19591346153846154 0.052884615384615384 0.052884615384615384
0 0.48197115384615385 0.2512019230769231 0.052884615384615384 0.052884615384615384
0 0.5612980769230769 0.26322115384615385 0.052884615384615384 0.052884615384615384
0 0.47115384615384615 0.3605769230769231 0.052884615384615384 0.052884615384615384
0 0.6009615384615384 0.36177884615384615 0.052884615384615384 0.052884615384615384
0 0.5492788461538461 0.4074519230769231 0.052884615384615384 0.052884615384615384
0 0.5048076923076923 0.4074519230769231 0.052884615384615384 0.052884615384615384
0 0.44350961538461536 0.5757211538461539 0.052884615384615384 0.052884615384615384
0 0.5444711538461539 0.5336538461538461 0.052884615384615384 0.052884615384615384
0 0.5252403846153846 0.6538461538461539 0.052884615384615384 0.052884615384615384
0 0.5612980769230769 0.6454326923076923 0.052884615384615384 0.052884615384615384
0 0.5588942307692307 0.7007211538461539 0.052884615384615384 0.052884615384615384
0 0.43990384615384615 0.7548076923076923 0.052884615384615384 0.052884615384615384
0 0.4326923076923077 0.8004807692307693 0.052884615384615384 0.052884615384615384
0 0.38221153846153844 0.8762019230769231 0.052884615384615384 0.052884615384615384
0 0.3449519230769231 0.9230769230769231 0.052884615384615384 0.052884615384615384
0 0.5240384615384616 0.9615384615384616 0.052884615384615384 0.052884615384615384
0 0.4074519230769231 0.9423076923076923 0.052884615384615384 0.052884615384615384
0 0.49399038461538464 0.32572115384615385 0.052884615384615384 0.052884615384615384
0 0.5192307692307693 0.3016826923076923 0.052884615384615384 0.052884615384615384
0 0.47596153846153844 0.7836538461538461 0.052884615384615384 0.052884615384615384