0 0.19471153846153846 0.22596153846153846 0.04326923076923077 0.04326923076923077
0 0.21394230769230768 0.36538461538461536 0.04326923076923077 0.04326923076923077
0 0.20072115384615385 0.3233173076923077 0.04326923076923077 0.04326923076923077
0 0.16947115384615385 0.3605769230769231 0.04326923076923077 0.04326923076923077
0 0.1622596153846154 0.43990384615384615 0.04326923076923077 0.04326923076923077
0 0.054086538461538464 0.49278846153846156 0.04326923076923077 0.04326923076923077
0 0.055288461538461536 0.4519230769230769 0.04326923076923077 0.04326923076923077
0 0.3161057692307692 0.21514423076923078 0.04326923076923077 0.04326923076923077
0 0.4567307692307692 0.3125 0.04326923076923077 0.04326923076923077
0 0.5733173076923077 0.296875 0.04326923076923077 0.04326923076923077
0 0.5048076923076923 0.45072115384615385 0.04326923076923077 0.04326923076923077
0 0.5588942307692307 0.4735576923076923 0.04326923076923077 0.04326923076923077
0 0.5661057692307693 0.5060096153846154 0.04326923076923077 0.04326923076923077
0 0.671875 0.6274038461538461 0.04326923076923077 0.04326923076923077
0 0.7007211538461539 0.6538461538461539 0.04326923076923077 0.04326923076923077
0 0.6286057692307693 0.5408653846153846 0.04326923076923077 0.04326923076923077
0 0.6274038461538461 0.46274038461538464 0.04326923076923077 0.04326923076923077
0 0.7740384615384616 0.6658653846153846 0.04326923076923077 0.04326923076923077
0 0.7848557692307693 0.8257211538461539 0.04326923076923077 0.04326923076923077
0 0.8040865384615384 0.8605769230769231 0.04326923076923077 0.04326923076923077
0 0.9050480769230769 0.8413461538461539 0.04326923076923077 0.04326923076923077
0 0.9447115384615384 0.8653846153846154 0.04326923076923077 0.04326923076923077
0 0.9495192307692307 0.8016826923076923 0.04326923076923077 0.04326923076923077
0 0.7848557692307693 0.7151442307692307 0.04326923076923077 0.04326923076923077
0 0.8209134615384616 0.7367788461538461 0.04326923076923077 0.04326923076923077
0 0.39663461538461536 0.3641826923076923 0.04326923076923077 0.04326923076923077
0 0.3713942307692308 0.36538461538461536 0.04326923076923077 0.04326923076923077
0 0.3449519230769231 0.3894230769230769 0.04326923076923077 0.04326923076923077
0 0.31009615384615385 0.38341346153846156 0.04326923076923077 0.04326923076923077
0 0.43149038461538464 0.40865384615384615 0.04326923076923077 0.04326923076923077
0 0.4230769230769231 0.44591346153846156 0.04326923076923077 0.04326923076923077
0 0.3557692307692308 0.48677884615384615 0.04326923076923077 0.04326923076923077
0 0.3870192307692308 0.5240384615384616 0.04326923076923077 0.04326923076923077
0 0.34134615384615385 0.5961538461538461 0.04326923076923077 0.04326923076923077
0 0.2776442307692308 0.6298076923076923 0.04326923076923077 0.04326923076923077
0 0.25721153846153844 0.5745192307692307 0.04326923076923077 0.04326923076923077
0 0.26802884615384615 0.6923076923076923 0.04326923076923077 0.04326923076923077
0 0.3317307692307692 0.6766826923076923 0.04326923076923077 0.04326923076923077
0 0.2439903846153846 0.7211538461538461 0.04326923076923077 0.04326923076923077
0 0.31490384615384615 0.7331730769230769 0.04326923076923077 0.04326923076923077
0 0.3329326923076923 0.7908653846153846 0.04326923076923077 0.04326923076923077
0 0.3425480769230769 0.8617788461538461 0.04326923076923077 0.04326923076923077
0 0.37259615384615385 0.8725961538461539 0.04326923076923077 0.04326923076923077
0 0.29927884615384615 0.8677884615384616 0.04326923076923077 0.04326923076923077
0 0.36778846153846156 0.9290865384615384 0.04326923076923077 0.04326923076923077
0 0.3473557692307692 0.640625 0.04326923076923077 0.04326923076923077