0 0.6382211538461539 0.9483173076923077 0.04326923076923077 0.04326923076923077
0 0.6069711538461539 0.6754807692307693 0.04326923076923077 0.04326923076923077
0 0.6923076923076923 0.6009615384615384 0.04326923076923077 0.04326923076923077
0 0.7427884615384616 0.6538461538461539 0.04326923076923077 0.04326923076923077
0 0.9362980769230769 0.609375 0.04326923076923077 0.04326923076923077
0 0.8173076923076923 0.5360576923076923 0.04326923076923077 0.04326923076923077
0 0.7788461538461539 0.3858173076923077 0.04326923076923077 0.04326923076923077
0 0.6947115384615384 0.7487980769230769 0.04326923076923077 0.04326923076923077
0 0.5612980769230769 0.9134615384615384 0.04326923076923077 0.04326923076923077
0 0.5132211538461539 0.9471153846153846 0.04326923076923077 0.04326923076923077
0 0.5072115384615384 0.9170673076923077 0.04326923076923077 0.04326923076923077
0 0.5492788461538461 0.8725961538461539 0.04326923076923077 0.04326923076923077
0 0.46153846153846156 0.8930288461538461 0.04326923076923077 0.04326923076923077
0 0.46153846153846156 0.8629807692307693 0.04326923076923077 0.04326923076923077
0 0.4483173076923077 0.7920673076923077 0.04326923076923077 0.04326923076923077
0 0.41947115384615385 0.7475961538461539 0.04326923076923077 0.04326923076923077
0 0.41947115384615385 0.6430288461538461 0.04326923076923077 0.04326923076923077
0 0.47596153846153844 0.6442307692307693 0.04326923076923077 0.04326923076923077
0 0.4375 0.5300480769230769 0.04326923076923077 0.04326923076923077
0 0.41586538461538464 0.5036057692307693 0.04326923076923077 0.04326923076923077
0 0.4423076923076923 0.49038461538461536 0.04326923076923077 0.04326923076923077
0 0.3389423076923077 0.5120192307692307 0.04326923076923077 0.04326923076923077
0 0.359375 0.4362980769230769 0.04326923076923077 0.04326923076923077
0 0.3918269230769231 0.45072115384615385 0.04326923076923077 0.04326923076923077
0 0.28846153846153844 0.4375 0.04326923076923077 0.04326923076923077
0 0.27163461538461536 0.38100961538461536 0.04326923076923077 0.04326923076923077
0 0.14903846153846154 0.21754807692307693 0.04326923076923077 0.04326923076923077
0 0.19110576923076922 0.17067307692307693 0.04326923076923077 0.04326923076923077
0 0.17427884615384615 0.15625 0.04326923076923077 0.04326923076923077
0 0.12139423076923077 0.042067307692307696 0.04326923076923077 0.04326923076923077
0 0.06850961538461539 0.12259615384615384 0.04326923076923077 0.04326923076923077