0 0.9242788461538461 0.6802884615384616 0.04326923076923077 0.04326923076923077
0 0.9050480769230769 0.6490384615384616 0.04326923076923077 0.04326923076923077
0 0.9278846153846154 0.6105769230769231 0.04326923076923077 0.04326923076923077
0 0.8353365384615384 0.5072115384615384 0.04326923076923077 0.04326923076923077
0 0.8786057692307693 0.5012019230769231 0.04326923076923077 0.04326923076923077
0 0.8257211538461539 0.4050480769230769 0.04326923076923077 0.04326923076923077
0 0.7259615384615384 0.3954326923076923 0.04326923076923077 0.04326923076923077
0 0.7848557692307693 0.375 0.04326923076923077 0.04326923076923077
0 0.8016826923076923 0.3401442307692308 0.04326923076923077 0.04326923076923077
0 0.7788461538461539 0.3088942307692308 0.04326923076923077 0.04326923076923077
0 0.71875 0.27884615384615385 0.04326923076923077 0.04326923076923077
0 0.7175480769230769 0.23677884615384615 0.04326923076923077 0.04326923076923077
0 0.6598557692307693 0.203125 0.04326923076923077 0.04326923076923077
0 0.7079326923076923 0.21153846153846154 0.04326923076923077 0.04326923076923077
0 0.6850961538461539 0.13701923076923078 0.04326923076923077 0.04326923076923077
0 0.6430288461538461 0.1310096153846154 0.04326923076923077 0.04326923076923077
0 0.7115384615384616 0.1658653846153846 0.04326923076923077 0.04326923076923077
0 0.6947115384615384 0.09735576923076923 0.04326923076923077 0.04326923076923077
0 0.7115384615384616 0.3076923076923077 0.04326923076923077 0.04326923076923077
0 0.9507211538461539 0.7487980769230769 0.04326923076923077 0.04326923076923077
0 0.9086538461538461 0.7920673076923077 0.04326923076923077 0.04326923076923077
0 0.8461538461538461 0.7572115384615384 0.04326923076923077 0.04326923076923077
0 0.8028846153846154 0.7259615384615384 0.04326923076923077 0.04326923076923077
0 0.8221153846153846 0.7908653846153846 0.04326923076923077 0.04326923076923077
0 0.8100961538461539 0.8389423076923077 0.04326923076923077 0.04326923076923077
0 0.7836538461538461 0.8076923076923077 0.04326923076923077 0.04326923076923077
0 0.7668269230769231 0.8425480769230769 0.04326923076923077 0.04326923076923077
0 0.7524038461538461 0.7896634615384616 0.04326923076923077 0.04326923076923077
0 0.7475961538461539 0.7524038461538461 0.04326923076923077 0.04326923076923077
0 0.7572115384615384 0.8701923076923077 0.04326923076923077 0.04326923076923077
0 0.6754807692307693 0.7668269230769231 0.04326923076923077 0.04326923076923077
0 0.6502403846153846 0.8100961538461539 0.04326923076923077 0.04326923076923077
0 0.6165865384615384 0.7776442307692307 0.04326923076923077 0.04326923076923077
0 0.5829326923076923 0.8185096153846154 0.04326923076923077 0.04326923076923077
0 0.47596153846153844 0.8365384615384616 0.04326923076923077 0.04326923076923077
0 0.4411057692307692 0.8497596153846154 0.04326923076923077 0.04326923076923077
0 0.39302884615384615 0.8461538461538461 0.04326923076923077 0.04326923076923077
0 0.30288461538461536 0.7944711538461539 0.04326923076923077 0.04326923076923077
0 0.3004807692307692 0.8569711538461539 0.04326923076923077 0.04326923076923077
0 0.34615384615384615 0.8677884615384616 0.04326923076923077 0.04326923076923077
0 0.3485576923076923 0.8257211538461539 0.04326923076923077 0.04326923076923077
0 0.24759615384615385 0.8389423076923077 0.04326923076923077 0.04326923076923077
0 0.21754807692307693 0.8557692307692307 0.04326923076923077 0.04326923076923077
0 0.22956730769230768 0.8137019230769231 0.04326923076923077 0.04326923076923077
0 0.1971153846153846 0.8209134615384616 0.04326923076923077 0.04326923076923077
0 0.20552884615384615 0.7884615384615384 0.04326923076923077 0.04326923076923077
0 0.2824519230769231 0.8882211538461539 0.04326923076923077 0.04326923076923077
0 0.24759615384615385 0.9014423076923077 0.04326923076923077 0.04326923076923077
0 0.14302884615384615 0.9002403846153846 0.04326923076923077 0.04326923076923077
0 0.13822115384615385 0.9290865384615384 0.04326923076923077 0.04326923076923077
0 0.15144230769230768 0.8533653846153846 0.04326923076923077 0.04326923076923077
0 0.0625 0.8930288461538461 0.04326923076923077 0.04326923076923077
0 0.042067307692307696 0.9375 0.04326923076923077 0.04326923076923077
0 0.5925480769230769 0.7163461538461539 0.04326923076923077 0.04326923076923077
0 0.5480769230769231 0.7632211538461539 0.04326923076923077 0.04326923076923077
0 0.5396634615384616 0.7872596153846154 0.04326923076923077 0.04326923076923077
0 0.49399038461538464 0.7475961538461539 0.04326923076923077 0.04326923076923077
0 0.4639423076923077 0.7391826923076923 0.04326923076923077 0.04326923076923077
0 0.49759615384615385 0.6923076923076923 0.04326923076923077 0.04326923076923077
0 0.546875 0.7247596153846154 0.04326923076923077 0.04326923076923077
0 0.4182692307692308 0.7007211538461539 0.04326923076923077 0.04326923076923077
0 0.46634615384615385 0.6454326923076923 0.04326923076923077 0.04326923076923077
0 0.4579326923076923 0.6129807692307693 0.04326923076923077 0.04326923076923077
0 0.40384615384615385 0.6201923076923077 0.04326923076923077 0.04326923076923077
0 0.39663461538461536 0.5841346153846154 0.04326923076923077 0.04326923076923077
0 0.3713942307692308 0.5817307692307693 0.04326923076923077 0.04326923076923077
0 0.33774038461538464 0.6177884615384616 0.04326923076923077 0.04326923076923077
0 0.359375 0.6274038461538461 0.04326923076923077 0.04326923076923077
0 0.3233173076923077 0.6490384615384616 0.04326923076923077 0.04326923076923077
0 0.3125 0.6225961538461539 0.04326923076923077 0.04326923076923077
0 0.24759615384615385 0.6322115384615384 0.04326923076923077 0.04326923076923077
0 0.16346153846153846 0.5600961538461539 0.04326923076923077 0.04326923076923077
0 0.11177884615384616 0.5444711538461539 0.04326923076923077 0.04326923076923077
0 0.09615384615384616 0.5997596153846154 0.04326923076923077 0.04326923076923077
0 0.28125 0.5480769230769231 0.04326923076923077 0.04326923076923077
0 0.30528846153846156 0.5456730769230769 0.04326923076923077 0.04326923076923077
0 0.03245192307692308 0.546875 0.04326923076923077 0.04326923076923077
0 0.44350961538461536 0.6778846153846154 0.04326923076923077 0.04326923076923077