0 0.9627403846153846 0.3954326923076923 0.04326923076923077 0.04326923076923077
0 0.9735576923076923 0.3605769230769231 0.04326923076923077 0.04326923076923077
0 0.9170673076923077 0.4387019230769231 0.04326923076923077 0.04326923076923077
0 0.9194711538461539 0.27884615384615385 0.04326923076923077 0.04326923076923077
0 0.8701923076923077 0.2247596153846154 0.04326923076923077 0.04326923076923077
0 0.8521634615384616 0.16466346153846154 0.04326923076923077 0.04326923076923077
0 0.8822115384615384 0.09615384615384616 0.04326923076923077 0.04326923076923077
0 0.8894230769230769 0.12980769230769232 0.04326923076923077 0.04326923076923077
0 0.9014423076923077 0.15865384615384615 0.04326923076923077 0.04326923076923077
0 0.921875 0.1778846153846154 0.04326923076923077 0.04326923076923077
0 0.96875 0.1346153846153846 0.04326923076923077 0.04326923076923077
0 0.9615384615384616 0.07211538461538461 0.04326923076923077 0.04326923076923077
0 0.7163461538461539 0.057692307692307696 0.04326923076923077 0.04326923076923077
0 0.7379807692307693 0.43149038461538464 0.04326923076923077 0.04326923076923077
0 0.7259615384615384 0.5240384615384616 0.04326923076923077 0.04326923076923077
0 0.7524038461538461 0.6225961538461539 0.04326923076923077 0.04326923076923077
0 0.5889423076923077 0.5480769230769231 0.04326923076923077 0.04326923076923077
0 0.6117788461538461 0.5372596153846154 0.04326923076923077 0.04326923076923077
0 0.6334134615384616 0.5228365384615384 0.04326923076923077 0.04326923076923077
0 0.6430288461538461 0.5649038461538461 0.04326923076923077 0.04326923076923077
0 0.5877403846153846 0.6225961538461539 0.04326923076923077 0.04326923076923077
0 0.7199519230769231 0.5733173076923077 0.04326923076923077 0.04326923076923077
0 0.6610576923076923 0.6490384615384616 0.04326923076923077 0.04326923076923077
0 0.6322115384615384 0.6742788461538461 0.04326923076923077 0.04326923076923077
0 0.6129807692307693 0.7067307692307693 0.04326923076923077 0.04326923076923077
0 0.5564903846153846 0.6610576923076923 0.04326923076923077 0.04326923076923077
0 0.5072115384615384 0.6262019230769231 0.04326923076923077 0.04326923076923077
0 0.5168269230769231 0.7007211538461539 0.04326923076923077 0.04326923076923077
0 0.47115384615384615 0.6694711538461539 0.04326923076923077 0.04326923076923077
0 0.3449519230769231 0.734375 0.04326923076923077 0.04326923076923077
0 0.36778846153846156 0.7139423076923077 0.04326923076923077 0.04326923076923077
0 0.39783653846153844 0.7259615384615384 0.04326923076923077 0.04326923076923077
0 0.3137019230769231 0.71875 0.04326923076923077 0.04326923076923077
0 0.2800480769230769 0.7019230769230769 0.04326923076923077 0.04326923076923077
0 0.30408653846153844 0.6586538461538461 0.04326923076923077 0.04326923076923077
0 0.24879807692307693 0.6430288461538461 0.04326923076923077 0.04326923076923077
0 0.27403846153846156 0.6262019230769231 0.04326923076923077 0.04326923076923077
0 0.22115384615384615 0.7235576923076923 0.04326923076923077 0.04326923076923077
0 0.24519230769230768 0.7043269230769231 0.04326923076923077 0.04326923076923077
0 0.22115384615384615 0.6670673076923077 0.04326923076923077 0.04326923076923077
0 0.18269230769230768 0.6850961538461539 0.04326923076923077 0.04326923076923077
0 0.18269230769230768 0.6021634615384616 0.04326923076923077 0.04326923076923077
0 0.12740384615384615 0.6802884615384616 0.04326923076923077 0.04326923076923077
0 0.12620192307692307 0.6129807692307693 0.04326923076923077 0.04326923076923077
0 0.08052884615384616 0.6322115384615384 0.04326923076923077 0.04326923076923077
0 0.02403846153846154 0.6538461538461539 0.04326923076923077 0.04326923076923077
0 0.04447115384615385 0.5913461538461539 0.04326923076923077 0.04326923076923077
0 0.8882211538461539 0.5108173076923077 0.04326923076923077 0.04326923076923077