0 0.8557692307692307 0.9411057692307693 0.05048076923076923 0.05048076923076923
0 0.7596153846153846 0.9435096153846154 0.05048076923076923 0.05048076923076923
0 0.6682692307692307 0.9302884615384616 0.05048076923076923 0.05048076923076923
0 0.6850961538461539 0.7872596153846154 0.05048076923076923 0.05048076923076923
0 0.5564903846153846 0.8028846153846154 0.05048076923076923 0.05048076923076923
0 0.5901442307692307 0.6947115384615384 0.05048076923076923 0.05048076923076923
0 0.5552884615384616 0.6177884615384616 0.05048076923076923 0.05048076923076923
0 0.48677884615384615 0.6286057692307693 0.05048076923076923 0.05048076923076923
0 0.38461538461538464 0.4254807692307692 0.05048076923076923 0.05048076923076923
0 0.5036057692307693 0.4651442307692308 0.05048076923076923 0.05048076923076923
0 0.3713942307692308 0.375 0.05048076923076923 0.05048076923076923
0 0.40625 0.328125 0.05048076923076923 0.05048076923076923
0 0.3473557692307692 0.3125 0.05048076923076923 0.05048076923076923
0 0.4098557692307692 0.24278846153846154 0.05048076923076923 0.05048076923076923
0 0.31009615384615385 0.20673076923076922 0.05048076923076923 0.05048076923076923
0 0.38100961538461536 0.16826923076923078 0.05048076923076923 0.05048076923076923
0 0.41225961538461536 0.1971153846153846 0.05048076923076923 0.05048076923076923
0 0.34975961538461536 0.14903846153846154 0.05048076923076923 0.05048076923076923
0 0.3125 0.11778846153846154 0.05048076923076923 0.05048076923076923
0 0.26802884615384615 0.15384615384615385 0.05048076923076923 0.05048076923076923