0 0.04447115384615385 0.6826923076923077 0.052884615384615384 0.052884615384615384
0 0.10336538461538461 0.6382211538461539 0.052884615384615384 0.052884615384615384
0 0.09495192307692307 0.5649038461538461 0.052884615384615384 0.052884615384615384
0 0.14182692307692307 0.546875 0.052884615384615384 0.052884615384615384
0 0.25240384615384615 0.5108173076923077 0.052884615384615384 0.052884615384615384
0 0.3137019230769231 0.5024038461538461 0.052884615384615384 0.052884615384615384
0 0.38221153846153844 0.48677884615384615 0.052884615384615384 0.052884615384615384
0 0.4026442307692308 0.4495192307692308 0.052884615384615384 0.052884615384615384
0 0.5516826923076923 0.5336538461538461 0.052884615384615384 0.052884615384615384
0 0.671875 0.4879807692307692 0.052884615384615384 0.052884615384615384
0 0.7175480769230769 0.3858173076923077 0.052884615384615384 0.052884615384615384
0 0.6995192307692307 0.42908653846153844 0.052884615384615384 0.052884615384615384
0 0.8798076923076923 0.43509615384615385 0.052884615384615384 0.052884615384615384
0 0.9086538461538461 0.42427884615384615 0.052884615384615384 0.052884615384615384
0 0.9050480769230769 0.33774038461538464 0.052884615384615384 0.052884615384615384
0 0.7632211538461539 0.41466346153846156 0.052884615384615384 0.052884615384615384
0 0.7055288461538461 0.47716346153846156 0.052884615384615384 0.052884615384615384
0 0.5336538461538461 0.41586538461538464 0.052884615384615384 0.052884615384615384
0 0.41947115384615385 0.5925480769230769 0.052884615384615384 0.052884615384615384
0 0.33413461538461536 0.4699519230769231 0.052884615384615384 0.052884615384615384