0 0.8401442307692307 0.08052884615384616 0.052884615384615384 0.052884615384615384
0 0.7151442307692307 0.15985576923076922 0.052884615384615384 0.052884615384615384
0 0.6526442307692307 0.24759615384615385 0.052884615384615384 0.052884615384615384
0 0.6334134615384616 0.2692307692307692 0.052884615384615384 0.052884615384615384
0 0.7259615384615384 0.26322115384615385 0.052884615384615384 0.052884615384615384
0 0.7115384615384616 0.3137019230769231 0.052884615384615384 0.052884615384615384
0 0.5528846153846154 0.46033653846153844 0.052884615384615384 0.052884615384615384
0 0.49759615384615385 0.34615384615384615 0.052884615384615384 0.052884615384615384
0 0.36778846153846156 0.5108173076923077 0.052884615384615384 0.052884615384615384
0 0.37740384615384615 0.5757211538461539 0.052884615384615384 0.052884615384615384
0 0.37740384615384615 0.6081730769230769 0.052884615384615384 0.052884615384615384
0 0.36177884615384615 0.6286057692307693 0.052884615384615384 0.052884615384615384
0 0.234375 0.6995192307692307 0.052884615384615384 0.052884615384615384
0 0.2127403846153846 0.7115384615384616 0.052884615384615384 0.052884615384615384
0 0.12379807692307693 0.6598557692307693 0.052884615384615384 0.052884615384615384
0 0.09014423076923077 0.7007211538461539 0.052884615384615384 0.052884615384615384
0 0.1778846153846154 0.6682692307692307 0.052884615384615384 0.052884615384615384
0 0.44591346153846156 0.5600961538461539 0.052884615384615384 0.052884615384615384