0 0.078125 0.8966346153846154 0.04326923076923077 0.04326923076923077
0 0.14302884615384615 0.875 0.04326923076923077 0.04326923076923077
0 0.18509615384615385 0.8689903846153846 0.04326923076923077 0.04326923076923077
0 0.2247596153846154 0.7740384615384616 0.04326923076923077 0.04326923076923077
0 0.31009615384615385 0.7151442307692307 0.04326923076923077 0.04326923076923077
0 0.3004807692307692 0.7992788461538461 0.04326923076923077 0.04326923076923077
0 0.39663461538461536 0.6586538461538461 0.04326923076923077 0.04326923076923077
0 0.40625 0.5600961538461539 0.04326923076923077 0.04326923076923077
0 0.4963942307692308 0.5276442307692307 0.04326923076923077 0.04326923076923077
0 0.5192307692307693 0.5 0.04326923076923077 0.04326923076923077
0 0.5997596153846154 0.42427884615384615 0.04326923076923077 0.04326923076923077
0 0.6370192307692307 0.4567307692307692 0.04326923076923077 0.04326923076923077
0 0.671875 0.47836538461538464 0.04326923076923077 0.04326923076923077
0 0.6682692307692307 0.40024038461538464 0.04326923076923077 0.04326923076923077
0 0.7163461538461539 0.36177884615384615 0.04326923076923077 0.04326923076923077
0 0.8401442307692307 0.31850961538461536 0.04326923076923077 0.04326923076923077
0 0.8365384615384616 0.21153846153846154 0.04326923076923077 0.04326923076923077
0 0.8401442307692307 0.16826923076923078 0.04326923076923077 0.04326923076923077
0 0.8786057692307693 0.16346153846153846 0.04326923076923077 0.04326923076923077
0 0.9399038461538461 0.2091346153846154 0.04326923076923077 0.04326923076923077
0 0.9375 0.09375 0.04326923076923077 0.04326923076923077
0 0.7716346153846154 0.34975961538461536 0.04326923076923077 0.04326923076923077