0 0.7367788461538461 0.8365384615384616 0.09735576923076923 0.09735576923076923
0 0.7403846153846154 0.7872596153846154 0.09735576923076923 0.09735576923076923
0 0.71875 0.7115384615384616 0.09735576923076923 0.09735576923076923
0 0.8028846153846154 0.6814903846153846 0.09735576923076923 0.09735576923076923
0 0.8149038461538461 0.6430288461538461 0.09735576923076923 0.09735576923076923
0 0.7367788461538461 0.5913461538461539 0.09735576923076923 0.09735576923076923
0 0.7788461538461539 0.5805288461538461 0.09735576923076923 0.09735576923076923
0 0.8305288461538461 0.5528846153846154 0.09735576923076923 0.09735576923076923
0 0.6802884615384616 0.7752403846153846 0.09735576923076923 0.09735576923076923
0 0.7055288461538461 0.7475961538461539 0.09735576923076923 0.09735576923076923
0 0.7007211538461539 0.8004807692307693 0.09735576923076923 0.09735576923076923
0 0.8257211538461539 0.4807692307692308 0.09735576923076923 0.09735576923076923
0 0.8257211538461539 0.39302884615384615 0.09735576923076923 0.09735576923076923
0 0.8870192307692307 0.34375 0.09735576923076923 0.09735576923076923
0 0.8305288461538461 0.30649038461538464 0.09735576923076923 0.09735576923076923
0 0.8028846153846154 0.265625 0.09735576923076923 0.09735576923076923
0 0.890625 0.29927884615384615 0.09735576923076923 0.09735576923076923
0 0.6935096153846154 0.40384615384615385 0.09735576923076923 0.09735576923076923
0 0.7163461538461539 0.3317307692307692 0.09735576923076923 0.09735576923076923
0 0.6802884615384616 0.30528846153846156 0.09735576923076923 0.09735576923076923
0 0.609375 0.33413461538461536 0.09735576923076923 0.09735576923076923
0 0.5817307692307693 0.27403846153846156 0.09735576923076923 0.09735576923076923
0 0.5348557692307693 0.21153846153846154 0.09735576923076923 0.09735576923076923
0 0.5276442307692307 0.08653846153846154 0.09735576923076923 0.09735576923076923
0 0.5721153846153846 0.03125 0.09735576923076923 0.0625
0 0.5973557692307693 0.04326923076923077 0.09735576923076923 0.08653846153846154
0 0.6009615384615384 0.12860576923076922 0.09735576923076923 0.09735576923076923
0 0.7439903846153846 0.48197115384615385 0.09735576923076923 0.09735576923076923
0 0.6189903846153846 0.9471153846153846 0.09735576923076923 0.09735576923076923
0 0.6490384615384616 0.859375 0.09735576923076923 0.09735576923076923
0 0.5588942307692307 0.8822115384615384 0.09735576923076923 0.09735576923076923
0 0.5192307692307693 0.796875 0.09735576923076923 0.09735576923076923
0 0.4651442307692308 0.7259615384615384 0.09735576923076923 0.09735576923076923
0 0.5528846153846154 0.6742788461538461 0.09735576923076923 0.09735576923076923
0 0.5240384615384616 0.6598557692307693 0.09735576923076923 0.09735576923076923
0 0.4963942307692308 0.5877403846153846 0.09735576923076923 0.09735576923076923
0 0.46634615384615385 0.6009615384615384 0.09735576923076923 0.09735576923076923
0 0.45552884615384615 0.6310096153846154 0.09735576923076923 0.09735576923076923
0 0.41947115384615385 0.609375 0.09735576923076923 0.09735576923076923
0 0.4567307692307692 0.5492788461538461 0.09735576923076923 0.09735576923076923
0 0.41225961538461536 0.5060096153846154 0.09735576923076923 0.09735576923076923
0 0.36177884615384615 0.5276442307692307 0.09735576923076923 0.09735576923076923
0 0.34615384615384615 0.4723557692307692 0.09735576923076923 0.09735576923076923
0 0.3161057692307692 0.43028846153846156 0.09735576923076923 0.09735576923076923
0 0.22596153846153846 0.46875 0.09735576923076923 0.09735576923076923
0 0.13701923076923078 0.40625 0.09735576923076923 0.09735576923076923
0 0.09735576923076923 0.39663461538461536 0.09735576923076923 0.09735576923076923