0 0.8617788461538461 0.06490384615384616 0.08653846153846154 0.08653846153846154
0 0.8317307692307693 0.09014423076923077 0.08653846153846154 0.08653846153846154
0 0.8533653846153846 0.11899038461538461 0.08653846153846154 0.08653846153846154
0 0.8677884615384616 0.03365384615384615 0.08653846153846154 0.06610576923076923
0 0.7560096153846154 0.10697115384615384 0.08653846153846154 0.08653846153846154
0 0.7944711538461539 0.13701923076923078 0.08653846153846154 0.08653846153846154
0 0.7848557692307693 0.1875 0.08653846153846154 0.08653846153846154
0 0.7259615384615384 0.14302884615384615 0.08653846153846154 0.08653846153846154
0 0.703125 0.21634615384615385 0.08653846153846154 0.08653846153846154
0 0.7091346153846154 0.27524038461538464 0.08653846153846154 0.08653846153846154
0 0.5757211538461539 0.25240384615384615 0.08653846153846154 0.08653846153846154
0 0.5120192307692307 0.27403846153846156 0.08653846153846154 0.08653846153846154
0 0.44711538461538464 0.31490384615384615 0.08653846153846154 0.08653846153846154
0 0.49278846153846156 0.33774038461538464 0.08653846153846154 0.08653846153846154
0 0.3629807692307692 0.3786057692307692 0.08653846153846154 0.08653846153846154
0 0.34375 0.42427884615384615 0.08653846153846154 0.08653846153846154
0 0.4411057692307692 0.43509615384615385 0.08653846153846154 0.08653846153846154
0 0.46153846153846156 0.39663461538461536 0.08653846153846154 0.08653846153846154
0 0.36778846153846156 0.5024038461538461 0.08653846153846154 0.08653846153846154
0 0.375 0.5805288461538461 0.08653846153846154 0.08653846153846154
0 0.4254807692307692 0.5697115384615384 0.08653846153846154 0.08653846153846154
0 0.39302884615384615 0.6286057692307693 0.08653846153846154 0.08653846153846154
0 0.44350961538461536 0.640625 0.08653846153846154 0.08653846153846154
0 0.45552884615384615 0.6995192307692307 0.08653846153846154 0.08653846153846154
0 0.4098557692307692 0.6802884615384616 0.08653846153846154 0.08653846153846154
0 0.390625 0.8088942307692307 0.08653846153846154 0.08653846153846154
0 0.43509615384615385 0.7620192307692307 0.08653846153846154 0.08653846153846154
0 0.4254807692307692 0.8689903846153846 0.08653846153846154 0.08653846153846154
0 0.3557692307692308 0.8317307692307693 0.08653846153846154 0.08653846153846154
0 0.35096153846153844 0.8870192307692307 0.08653846153846154 0.08653846153846154
0 0.35336538461538464 0.9399038461538461 0.08653846153846154 0.08653846153846154
0 0.5721153846153846 0.3004807692307692 0.08653846153846154 0.08653846153846154