0 0.6225961538461539 0.9326923076923077 0.04326923076923077 0.04326923076923077
0 0.5913461538461539 0.6658653846153846 0.04326923076923077 0.04326923076923077
0 0.6766826923076923 0.5913461538461539 0.04326923076923077 0.04326923076923077
0 0.7259615384615384 0.6430288461538461 0.04326923076923077 0.04326923076923077
0 0.9206730769230769 0.5997596153846154 0.04326923076923077 0.04326923076923077
0 0.8016826923076923 0.5264423076923077 0.04326923076923077 0.04326923076923077
0 0.7632211538461539 0.3762019230769231 0.04326923076923077 0.04326923076923077
0 0.6802884615384616 0.7391826923076923 0.04326923076923077 0.04326923076923077
0 0.5456730769230769 0.9002403846153846 0.04326923076923077 0.04326923076923077
0 0.49759615384615385 0.9350961538461539 0.04326923076923077 0.04326923076923077
0 0.49278846153846156 0.9074519230769231 0.04326923076923077 0.04326923076923077
0 0.5336538461538461 0.8617788461538461 0.04326923076923077 0.04326923076923077
0 0.44471153846153844 0.8834134615384616 0.04326923076923077 0.04326923076923077
0 0.44591346153846156 0.8509615384615384 0.04326923076923077 0.04326923076923077
0 0.4326923076923077 0.7824519230769231 0.04326923076923077 0.04326923076923077
0 0.40384615384615385 0.7355769230769231 0.04326923076923077 0.04326923076923077
0 0.40384615384615385 0.6322115384615384 0.04326923076923077 0.04326923076923077
0 0.46033653846153844 0.6322115384615384 0.04326923076923077 0.04326923076923077
0 0.421875 0.5204326923076923 0.04326923076923077 0.04326923076923077
0 0.40024038461538464 0.49399038461538464 0.04326923076923077 0.04326923076923077
0 0.4266826923076923 0.4807692307692308 0.04326923076923077 0.04326923076923077
0 0.3233173076923077 0.5024038461538461 0.04326923076923077 0.04326923076923077
0 0.34375 0.4266826923076923 0.04326923076923077 0.04326923076923077
0 0.3762019230769231 0.43990384615384615 0.04326923076923077 0.04326923076923077
0 0.27403846153846156 0.42788461538461536 0.04326923076923077 0.04326923076923077
0 0.25600961538461536 0.3713942307692308 0.04326923076923077 0.04326923076923077
0 0.13221153846153846 0.20793269230769232 0.04326923076923077 0.04326923076923077
0 0.17548076923076922 0.16105769230769232 0.04326923076923077 0.04326923076923077
0 0.15865384615384615 0.1466346153846154 0.04326923076923077 0.04326923076923077
0 0.10576923076923077 0.03245192307692308 0.04326923076923077 0.04326923076923077
0 0.052884615384615384 0.11298076923076923 0.04326923076923077 0.04326923076923077