0 0.0625 0.8966346153846154 0.04326923076923077 0.04326923076923077
0 0.12740384615384615 0.875 0.04326923076923077 0.04326923076923077
0 0.16947115384615385 0.8689903846153846 0.04326923076923077 0.04326923076923077
0 0.2091346153846154 0.7740384615384616 0.04326923076923077 0.04326923076923077
0 0.29447115384615385 0.7151442307692307 0.04326923076923077 0.04326923076923077
0 0.2848557692307692 0.7992788461538461 0.04326923076923077 0.04326923076923077
0 0.38100961538461536 0.6586538461538461 0.04326923076923077 0.04326923076923077
0 0.3870192307692308 0.5649038461538461 0.04326923076923077 0.04326923076923077
0 0.4807692307692308 0.5276442307692307 0.04326923076923077 0.04326923076923077
0 0.5036057692307693 0.5 0.04326923076923077 0.04326923076923077
0 0.5841346153846154 0.42427884615384615 0.04326923076923077 0.04326923076923077
0 0.6213942307692307 0.4567307692307692 0.04326923076923077 0.04326923076923077
0 0.6598557692307693 0.48197115384615385 0.04326923076923077 0.04326923076923077
0 0.6526442307692307 0.40024038461538464 0.04326923076923077 0.04326923076923077
0 0.7007211538461539 0.36177884615384615 0.04326923076923077 0.04326923076923077
0 0.8245192307692307 0.31850961538461536 0.04326923076923077 0.04326923076923077
0 0.8197115384615384 0.21153846153846154 0.04326923076923077 0.04326923076923077
0 0.8245192307692307 0.16826923076923078 0.04326923076923077 0.04326923076923077
0 0.8629807692307693 0.16346153846153846 0.04326923076923077 0.04326923076923077
0 0.9242788461538461 0.2091346153846154 0.04326923076923077 0.04326923076923077
0 0.921875 0.09375 0.04326923076923077 0.04326923076923077
0 0.7560096153846154 0.34975961538461536 0.04326923076923077 0.04326923076923077