0 0.10336538461538461 0.5649038461538461 0.046875 0.046875
0 0.13701923076923078 0.5036057692307693 0.046875 0.046875
0 0.17548076923076922 0.53125 0.046875 0.046875
0 0.27163461538461536 0.5276442307692307 0.046875 0.046875
0 0.3317307692307692 0.5757211538461539 0.046875 0.046875
0 0.2620192307692308 0.5625 0.046875 0.046875
0 0.33774038461538464 0.5348557692307693 0.046875 0.046875
0 0.40384615384615385 0.49038461538461536 0.046875 0.046875
0 0.4411057692307692 0.5252403846153846 0.046875 0.046875
0 0.40024038461538464 0.5877403846153846 0.046875 0.046875
0 0.5240384615384616 0.640625 0.046875 0.046875
0 0.5492788461538461 0.6117788461538461 0.046875 0.046875
0 0.5625 0.5552884615384616 0.046875 0.046875
0 0.6802884615384616 0.5865384615384616 0.046875 0.046875
0 0.6899038461538461 0.6370192307692307 0.046875 0.046875
0 0.7211538461538461 0.5600961538461539 0.046875 0.046875
0 0.8305288461538461 0.6322115384615384 0.046875 0.046875
0 0.8882211538461539 0.5528846153846154 0.046875 0.046875
0 0.8822115384615384 0.609375 0.046875 0.046875
0 0.9627403846153846 0.578125 0.046875 0.046875
0 0.09615384615384616 0.484375 0.046875 0.046875
0 0.8497596153846154 0.53125 0.046875 0.046875
0 0.24278846153846154 0.5432692307692307 0.046875 0.046875