0 0.9447115384615384 0.4879807692307692 0.05048076923076923 0.05048076923076923
0 0.6850961538461539 0.6009615384615384 0.05048076923076923 0.05048076923076923
0 0.39903846153846156 0.5216346153846154 0.05048076923076923 0.05048076923076923
0 0.3629807692307692 0.6935096153846154 0.05048076923076923 0.05048076923076923
0 0.25 0.7163461538461539 0.05048076923076923 0.05048076923076923
0 0.08774038461538461 0.7091346153846154 0.05048076923076923 0.05048076923076923
0 0.18509615384615385 0.8497596153846154 0.05048076923076923 0.05048076923076923
0 0.5060096153846154 0.4411057692307692 0.05048076923076923 0.05048076923076923
0 0.5697115384615384 0.38221153846153844 0.05048076923076923 0.05048076923076923
0 0.3245192307692308 0.27163461538461536 0.05048076923076923 0.05048076923076923
0 0.34615384615384615 0.11899038461538461 0.05048076923076923 0.05048076923076923
0 0.29447115384615385 0.1814903846153846 0.05048076923076923 0.05048076923076923
0 0.12860576923076922 0.05048076923076923 0.05048076923076923 0.05048076923076923