0 0.5877403846153846 0.2127403846153846 0.04927884615384615 0.04927884615384615
0 0.5276442307692307 0.22115384615384615 0.04927884615384615 0.04927884615384615
0 0.5360576923076923 0.18509615384615385 0.04927884615384615 0.04927884615384615
0 0.5084134615384616 0.15264423076923078 0.04927884615384615 0.04927884615384615
0 0.47115384615384615 0.24278846153846154 0.04927884615384615 0.04927884615384615
0 0.34615384615384615 0.11778846153846154 0.04927884615384615 0.04927884615384615
0 0.32091346153846156 0.10096153846153846 0.04927884615384615 0.04927884615384615
0 0.2860576923076923 0.08653846153846154 0.04927884615384615 0.04927884615384615
0 0.22716346153846154 0.13701923076923078 0.04927884615384615 0.04927884615384615
0 0.22596153846153846 0.08413461538461539 0.04927884615384615 0.04927884615384615
0 0.12379807692307693 0.11899038461538461 0.04927884615384615 0.04927884615384615
0 0.11177884615384616 0.055288461538461536 0.04927884615384615 0.04927884615384615
0 0.35336538461538464 0.1971153846153846 0.04927884615384615 0.04927884615384615
0 0.37740384615384615 0.22115384615384615 0.04927884615384615 0.04927884615384615
0 0.4723557692307692 0.14423076923076922 0.04927884615384615 0.04927884615384615
0 0.6730769230769231 0.21634615384615385 0.04927884615384615 0.04927884615384615
0 0.6490384615384616 0.2608173076923077 0.04927884615384615 0.04927884615384615
0 0.6430288461538461 0.30288461538461536 0.04927884615384615 0.04927884615384615
0 0.5697115384615384 0.27884615384615385 0.04927884615384615 0.04927884615384615
0 0.5480769230769231 0.28846153846153844 0.04927884615384615 0.04927884615384615
0 0.5564903846153846 0.3245192307692308 0.04927884615384615 0.04927884615384615
0 0.5444711538461539 0.41947115384615385 0.04927884615384615 0.04927884615384615
0 0.3786057692307692 0.46153846153846156 0.04927884615384615 0.04927884615384615
0 0.265625 0.5276442307692307 0.04927884615384615 0.04927884615384615
0 0.43509615384615385 0.5192307692307693 0.04927884615384615 0.04927884615384615
0 0.5180288461538461 0.33774038461538464 0.04927884615384615 0.04927884615384615
0 0.6382211538461539 0.3485576923076923 0.04927884615384615 0.04927884615384615
0 0.6225961538461539 0.3870192307692308 0.04927884615384615 0.04927884615384615
0 0.6129807692307693 0.43028846153846156 0.04927884615384615 0.04927884615384615
0 0.5973557692307693 0.49278846153846156 0.04927884615384615 0.04927884615384615
0 0.49278846153846156 0.5697115384615384 0.04927884615384615 0.04927884615384615
0 0.5853365384615384 0.5492788461538461 0.04927884615384615 0.04927884615384615
0 0.5324519230769231 0.5300480769230769 0.04927884615384615 0.04927884615384615
0 0.5588942307692307 0.6057692307692307 0.04927884615384615 0.04927884615384615
0 0.5384615384615384 0.6947115384615384 0.04927884615384615 0.04927884615384615
0 0.5072115384615384 0.7007211538461539 0.04927884615384615 0.04927884615384615
0 0.47475961538461536 0.71875 0.04927884615384615 0.04927884615384615
0 0.47596153846153844 0.7668269230769231 0.04927884615384615 0.04927884615384615
0 0.3786057692307692 0.8197115384615384 0.04927884615384615 0.04927884615384615
0 0.35216346153846156 0.8713942307692307 0.04927884615384615 0.04927884615384615
0 0.4170673076923077 0.8798076923076923 0.04927884615384615 0.04927884615384615
0 0.4098557692307692 0.9639423076923077 0.04927884615384615 0.04927884615384615