0 0.21875 0.15865384615384615 0.05048076923076923 0.05048076923076923
0 0.31971153846153844 0.16947115384615385 0.05048076923076923 0.05048076923076923
0 0.2247596153846154 0.27403846153846156 0.05048076923076923 0.05048076923076923
0 0.29927884615384615 0.31490384615384615 0.05048076923076923 0.05048076923076923
0 0.38100961538461536 0.26802884615384615 0.05048076923076923 0.05048076923076923
0 0.41586538461538464 0.25600961538461536 0.05048076923076923 0.05048076923076923
0 0.3473557692307692 0.38461538461538464 0.05048076923076923 0.05048076923076923
0 0.359375 0.40865384615384615 0.05048076923076923 0.05048076923076923
0 0.38822115384615385 0.453125 0.05048076923076923 0.05048076923076923
0 0.42427884615384615 0.35096153846153844 0.05048076923076923 0.05048076923076923
0 0.46153846153846156 0.33774038461538464 0.05048076923076923 0.05048076923076923
0 0.44711538461538464 0.5180288461538461 0.05048076923076923 0.05048076923076923
0 0.49038461538461536 0.5336538461538461 0.05048076923076923 0.05048076923076923
0 0.5240384615384616 0.47596153846153844 0.05048076923076923 0.05048076923076923
0 0.5913461538461539 0.5685096153846154 0.05048076923076923 0.05048076923076923
0 0.6189903846153846 0.7247596153846154 0.05048076923076923 0.05048076923076923
0 0.6694711538461539 0.7836538461538461 0.05048076923076923 0.05048076923076923
0 0.6430288461538461 0.8100961538461539 0.05048076923076923 0.05048076923076923
0 0.8197115384615384 0.8305288461538461 0.05048076923076923 0.05048076923076923
0 0.7776442307692307 0.7908653846153846 0.05048076923076923 0.05048076923076923
0 0.8377403846153846 0.9375 0.05048076923076923 0.05048076923076923