0 0.6850961538461539 0.90625 0.052884615384615384 0.052884615384615384
0 0.6478365384615384 0.8677884615384616 0.052884615384615384 0.052884615384615384
0 0.6081730769230769 0.8954326923076923 0.052884615384615384 0.052884615384615384
0 0.5552884615384616 0.9603365384615384 0.052884615384615384 0.052884615384615384
0 0.7524038461538461 0.5961538461538461 0.052884615384615384 0.052884615384615384
0 0.6310096153846154 0.6862980769230769 0.052884615384615384 0.052884615384615384
0 0.6298076923076923 0.6081730769230769 0.052884615384615384 0.052884615384615384
0 0.6298076923076923 0.5673076923076923 0.052884615384615384 0.052884615384615384
0 0.5649038461538461 0.5889423076923077 0.052884615384615384 0.052884615384615384
0 0.4855769230769231 0.5360576923076923 0.052884615384615384 0.052884615384615384
0 0.5552884615384616 0.47716346153846156 0.052884615384615384 0.052884615384615384
0 0.4362980769230769 0.4639423076923077 0.052884615384615384 0.052884615384615384
0 0.44591346153846156 0.31009615384615385 0.052884615384615384 0.052884615384615384
0 0.38822115384615385 0.4230769230769231 0.052884615384615384 0.052884615384615384
0 0.33052884615384615 0.37259615384615385 0.052884615384615384 0.052884615384615384
0 0.33052884615384615 0.28365384615384615 0.052884615384615384 0.052884615384615384
0 0.2704326923076923 0.36177884615384615 0.052884615384615384 0.052884615384615384
0 0.28846153846153844 0.2668269230769231 0.052884615384615384 0.052884615384615384
0 0.25 0.28966346153846156 0.052884615384615384 0.052884615384615384
0 0.15865384615384615 0.27884615384615385 0.052884615384615384 0.052884615384615384
0 0.17668269230769232 0.2247596153846154 0.052884615384615384 0.052884615384615384
0 0.13581730769230768 0.21033653846153846 0.052884615384615384 0.052884615384615384
0 0.05889423076923077 0.20432692307692307 0.052884615384615384 0.052884615384615384
0 0.7355769230769231 0.3389423076923077 0.052884615384615384 0.052884615384615384
0 0.7367788461538461 0.28966346153846156 0.052884615384615384 0.052884615384615384
0 0.7680288461538461 0.27163461538461536 0.052884615384615384 0.052884615384615384
0 0.6778846153846154 0.27403846153846156 0.052884615384615384 0.052884615384615384
0 0.6947115384615384 0.22355769230769232 0.052884615384615384 0.052884615384615384
0 0.6430288461538461 0.36778846153846156 0.052884615384615384 0.052884615384615384
0 0.6021634615384616 0.30649038461538464 0.052884615384615384 0.052884615384615384
0 0.5576923076923077 0.22596153846153846 0.052884615384615384 0.052884615384615384
0 0.6298076923076923 0.234375 0.052884615384615384 0.052884615384615384
0 0.6574519230769231 0.21754807692307693 0.052884615384615384 0.052884615384615384
0 0.48677884615384615 0.1466346153846154 0.052884615384615384 0.052884615384615384
0 0.5240384615384616 0.028846153846153848 0.052884615384615384 0.052884615384615384