0 0.7536057692307693 0.9314903846153846 0.05048076923076923 0.05048076923076923
0 0.6850961538461539 0.890625 0.05048076923076923 0.05048076923076923
0 0.7007211538461539 0.8064903846153846 0.05048076923076923 0.05048076923076923
0 0.6117788461538461 0.7572115384615384 0.05048076923076923 0.05048076923076923
0 0.5180288461538461 0.7872596153846154 0.05048076923076923 0.05048076923076923
0 0.5252403846153846 0.6802884615384616 0.05048076923076923 0.05048076923076923
0 0.38221153846153844 0.6033653846153846 0.05048076923076923 0.05048076923076923
0 0.3317307692307692 0.40384615384615385 0.05048076923076923 0.05048076923076923
0 0.09375 0.25 0.05048076923076923 0.05048076923076923
0 0.109375 0.15865384615384615 0.05048076923076923 0.05048076923076923
0 0.5913461538461539 0.7307692307692307 0.05048076923076923 0.05048076923076923