0 0.7391826923076923 0.7632211538461539 0.052884615384615384 0.052884615384615384
0 0.7007211538461539 0.6586538461538461 0.052884615384615384 0.052884615384615384
0 0.6177884615384616 0.640625 0.052884615384615384 0.052884615384615384
0 0.5444711538461539 0.6177884615384616 0.052884615384615384 0.052884615384615384
0 0.5132211538461539 0.6923076923076923 0.052884615384615384 0.052884615384615384
0 0.5180288461538461 0.7223557692307693 0.052884615384615384 0.052884615384615384
0 0.4651442307692308 0.6802884615384616 0.052884615384615384 0.052884615384615384
0 0.46153846153846156 0.5757211538461539 0.052884615384615384 0.052884615384615384
0 0.36778846153846156 0.6550480769230769 0.052884615384615384 0.052884615384615384
0 0.24158653846153846 0.6045673076923077 0.052884615384615384 0.052884615384615384
0 0.2824519230769231 0.546875 0.052884615384615384 0.052884615384615384
0 0.2247596153846154 0.5216346153846154 0.052884615384615384 0.052884615384615384
0 0.18870192307692307 0.5444711538461539 0.052884615384615384 0.052884615384615384
0 0.7163461538461539 0.6153846153846154 0.052884615384615384 0.052884615384615384
0 0.7055288461538461 0.5949519230769231 0.052884615384615384 0.052884615384615384
0 0.8257211538461539 0.6286057692307693 0.052884615384615384 0.052884615384615384
0 0.6766826923076923 0.5036057692307693 0.052884615384615384 0.052884615384615384
0 0.7415865384615384 0.4723557692307692 0.052884615384615384 0.052884615384615384
0 0.7379807692307693 0.4230769230769231 0.052884615384615384 0.052884615384615384
0 0.671875 0.4326923076923077 0.052884615384615384 0.052884615384615384
0 0.6622596153846154 0.3173076923076923 0.052884615384615384 0.052884615384615384
0 0.6742788461538461 0.2536057692307692 0.052884615384615384 0.052884615384615384
0 0.6802884615384616 0.140625 0.052884615384615384 0.052884615384615384
0 0.7163461538461539 0.1346153846153846 0.052884615384615384 0.052884615384615384