0 0.9302884615384616 0.7367788461538461 0.052884615384615384 0.052884615384615384
0 0.8088942307692307 0.6658653846153846 0.052884615384615384 0.052884615384615384
0 0.8966346153846154 0.6021634615384616 0.052884615384615384 0.052884615384615384
0 0.6009615384615384 0.44711538461538464 0.052884615384615384 0.052884615384615384
0 0.5252403846153846 0.3858173076923077 0.052884615384615384 0.052884615384615384
0 0.4723557692307692 0.3581730769230769 0.052884615384615384 0.052884615384615384
0 0.43149038461538464 0.3161057692307692 0.052884615384615384 0.052884615384615384
0 0.43509615384615385 0.10697115384615384 0.052884615384615384 0.052884615384615384
0 0.43990384615384615 0.055288461538461536 0.052884615384615384 0.052884615384615384
0 0.3545673076923077 0.3389423076923077 0.052884615384615384 0.052884615384615384
0 0.3485576923076923 0.16947115384615385 0.052884615384615384 0.052884615384615384
0 0.5709134615384616 0.33653846153846156 0.052884615384615384 0.052884615384615384
0 0.6201923076923077 0.38221153846153844 0.052884615384615384 0.052884615384615384
0 0.7992788461538461 0.7824519230769231 0.052884615384615384 0.052884615384615384
0 0.7391826923076923 0.71875 0.052884615384615384 0.052884615384615384
0 0.6334134615384616 0.7295673076923077 0.052884615384615384 0.052884615384615384
0 0.6490384615384616 0.8257211538461539 0.052884615384615384 0.052884615384615384
0 0.3605769230769231 0.7319711538461539 0.052884615384615384 0.052884615384615384
0 0.35096153846153844 0.6430288461538461 0.052884615384615384 0.052884615384615384
0 0.2980769230769231 0.6466346153846154 0.052884615384615384 0.052884615384615384
0 0.24759615384615385 0.6610576923076923 0.052884615384615384 0.052884615384615384
0 0.2247596153846154 0.7391826923076923 0.052884615384615384 0.052884615384615384