0 0.09975961538461539 0.8221153846153846 0.046875 0.046875
0 0.1778846153846154 0.7932692307692307 0.046875 0.046875
0 0.40024038461538464 0.7091346153846154 0.046875 0.046875
0 0.39302884615384615 0.5649038461538461 0.046875 0.046875
0 0.4254807692307692 0.6177884615384616 0.046875 0.046875
0 0.46274038461538464 0.6225961538461539 0.046875 0.046875
0 0.41947115384615385 0.5192307692307693 0.046875 0.046875
0 0.4375 0.4651442307692308 0.046875 0.046875
0 0.5336538461538461 0.3786057692307692 0.046875 0.046875
0 0.5973557692307693 0.4254807692307692 0.046875 0.046875
0 0.5961538461538461 0.4651442307692308 0.046875 0.046875
0 0.7055288461538461 0.19110576923076922 0.046875 0.046875
0 0.9086538461538461 0.20072115384615385 0.046875 0.046875
0 0.9338942307692307 0.14302884615384615 0.046875 0.046875