0 0.6322115384615384 0.7572115384615384 0.052884615384615384 0.052884615384615384
0 0.6947115384615384 0.7572115384615384 0.052884615384615384 0.052884615384615384
0 0.6454326923076923 0.6298076923076923 0.052884615384615384 0.052884615384615384
0 0.6538461538461539 0.44471153846153844 0.052884615384615384 0.052884615384615384
0 0.5588942307692307 0.4423076923076923 0.052884615384615384 0.052884615384615384
0 0.5612980769230769 0.3401442307692308 0.052884615384615384 0.052884615384615384
0 0.6081730769230769 0.3389423076923077 0.052884615384615384 0.052884615384615384
0 0.6454326923076923 0.22956730769230768 0.052884615384615384 0.052884615384615384
0 0.5805288461538461 0.15745192307692307 0.052884615384615384 0.052884615384615384
0 0.6802884615384616 0.11177884615384616 0.052884615384615384 0.052884615384615384
0 0.5697115384615384 0.7620192307692307 0.052884615384615384 0.052884615384615384
0 0.5048076923076923 0.7836538461538461 0.052884615384615384 0.052884615384615384
0 0.45552884615384615 0.7247596153846154 0.052884615384615384 0.052884615384615384
0 0.5072115384615384 0.6057692307692307 0.052884615384615384 0.052884615384615384
0 0.41947115384615385 0.6538461538461539 0.052884615384615384 0.052884615384615384
0 0.4050480769230769 0.5889423076923077 0.052884615384615384 0.052884615384615384
0 0.35697115384615385 0.42427884615384615 0.052884615384615384 0.052884615384615384
0 0.40024038461538464 0.36778846153846156 0.052884615384615384 0.052884615384615384
0 0.3798076923076923 0.33052884615384615 0.052884615384615384 0.052884615384615384
0 0.2704326923076923 0.296875 0.052884615384615384 0.052884615384615384
0 0.3485576923076923 0.24879807692307693 0.052884615384615384 0.052884615384615384
0 0.24759615384615385 0.21634615384615385 0.052884615384615384 0.052884615384615384
0 0.23557692307692307 0.15985576923076922 0.052884615384615384 0.052884615384615384
0 0.3076923076923077 0.16706730769230768 0.052884615384615384 0.052884615384615384
0 0.27884615384615385 0.04927884615384615 0.052884615384615384 0.052884615384615384
0 0.2620192307692308 0.12259615384615384 0.052884615384615384 0.052884615384615384
0 0.4795673076923077 0.6923076923076923 0.052884615384615384 0.052884615384615384
0 0.28125 0.33533653846153844 0.052884615384615384 0.052884615384615384
0 0.29927884615384615 0.3701923076923077 0.052884615384615384 0.052884615384615384