0 0.29927884615384615 0.019230769230769232 0.04326923076923077 0.038461538461538464
0 0.28966346153846156 0.06490384615384616 0.04326923076923077 0.04326923076923077
0 0.3293269230769231 0.056490384615384616 0.04326923076923077 0.04326923076923077
0 0.44350961538461536 0.17668269230769232 0.04326923076923077 0.04326923076923077
0 0.484375 0.19230769230769232 0.04326923076923077 0.04326923076923077
0 0.5132211538461539 0.24759615384615385 0.04326923076923077 0.04326923076923077
0 0.5336538461538461 0.27884615384615385 0.04326923076923077 0.04326923076923077
0 0.4831730769230769 0.3173076923076923 0.04326923076923077 0.04326923076923077
0 0.5769230769230769 0.33413461538461536 0.04326923076923077 0.04326923076923077
0 0.5913461538461539 0.4098557692307692 0.04326923076923077 0.04326923076923077
0 0.5673076923076923 0.4230769230769231 0.04326923076923077 0.04326923076923077
0 0.6334134615384616 0.45072115384615385 0.04326923076923077 0.04326923076923077
0 0.5913461538461539 0.5012019230769231 0.04326923076923077 0.04326923076923077
0 0.6995192307692307 0.5192307692307693 0.04326923076923077 0.04326923076923077
0 0.6262019230769231 0.5757211538461539 0.04326923076923077 0.04326923076923077
0 0.6959134615384616 0.5757211538461539 0.04326923076923077 0.04326923076923077
0 0.65625 0.6286057692307693 0.04326923076923077 0.04326923076923077
0 0.6538461538461539 0.7175480769230769 0.04326923076923077 0.04326923076923077
0 0.671875 0.7776442307692307 0.04326923076923077 0.04326923076923077
0 0.7019230769230769 0.7379807692307693 0.04326923076923077 0.04326923076923077
0 0.7572115384615384 0.7584134615384616 0.04326923076923077 0.04326923076923077
0 0.71875 0.8569711538461539 0.04326923076923077 0.04326923076923077
0 0.7415865384615384 0.8341346153846154 0.04326923076923077 0.04326923076923077
0 0.8269230769230769 0.7980769230769231 0.04326923076923077 0.04326923076923077
0 0.7944711538461539 0.8846153846153846 0.04326923076923077 0.04326923076923077
0 0.8161057692307693 0.8966346153846154 0.04326923076923077 0.04326923076923077
0 0.8557692307692307 0.8954326923076923 0.04326923076923077 0.04326923076923077
0 0.7896634615384616 0.9387019230769231 0.04326923076923077 0.04326923076923077
0 0.9002403846153846 0.9302884615384616 0.04326923076923077 0.04326923076923077
0 0.8954326923076923 0.9663461538461539 0.04326923076923077 0.04326923076923077
0 0.8677884615384616 0.9507211538461539 0.04326923076923077 0.04326923076923077
0 0.8221153846153846 0.8401442307692307 0.04326923076923077 0.04326923076923077
0 0.11177884615384616 0.09134615384615384 0.04326923076923077 0.04326923076923077
0 0.1622596153846154 0.12740384615384615 0.04326923076923077 0.04326923076923077
0 0.15144230769230768 0.17427884615384615 0.04326923076923077 0.04326923076923077
0 0.09375 0.23076923076923078 0.04326923076923077 0.04326923076923077
0 0.15144230769230768 0.32211538461538464 0.04326923076923077 0.04326923076923077
0 0.1622596153846154 0.34615384615384615 0.04326923076923077 0.04326923076923077
0 0.17307692307692307 0.43028846153846156 0.04326923076923077 0.04326923076923077
0 0.07692307692307693 0.44350961538461536 0.04326923076923077 0.04326923076923077
0 0.16947115384615385 0.47115384615384615 0.04326923076923077 0.04326923076923077
0 0.19230769230769232 0.4831730769230769 0.04326923076923077 0.04326923076923077
0 0.1875 0.5180288461538461 0.04326923076923077 0.04326923076923077
0 0.31490384615384615 0.5973557692307693 0.04326923076923077 0.04326923076923077
0 0.27884615384615385 0.6634615384615384 0.04326923076923077 0.04326923076923077
0 0.3125 0.6899038461538461 0.04326923076923077 0.04326923076923077
0 0.4387019230769231 0.6802884615384616 0.04326923076923077 0.04326923076923077
0 0.49759615384615385 0.7560096153846154 0.04326923076923077 0.04326923076923077
0 0.5492788461538461 0.7860576923076923 0.04326923076923077 0.04326923076923077
0 0.3918269230769231 0.7584134615384616 0.04326923076923077 0.04326923076923077
0 0.3858173076923077 0.7115384615384616 0.04326923076923077 0.04326923076923077
0 0.26802884615384615 0.6117788461538461 0.04326923076923077 0.04326923076923077
0 0.23557692307692307 0.6009615384615384 0.04326923076923077 0.04326923076923077
0 0.08413461538461539 0.5709134615384616 0.04326923076923077 0.04326923076923077
0 0.11778846153846154 0.59375 0.04326923076923077 0.04326923076923077
0 0.5324519230769231 0.9290865384615384 0.04326923076923077 0.04326923076923077
0 0.5865384615384616 0.9507211538461539 0.04326923076923077 0.04326923076923077
0 0.2932692307692308 0.5564903846153846 0.04326923076923077 0.04326923076923077
0 0.8269230769230769 0.04567307692307692 0.04326923076923077 0.04326923076923077
0 0.8413461538461539 0.13701923076923078 0.04326923076923077 0.04326923076923077
0 0.7980769230769231 0.18028846153846154 0.04326923076923077 0.04326923076923077
0 0.7824519230769231 0.16706730769230768 0.04326923076923077 0.04326923076923077
0 0.78125 0.13822115384615385 0.04326923076923077 0.04326923076923077
0 0.7572115384615384 0.12139423076923077 0.04326923076923077 0.04326923076923077
0 0.7956730769230769 0.0829326923076923 0.04326923076923077 0.04326923076923077
0 0.7019230769230769 0.29086538461538464 0.04326923076923077 0.04326923076923077
0 0.7536057692307693 0.25 0.04326923076923077 0.04326923076923077
0 0.8100961538461539 0.3076923076923077 0.04326923076923077 0.04326923076923077
0 0.7836538461538461 0.30528846153846156 0.04326923076923077 0.04326923076923077
0 0.9711538461538461 0.9350961538461539 0.04326923076923077 0.04326923076923077
0 0.9615384615384616 0.8100961538461539 0.04326923076923077 0.04326923076923077
0 0.9819711538461539 0.8569711538461539 0.03485576923076923 0.04326923076923077
0 0.9507211538461539 0.8545673076923077 0.04326923076923077 0.04326923076923077
0 0.9699519230769231 0.7295673076923077 0.04326923076923077 0.04326923076923077
0 0.9543269230769231 0.7475961538461539 0.04326923076923077 0.04326923076923077
0 0.9134615384615384 0.7572115384615384 0.04326923076923077 0.04326923076923077
0 0.8858173076923077 0.7379807692307693 0.04326923076923077 0.04326923076923077
0 0.9399038461538461 0.6730769230769231 0.04326923076923077 0.04326923076923077
0 0.7932692307692307 0.5360576923076923 0.04326923076923077 0.04326923076923077
0 0.8461538461538461 0.5072115384615384 0.04326923076923077 0.04326923076923077
0 0.84375 0.42908653846153844 0.04326923076923077 0.04326923076923077
0 0.7632211538461539 0.4951923076923077 0.04326923076923077 0.04326923076923077
0 0.8173076923076923 0.36899038461538464 0.04326923076923077 0.04326923076923077
0 0.9350961538461539 0.056490384615384616 0.04326923076923077 0.04326923076923077
0 0.8641826923076923 0.12139423076923077 0.04326923076923077 0.04326923076923077