0 0.07572115384615384 0.1814903846153846 0.052884615384615384 0.052884615384615384
0 0.13221153846153846 0.20072115384615385 0.052884615384615384 0.052884615384615384
0 0.15745192307692307 0.265625 0.052884615384615384 0.052884615384615384
0 0.1310096153846154 0.29927884615384615 0.052884615384615384 0.052884615384615384
0 0.038461538461538464 0.23798076923076922 0.052884615384615384 0.052884615384615384
0 0.09134615384615384 0.28966346153846156 0.052884615384615384 0.052884615384615384
0 0.1971153846153846 0.4266826923076923 0.052884615384615384 0.052884615384615384
0 0.20552884615384615 0.49158653846153844 0.052884615384615384 0.052884615384615384
0 0.36778846153846156 0.5853365384615384 0.052884615384615384 0.052884615384615384
0 0.33052884615384615 0.6778846153846154 0.052884615384615384 0.052884615384615384
0 0.3004807692307692 0.14182692307692307 0.052884615384615384 0.052884615384615384
0 0.27163461538461536 0.14182692307692307 0.052884615384615384 0.052884615384615384
0 0.21634615384615385 0.16706730769230768 0.052884615384615384 0.052884615384615384
0 0.21394230769230768 0.052884615384615384 0.052884615384615384 0.052884615384615384
0 0.3004807692307692 0.26802884615384615 0.052884615384615384 0.052884615384615384
0 0.3389423076923077 0.29086538461538464 0.052884615384615384 0.052884615384615384
0 0.35697115384615385 0.3088942307692308 0.052884615384615384 0.052884615384615384
0 0.38221153846153844 0.2536057692307692 0.052884615384615384 0.052884615384615384
0 0.41947115384615385 0.2536057692307692 0.052884615384615384 0.052884615384615384
0 0.4014423076923077 0.33653846153846156 0.052884615384615384 0.052884615384615384
0 0.4651442307692308 0.4326923076923077 0.052884615384615384 0.052884615384615384
0 0.5504807692307693 0.3858173076923077 0.052884615384615384 0.052884615384615384
0 0.5853365384615384 0.390625 0.052884615384615384 0.052884615384615384
0 0.5120192307692307 0.4567307692307692 0.052884615384615384 0.052884615384615384
0 0.5913461538461539 0.4987980769230769 0.052884615384615384 0.052884615384615384
0 0.6887019230769231 0.6682692307692307 0.052884615384615384 0.052884615384615384
0 0.8641826923076923 0.7151442307692307 0.052884615384615384 0.052884615384615384
0 0.8846153846153846 0.7644230769230769 0.052884615384615384 0.052884615384615384
0 0.8317307692307693 0.8569711538461539 0.052884615384615384 0.052884615384615384
0 0.8677884615384616 0.9242788461538461 0.052884615384615384 0.052884615384615384