0 0.19951923076923078 0.1658653846153846 0.05048076923076923 0.05048076923076923
0 0.3004807692307692 0.1778846153846154 0.05048076923076923 0.05048076923076923
0 0.20552884615384615 0.28125 0.05048076923076923 0.05048076923076923
0 0.27884615384615385 0.32211538461538464 0.05048076923076923 0.05048076923076923
0 0.36177884615384615 0.27524038461538464 0.05048076923076923 0.05048076923076923
0 0.39663461538461536 0.26322115384615385 0.05048076923076923 0.05048076923076923
0 0.328125 0.39302884615384615 0.05048076923076923 0.05048076923076923
0 0.3401442307692308 0.41586538461538464 0.05048076923076923 0.05048076923076923
0 0.36899038461538464 0.46153846153846156 0.05048076923076923 0.05048076923076923
0 0.40384615384615385 0.359375 0.05048076923076923 0.05048076923076923
0 0.4411057692307692 0.34615384615384615 0.05048076923076923 0.05048076923076923
0 0.42788461538461536 0.5252403846153846 0.05048076923076923 0.05048076923076923
0 0.47115384615384615 0.5408653846153846 0.05048076923076923 0.05048076923076923
0 0.5036057692307693 0.484375 0.05048076923076923 0.05048076923076923
0 0.5721153846153846 0.5757211538461539 0.05048076923076923 0.05048076923076923
0 0.5997596153846154 0.7319711538461539 0.05048076923076923 0.05048076923076923
0 0.6502403846153846 0.7908653846153846 0.05048076923076923 0.05048076923076923
0 0.6225961538461539 0.8185096153846154 0.05048076923076923 0.05048076923076923
0 0.8004807692307693 0.8377403846153846 0.05048076923076923 0.05048076923076923
0 0.7572115384615384 0.7992788461538461 0.05048076923076923 0.05048076923076923
0 0.8185096153846154 0.9447115384615384 0.05048076923076923 0.05048076923076923