0 0.12740384615384615 0.37259615384615385 0.04326923076923077 0.04326923076923077
0 0.15384615384615385 0.4110576923076923 0.04326923076923077 0.04326923076923077
0 0.18509615384615385 0.4026442307692308 0.04326923076923077 0.04326923076923077
0 0.14182692307692307 0.46153846153846156 0.04326923076923077 0.04326923076923077
0 0.20552884615384615 0.39903846153846156 0.04326923076923077 0.04326923076923077
0 0.2247596153846154 0.3954326923076923 0.04326923076923077 0.04326923076923077
0 0.25721153846153844 0.37259615384615385 0.04326923076923077 0.04326923076923077
0 0.2860576923076923 0.3954326923076923 0.04326923076923077 0.04326923076923077
0 0.34134615384615385 0.3401442307692308 0.04326923076923077 0.04326923076923077
0 0.18990384615384615 0.5072115384615384 0.04326923076923077 0.04326923076923077
0 0.49278846153846156 0.4567307692307692 0.04326923076923077 0.04326923076923077
0 0.45072115384615385 0.453125 0.04326923076923077 0.04326923076923077
0 0.5432692307692307 0.5288461538461539 0.04326923076923077 0.04326923076923077
0 0.6081730769230769 0.5444711538461539 0.04326923076923077 0.04326923076923077
0 0.6538461538461539 0.5504807692307693 0.04326923076923077 0.04326923076923077
0 0.7127403846153846 0.5480769230769231 0.04326923076923077 0.04326923076923077
0 0.703125 0.5072115384615384 0.04326923076923077 0.04326923076923077
0 0.7115384615384616 0.4543269230769231 0.04326923076923077 0.04326923076923077
0 0.6826923076923077 0.46274038461538464 0.04326923076923077 0.04326923076923077
0 0.9098557692307693 0.49158653846153844 0.04326923076923077 0.04326923076923077
0 0.9795673076923077 0.5048076923076923 0.040865384615384616 0.04326923076923077
0 0.9302884615384616 0.6213942307692307 0.04326923076923077 0.04326923076923077
0 0.8774038461538461 0.5973557692307693 0.04326923076923077 0.04326923076923077
0 0.8966346153846154 0.5673076923076923 0.04326923076923077 0.04326923076923077
0 0.9399038461538461 0.5961538461538461 0.04326923076923077 0.04326923076923077
0 0.9567307692307693 0.6201923076923077 0.04326923076923077 0.04326923076923077
0 0.6201923076923077 0.5036057692307693 0.04326923076923077 0.04326923076923077
0 0.09134615384615384 0.42788461538461536 0.04326923076923077 0.04326923076923077