0 0.2668269230769231 0.8257211538461539 0.052884615384615384 0.052884615384615384
0 0.33653846153846156 0.671875 0.052884615384615384 0.052884615384615384
0 0.3125 0.6514423076923077 0.052884615384615384 0.052884615384615384
0 0.31490384615384615 0.6117788461538461 0.052884615384615384 0.052884615384615384
0 0.203125 0.6262019230769231 0.052884615384615384 0.052884615384615384
0 0.17067307692307693 0.5576923076923077 0.052884615384615384 0.052884615384615384
0 0.20072115384615385 0.4014423076923077 0.052884615384615384 0.052884615384615384
0 0.14783653846153846 0.35096153846153844 0.052884615384615384 0.052884615384615384
0 0.12139423076923077 0.15865384615384615 0.052884615384615384 0.052884615384615384
0 0.22235576923076922 0.49038461538461536 0.052884615384615384 0.052884615384615384
0 0.3894230769230769 0.7944711538461539 0.052884615384615384 0.052884615384615384
0 0.5372596153846154 0.7127403846153846 0.052884615384615384 0.052884615384615384
0 0.5264423076923077 0.6778846153846154 0.052884615384615384 0.052884615384615384
0 0.5721153846153846 0.5528846153846154 0.052884615384615384 0.052884615384615384
0 0.4987980769230769 0.5576923076923077 0.052884615384615384 0.052884615384615384
0 0.5 0.4699519230769231 0.052884615384615384 0.052884615384615384
0 0.49759615384615385 0.4423076923076923 0.052884615384615384 0.052884615384615384
0 0.5769230769230769 0.3737980769230769 0.052884615384615384 0.052884615384615384
0 0.65625 0.25 0.052884615384615384 0.052884615384615384
0 0.7524038461538461 0.28365384615384615 0.052884615384615384 0.052884615384615384
0 0.7451923076923077 0.13581730769230768 0.052884615384615384 0.052884615384615384
0 0.875 0.19831730769230768 0.052884615384615384 0.052884615384615384
0 0.8461538461538461 0.12860576923076922 0.052884615384615384 0.052884615384615384
0 0.48677884615384615 0.7728365384615384 0.052884615384615384 0.052884615384615384
0 0.4338942307692308 0.6622596153846154 0.052884615384615384 0.052884615384615384