0 0.12860576923076922 0.9759615384615384 0.05048076923076923 0.046875
0 0.1622596153846154 0.9591346153846154 0.05048076923076923 0.05048076923076923
0 0.2247596153846154 0.9759615384615384 0.05048076923076923 0.046875
0 0.1875 0.8629807692307693 0.05048076923076923 0.05048076923076923
0 0.34134615384615385 0.8052884615384616 0.05048076923076923 0.05048076923076923
0 0.27403846153846156 0.8257211538461539 0.05048076923076923 0.05048076923076923
0 0.34615384615384615 0.59375 0.05048076923076923 0.05048076923076923
0 0.35096153846153844 0.5348557692307693 0.05048076923076923 0.05048076923076923
0 0.3713942307692308 0.796875 0.05048076923076923 0.05048076923076923
0 0.5060096153846154 0.5492788461538461 0.05048076923076923 0.05048076923076923
0 0.5997596153846154 0.4723557692307692 0.05048076923076923 0.05048076923076923
0 0.5685096153846154 0.3557692307692308 0.05048076923076923 0.05048076923076923
0 0.6274038461538461 0.33413461538461536 0.05048076923076923 0.05048076923076923
0 0.6322115384615384 0.39663461538461536 0.05048076923076923 0.05048076923076923
0 0.6742788461538461 0.27403846153846156 0.05048076923076923 0.05048076923076923
0 0.7716346153846154 0.2439903846153846 0.05048076923076923 0.05048076923076923
0 0.7788461538461539 0.19471153846153846 0.05048076923076923 0.05048076923076923
0 0.25240384615384615 0.8004807692307693 0.05048076923076923 0.05048076923076923