0 0.43990384615384615 0.04927884615384615 0.052884615384615384 0.052884615384615384
0 0.5168269230769231 0.11177884615384616 0.052884615384615384 0.052884615384615384
0 0.4735576923076923 0.06971153846153846 0.052884615384615384 0.052884615384615384
0 0.4170673076923077 0.18269230769230768 0.052884615384615384 0.052884615384615384
0 0.41466346153846156 0.23677884615384615 0.052884615384615384 0.052884615384615384
0 0.4951923076923077 0.24879807692307693 0.052884615384615384 0.052884615384615384
0 0.40384615384615385 0.34615384615384615 0.052884615384615384 0.052884615384615384
0 0.5336538461538461 0.3425480769230769 0.052884615384615384 0.052884615384615384
0 0.4795673076923077 0.3858173076923077 0.052884615384615384 0.052884615384615384
0 0.4362980769230769 0.3894230769230769 0.052884615384615384 0.052884615384615384
0 0.37740384615384615 0.5625 0.052884615384615384 0.052884615384615384
0 0.47836538461538464 0.5204326923076923 0.052884615384615384 0.052884615384615384
0 0.45913461538461536 0.640625 0.052884615384615384 0.052884615384615384
0 0.4951923076923077 0.6322115384615384 0.052884615384615384 0.052884615384615384
0 0.49278846153846156 0.6862980769230769 0.052884615384615384 0.052884615384615384
0 0.3737980769230769 0.7415865384615384 0.052884615384615384 0.052884615384615384
0 0.36658653846153844 0.7872596153846154 0.052884615384615384 0.052884615384615384
0 0.3161057692307692 0.8617788461538461 0.052884615384615384 0.052884615384615384
0 0.27884615384615385 0.9086538461538461 0.052884615384615384 0.052884615384615384
0 0.4579326923076923 0.9483173076923077 0.052884615384615384 0.052884615384615384
0 0.34134615384615385 0.9290865384615384 0.052884615384615384 0.052884615384615384
0 0.43509615384615385 0.31971153846153844 0.052884615384615384 0.052884615384615384
0 0.45913461538461536 0.2848557692307692 0.052884615384615384 0.052884615384615384
0 0.40865384615384615 0.7680288461538461 0.052884615384615384 0.052884615384615384