0 0.09134615384615384 0.0733173076923077 0.04326923076923077 0.04326923076923077
0 0.07451923076923077 0.15865384615384615 0.04326923076923077 0.04326923076923077
0 0.08413461538461539 0.21033653846153846 0.04326923076923077 0.04326923076923077
0 0.06490384615384616 0.25 0.04326923076923077 0.04326923076923077
0 0.03365384615384615 0.2860576923076923 0.04326923076923077 0.04326923076923077
0 0.018028846153846152 0.30528846153846156 0.03485576923076923 0.04326923076923077
0 0.09375 0.31009615384615385 0.04326923076923077 0.04326923076923077
0 0.08173076923076923 0.33653846153846156 0.04326923076923077 0.04326923076923077
0 0.057692307692307696 0.35697115384615385 0.04326923076923077 0.04326923076923077
0 0.14903846153846154 0.4014423076923077 0.04326923076923077 0.04326923076923077
0 0.23076923076923078 0.4266826923076923 0.04326923076923077 0.04326923076923077
0 0.2704326923076923 0.5396634615384616 0.04326923076923077 0.04326923076923077
0 0.2536057692307692 0.5913461538461539 0.04326923076923077 0.04326923076923077
0 0.2668269230769231 0.6105769230769231 0.04326923076923077 0.04326923076923077
0 0.34134615384615385 0.6382211538461539 0.04326923076923077 0.04326923076923077
0 0.30528846153846156 0.6923076923076923 0.04326923076923077 0.04326923076923077
0 0.38221153846153844 0.7367788461538461 0.04326923076923077 0.04326923076923077
0 0.31971153846153844 0.7752403846153846 0.04326923076923077 0.04326923076923077
0 0.36177884615384615 0.7896634615384616 0.04326923076923077 0.04326923076923077
0 0.3786057692307692 0.8125 0.04326923076923077 0.04326923076923077
0 0.35096153846153844 0.8305288461538461 0.04326923076923077 0.04326923076923077
0 0.4182692307692308 0.8581730769230769 0.04326923076923077 0.04326923076923077
0 0.4254807692307692 0.8004807692307693 0.04326923076923077 0.04326923076923077
0 0.4735576923076923 0.8245192307692307 0.04326923076923077 0.04326923076923077
0 0.46153846153846156 0.8521634615384616 0.04326923076923077 0.04326923076923077
0 0.5072115384615384 0.8677884615384616 0.04326923076923077 0.04326923076923077
0 0.5324519230769231 0.8870192307692307 0.04326923076923077 0.04326923076923077
0 0.46634615384615385 0.8990384615384616 0.04326923076923077 0.04326923076923077
0 0.4891826923076923 0.9158653846153846 0.04326923076923077 0.04326923076923077
0 0.4951923076923077 0.9471153846153846 0.04326923076923077 0.04326923076923077
0 0.5480769230769231 0.9302884615384616 0.04326923076923077 0.04326923076923077
0 0.5216346153846154 0.9735576923076923 0.04326923076923077 0.04326923076923077
0 0.5913461538461539 0.9663461538461539 0.04326923076923077 0.04326923076923077
0 0.23798076923076922 0.3894230769230769 0.04326923076923077 0.04326923076923077
0 0.27884615384615385 0.33653846153846156 0.04326923076923077 0.04326923076923077
0 0.2980769230769231 0.375 0.04326923076923077 0.04326923076923077
0 0.2956730769230769 0.4230769230769231 0.04326923076923077 0.04326923076923077
0 0.3317307692307692 0.4675480769230769 0.04326923076923077 0.04326923076923077
0 0.42908653846153844 0.5384615384615384 0.04326923076923077 0.04326923076923077
0 0.44350961538461536 0.578125 0.04326923076923077 0.04326923076923077
0 0.5216346153846154 0.5204326923076923 0.04326923076923077 0.04326923076923077
0 0.5096153846153846 0.578125 0.04326923076923077 0.04326923076923077
0 0.5913461538461539 0.49278846153846156 0.04326923076923077 0.04326923076923077
0 0.5949519230769231 0.5288461538461539 0.04326923076923077 0.04326923076923077
0 0.5841346153846154 0.5697115384615384 0.04326923076923077 0.04326923076923077
0 0.6682692307692307 0.6117788461538461 0.04326923076923077 0.04326923076923077
0 0.7211538461538461 0.5552884615384616 0.04326923076923077 0.04326923076923077
0 0.7271634615384616 0.6201923076923077 0.04326923076923077 0.04326923076923077
0 0.7776442307692307 0.5841346153846154 0.04326923076923077 0.04326923076923077
0 0.8389423076923077 0.5072115384615384 0.04326923076923077 0.04326923076923077
0 0.8713942307692307 0.4855769230769231 0.04326923076923077 0.04326923076923077
0 0.9314903846153846 0.5204326923076923 0.04326923076923077 0.04326923076923077
0 0.9639423076923077 0.5072115384615384 0.04326923076923077 0.04326923076923077