0 0.43990384615384615 0.18629807692307693 0.052884615384615384 0.052884615384615384
0 0.5276442307692307 0.2620192307692308 0.052884615384615384 0.052884615384615384
0 0.5084134615384616 0.34375 0.052884615384615384 0.052884615384615384
0 0.45072115384615385 0.45072115384615385 0.052884615384615384 0.052884615384615384
0 0.41346153846153844 0.4891826923076923 0.052884615384615384 0.052884615384615384
0 0.48197115384615385 0.41346153846153844 0.052884615384615384 0.052884615384615384
0 0.41225961538461536 0.3942307692307692 0.052884615384615384 0.052884615384615384
0 0.3786057692307692 0.41225961538461536 0.052884615384615384 0.052884615384615384
0 0.3641826923076923 0.4338942307692308 0.052884615384615384 0.052884615384615384
0 0.44350961538461536 0.296875 0.052884615384615384 0.052884615384615384
0 0.4423076923076923 0.26802884615384615 0.052884615384615384 0.052884615384615384
0 0.6574519230769231 0.31490384615384615 0.052884615384615384 0.052884615384615384
0 0.5721153846153846 0.31490384615384615 0.052884615384615384 0.052884615384615384
0 0.5685096153846154 0.3425480769230769 0.052884615384615384 0.052884615384615384
0 0.5793269230769231 0.36899038461538464 0.052884615384615384 0.052884615384615384
0 0.5793269230769231 0.3918269230769231 0.052884615384615384 0.052884615384615384
0 0.5805288461538461 0.4182692307692308 0.052884615384615384 0.052884615384615384
0 0.5913461538461539 0.44350961538461536 0.052884615384615384 0.052884615384615384
0 0.5913461538461539 0.46875 0.052884615384615384 0.052884615384615384
0 0.671875 0.3894230769230769 0.052884615384615384 0.052884615384615384
0 0.640625 0.38822115384615385 0.052884615384615384 0.052884615384615384
0 0.6490384615384616 0.43028846153846156 0.052884615384615384 0.052884615384615384
0 0.6682692307692307 0.4387019230769231 0.052884615384615384 0.052884615384615384
0 0.6694711538461539 0.4735576923076923 0.052884615384615384 0.052884615384615384
0 0.6983173076923077 0.5180288461538461 0.052884615384615384 0.052884615384615384
0 0.6117788461538461 0.5180288461538461 0.052884615384615384 0.052884615384615384
0 0.6995192307692307 0.5793269230769231 0.052884615384615384 0.052884615384615384
0 0.7091346153846154 0.6274038461538461 0.052884615384615384 0.052884615384615384
0 0.7055288461538461 0.6694711538461539 0.052884615384615384 0.052884615384615384
0 0.6478365384615384 0.7223557692307693 0.052884615384615384 0.052884615384615384
0 0.6947115384615384 0.7836538461538461 0.052884615384615384 0.052884615384615384
0 0.6646634615384616 0.9507211538461539 0.052884615384615384 0.052884615384615384