0 0.06009615384615385 0.7163461538461539 0.052884615384615384 0.052884615384615384
0 0.11899038461538461 0.6706730769230769 0.052884615384615384 0.052884615384615384
0 0.11057692307692307 0.5985576923076923 0.052884615384615384 0.052884615384615384
0 0.15745192307692307 0.5805288461538461 0.052884615384615384 0.052884615384615384
0 0.26802884615384615 0.5444711538461539 0.052884615384615384 0.052884615384615384
0 0.3293269230769231 0.5348557692307693 0.052884615384615384 0.052884615384615384
0 0.39903846153846156 0.5192307692307693 0.052884615384615384 0.052884615384615384
0 0.4182692307692308 0.48197115384615385 0.052884615384615384 0.052884615384615384
0 0.5673076923076923 0.5661057692307693 0.052884615384615384 0.052884615384615384
0 0.6875 0.5216346153846154 0.052884615384615384 0.052884615384615384
0 0.7331730769230769 0.41947115384615385 0.052884615384615384 0.052884615384615384
0 0.7151442307692307 0.46153846153846156 0.052884615384615384 0.052884615384615384
0 0.8954326923076923 0.46875 0.052884615384615384 0.052884615384615384
0 0.9242788461538461 0.4579326923076923 0.052884615384615384 0.052884615384615384
0 0.9206730769230769 0.3713942307692308 0.052884615384615384 0.052884615384615384
0 0.7788461538461539 0.4483173076923077 0.052884615384615384 0.052884615384615384
0 0.7211538461538461 0.5108173076923077 0.052884615384615384 0.052884615384615384
0 0.5492788461538461 0.4495192307692308 0.052884615384615384 0.052884615384615384
0 0.43509615384615385 0.6262019230769231 0.052884615384615384 0.052884615384615384
0 0.34975961538461536 0.5024038461538461 0.052884615384615384 0.052884615384615384