0 0.8509615384615384 0.9194711538461539 0.05048076923076923 0.05048076923076923
0 0.9338942307692307 0.859375 0.05048076923076923 0.05048076923076923
0 0.890625 0.8185096153846154 0.05048076923076923 0.05048076923076923
0 0.8473557692307693 0.734375 0.05048076923076923 0.05048076923076923
0 0.8365384615384616 0.6971153846153846 0.05048076923076923 0.05048076923076923
0 0.765625 0.5865384615384616 0.05048076923076923 0.05048076923076923
0 0.7716346153846154 0.6490384615384616 0.05048076923076923 0.05048076923076923
0 0.6682692307692307 0.6538461538461539 0.05048076923076923 0.05048076923076923
0 0.6274038461538461 0.5997596153846154 0.05048076923076923 0.05048076923076923
0 0.5036057692307693 0.36538461538461536 0.05048076923076923 0.05048076923076923
0 0.35096153846153844 0.3473557692307692 0.05048076923076923 0.05048076923076923
0 0.27163461538461536 0.3245192307692308 0.05048076923076923 0.05048076923076923
0 0.2283653846153846 0.296875 0.05048076923076923 0.05048076923076923
0 0.14423076923076922 0.2403846153846154 0.05048076923076923 0.05048076923076923
0 0.09975961538461539 0.052884615384615384 0.05048076923076923 0.05048076923076923
0 0.7620192307692307 0.7427884615384616 0.05048076923076923 0.05048076923076923
0 0.6490384615384616 0.6322115384615384 0.05048076923076923 0.05048076923076923
0 0.31971153846153844 0.30528846153846156 0.05048076923076923 0.05048076923076923