0 0.33413461538461536 0.16826923076923078 0.08653846153846154 0.08653846153846154
0 0.38461538461538464 0.5276442307692307 0.08653846153846154 0.08653846153846154
0 0.36177884615384615 0.5 0.08653846153846154 0.08653846153846154
0 0.31490384615384615 0.5913461538461539 0.08653846153846154 0.08653846153846154
0 0.27524038461538464 0.609375 0.08653846153846154 0.08653846153846154
0 0.25961538461538464 0.5372596153846154 0.08653846153846154 0.08653846153846154
0 0.31490384615384615 0.49759615384615385 0.08653846153846154 0.08653846153846154
0 0.21634615384615385 0.5432692307692307 0.08653846153846154 0.08653846153846154
0 0.2127403846153846 0.5865384615384616 0.08653846153846154 0.08653846153846154
0 0.25600961538461536 0.6382211538461539 0.08653846153846154 0.08653846153846154
0 0.19951923076923078 0.6838942307692307 0.08653846153846154 0.08653846153846154
0 0.21634615384615385 0.6586538461538461 0.08653846153846154 0.08653846153846154
0 0.203125 0.6310096153846154 0.08653846153846154 0.08653846153846154
0 0.1466346153846154 0.6622596153846154 0.08653846153846154 0.08653846153846154
0 0.1502403846153846 0.7007211538461539 0.08653846153846154 0.08653846153846154
0 0.11538461538461539 0.6935096153846154 0.08653846153846154 0.08653846153846154
0 0.12259615384615384 0.7475961538461539 0.08653846153846154 0.08653846153846154
0 0.10576923076923077 0.8004807692307693 0.08653846153846154 0.08653846153846154
0 0.05048076923076923 0.7211538461538461 0.08653846153846154 0.08653846153846154
0 0.1814903846153846 0.6057692307692307 0.08653846153846154 0.08653846153846154
0 0.5432692307692307 0.2283653846153846 0.08653846153846154 0.08653846153846154
0 0.5252403846153846 0.31850961538461536 0.08653846153846154 0.08653846153846154
0 0.5721153846153846 0.31850961538461536 0.08653846153846154 0.08653846153846154
0 0.6382211538461539 0.3629807692307692 0.08653846153846154 0.08653846153846154
0 0.6538461538461539 0.27884615384615385 0.08653846153846154 0.08653846153846154
0 0.6911057692307693 0.30288461538461536 0.08653846153846154 0.08653846153846154
0 0.7259615384615384 0.3088942307692308 0.08653846153846154 0.08653846153846154
0 0.78125 0.33653846153846156 0.08653846153846154 0.08653846153846154
0 0.7259615384615384 0.3870192307692308 0.08653846153846154 0.08653846153846154
0 0.7427884615384616 0.44350961538461536 0.08653846153846154 0.08653846153846154
0 0.7692307692307693 0.49278846153846156 0.08653846153846154 0.08653846153846154
0 0.8509615384615384 0.5252403846153846 0.08653846153846154 0.08653846153846154
0 0.5372596153846154 0.5132211538461539 0.08653846153846154 0.08653846153846154
0 0.6995192307692307 0.65625 0.08653846153846154 0.08653846153846154
0 0.6346153846153846 0.546875 0.08653846153846154 0.08653846153846154
0 0.796875 0.6466346153846154 0.08653846153846154 0.08653846153846154
0 0.7992788461538461 0.5697115384615384 0.08653846153846154 0.08653846153846154