0 0.796875 0.10096153846153846 0.05048076923076923 0.05048076923076923
0 0.6069711538461539 0.18990384615384615 0.05048076923076923 0.05048076923076923
0 0.5192307692307693 0.34615384615384615 0.05048076923076923 0.05048076923076923
0 0.47115384615384615 0.34615384615384615 0.05048076923076923 0.05048076923076923
0 0.49278846153846156 0.484375 0.05048076923076923 0.05048076923076923
0 0.4411057692307692 0.5901442307692307 0.05048076923076923 0.05048076923076923
0 0.3629807692307692 0.5745192307692307 0.05048076923076923 0.05048076923076923
0 0.32572115384615385 0.546875 0.05048076923076923 0.05048076923076923
0 0.296875 0.578125 0.05048076923076923 0.05048076923076923
0 0.3004807692307692 0.6682692307692307 0.05048076923076923 0.05048076923076923
0 0.234375 0.7475961538461539 0.05048076923076923 0.05048076923076923
0 0.19951923076923078 0.7620192307692307 0.05048076923076923 0.05048076923076923
0 0.17548076923076922 0.8052884615384616 0.05048076923076923 0.05048076923076923
0 0.07211538461538461 0.7692307692307693 0.05048076923076923 0.05048076923076923
0 0.40384615384615385 0.6069711538461539 0.05048076923076923 0.05048076923076923
0 0.18509615384615385 0.6935096153846154 0.05048076923076923 0.05048076923076923
0 0.08052884615384616 0.8617788461538461 0.05048076923076923 0.05048076923076923
0 0.021634615384615384 0.859375 0.04326923076923077 0.05048076923076923
0 0.021634615384615384 0.890625 0.04326923076923077 0.05048076923076923
0 0.040865384615384616 0.953125 0.05048076923076923 0.05048076923076923
0 0.45913461538461536 0.4651442307692308 0.05048076923076923 0.05048076923076923