0 0.15384615384615385 0.5625 0.05048076923076923 0.05048076923076923
0 0.11177884615384616 0.48197115384615385 0.05048076923076923 0.05048076923076923
0 0.2127403846153846 0.5625 0.05048076923076923 0.05048076923076923
0 0.28125 0.5552884615384616 0.05048076923076923 0.05048076923076923
0 0.23677884615384615 0.47596153846153844 0.05048076923076923 0.05048076923076923
0 0.31009615384615385 0.484375 0.05048076923076923 0.05048076923076923
0 0.33052884615384615 0.5288461538461539 0.05048076923076923 0.05048076923076923
0 0.40625 0.484375 0.05048076923076923 0.05048076923076923
0 0.47596153846153844 0.49399038461538464 0.05048076923076923 0.05048076923076923
0 0.6129807692307693 0.49278846153846156 0.05048076923076923 0.05048076923076923
0 0.5288461538461539 0.5805288461538461 0.05048076923076923 0.05048076923076923
0 0.703125 0.5372596153846154 0.05048076923076923 0.05048076923076923
0 0.7319711538461539 0.6009615384615384 0.05048076923076923 0.05048076923076923
0 0.7596153846153846 0.5877403846153846 0.05048076923076923 0.05048076923076923
0 0.8257211538461539 0.6129807692307693 0.05048076923076923 0.05048076923076923
0 0.8870192307692307 0.6598557692307693 0.05048076923076923 0.05048076923076923
0 0.8509615384615384 0.6274038461538461 0.05048076923076923 0.05048076923076923
0 0.9495192307692307 0.5276442307692307 0.05048076923076923 0.05048076923076923
0 0.953125 0.6286057692307693 0.05048076923076923 0.05048076923076923
0 0.9759615384615384 0.5120192307692307 0.046875 0.05048076923076923
0 0.5600961538461539 0.515625 0.05048076923076923 0.05048076923076923
0 0.38822115384615385 0.5745192307692307 0.05048076923076923 0.05048076923076923
0 0.4338942307692308 0.5973557692307693 0.05048076923076923 0.05048076923076923
0 0.45913461538461536 0.5901442307692307 0.05048076923076923 0.05048076923076923
0 0.4254807692307692 0.6850961538461539 0.05048076923076923 0.05048076923076923
0 0.4495192307692308 0.7439903846153846 0.05048076923076923 0.05048076923076923
0 0.5180288461538461 0.6947115384615384 0.05048076923076923 0.05048076923076923
0 0.453125 0.6622596153846154 0.05048076923076923 0.05048076923076923
0 0.5408653846153846 0.8413461538461539 0.05048076923076923 0.05048076923076923
0 0.6286057692307693 0.7536057692307693 0.05048076923076923 0.05048076923076923
0 0.6778846153846154 0.7560096153846154 0.05048076923076923 0.05048076923076923
0 0.6658653846153846 0.8185096153846154 0.05048076923076923 0.05048076923076923
0 0.5504807692307693 0.7283653846153846 0.05048076923076923 0.05048076923076923
0 0.6153846153846154 0.8725961538461539 0.05048076923076923 0.05048076923076923
0 0.6586538461538461 0.9411057692307693 0.05048076923076923 0.05048076923076923
0 0.6935096153846154 0.9122596153846154 0.05048076923076923 0.05048076923076923
0 0.7247596153846154 0.9447115384615384 0.05048076923076923 0.05048076923076923
0 0.7752403846153846 0.8786057692307693 0.05048076923076923 0.05048076923076923
0 0.8473557692307693 0.9627403846153846 0.05048076923076923 0.05048076923076923
0 0.12860576923076922 0.41225961538461536 0.05048076923076923 0.05048076923076923
0 0.21875 0.34615384615384615 0.05048076923076923 0.05048076923076923
0 0.25240384615384615 0.31850961538461536 0.05048076923076923 0.05048076923076923
0 0.28125 0.1502403846153846 0.05048076923076923 0.05048076923076923
0 0.27884615384615385 0.203125 0.05048076923076923 0.05048076923076923
0 0.3401442307692308 0.27403846153846156 0.05048076923076923 0.05048076923076923
0 0.37259615384615385 0.25240384615384615 0.05048076923076923 0.05048076923076923
0 0.45072115384615385 0.19471153846153846 0.05048076923076923 0.05048076923076923
0 0.49759615384615385 0.09375 0.05048076923076923 0.05048076923076923
0 0.5697115384615384 0.14423076923076922 0.05048076923076923 0.05048076923076923
0 0.6322115384615384 0.1502403846153846 0.05048076923076923 0.05048076923076923
0 0.6586538461538461 0.22115384615384615 0.05048076923076923 0.05048076923076923
0 0.6802884615384616 0.15865384615384615 0.05048076923076923 0.05048076923076923
0 0.734375 0.26802884615384615 0.05048076923076923 0.05048076923076923
0 0.703125 0.25240384615384615 0.05048076923076923 0.05048076923076923
0 0.8677884615384616 0.24278846153846154 0.05048076923076923 0.05048076923076923
0 0.8401442307692307 0.17427884615384615 0.05048076923076923 0.05048076923076923
0 0.8629807692307693 0.14903846153846154 0.05048076923076923 0.05048076923076923
0 0.9026442307692307 0.1502403846153846 0.05048076923076923 0.05048076923076923
0 0.6526442307692307 0.11899038461538461 0.05048076923076923 0.05048076923076923
0 0.6802884615384616 0.10096153846153846 0.05048076923076923 0.05048076923076923
0 0.7211538461538461 0.05889423076923077 0.05048076923076923 0.05048076923076923
0 0.7572115384615384 0.040865384615384616 0.05048076923076923 0.05048076923076923