0 0.06129807692307692 0.36538461538461536 0.052884615384615384 0.052884615384615384
0 0.17427884615384615 0.46274038461538464 0.052884615384615384 0.052884615384615384
0 0.2283653846153846 0.5060096153846154 0.052884615384615384 0.052884615384615384
0 0.2692307692307692 0.45552884615384615 0.052884615384615384 0.052884615384615384
0 0.26802884615384615 0.39783653846153844 0.052884615384615384 0.052884615384615384
0 0.3449519230769231 0.5096153846153846 0.052884615384615384 0.052884615384615384
0 0.4411057692307692 0.48197115384615385 0.052884615384615384 0.052884615384615384
0 0.5276442307692307 0.5096153846153846 0.052884615384615384 0.052884615384615384
0 0.6057692307692307 0.6105769230769231 0.052884615384615384 0.052884615384615384
0 0.5973557692307693 0.5721153846153846 0.052884615384615384 0.052884615384615384
0 0.5721153846153846 0.5913461538461539 0.052884615384615384 0.052884615384615384
0 0.5384615384615384 0.5841346153846154 0.052884615384615384 0.052884615384615384
0 0.6466346153846154 0.5600961538461539 0.052884615384615384 0.052884615384615384
0 0.6766826923076923 0.5769230769230769 0.052884615384615384 0.052884615384615384
0 0.7055288461538461 0.5853365384615384 0.052884615384615384 0.052884615384615384
0 0.5913461538461539 0.6526442307692307 0.052884615384615384 0.052884615384615384
0 0.6177884615384616 0.703125 0.052884615384615384 0.052884615384615384
0 0.65625 0.6622596153846154 0.052884615384615384 0.052884615384615384
0 0.7055288461538461 0.640625 0.052884615384615384 0.052884615384615384
0 0.71875 0.6935096153846154 0.052884615384615384 0.052884615384615384
0 0.9567307692307693 0.6622596153846154 0.052884615384615384 0.052884615384615384