0 0.17908653846153846 0.7764423076923077 0.052884615384615384 0.052884615384615384
0 0.10697115384615384 0.7980769230769231 0.052884615384615384 0.052884615384615384
0 0.17427884615384615 0.7055288461538461 0.052884615384615384 0.052884615384615384
0 0.09375 0.6694711538461539 0.052884615384615384 0.052884615384615384
0 0.15504807692307693 0.6430288461538461 0.052884615384615384 0.052884615384615384
0 0.09375 0.7055288461538461 0.052884615384615384 0.052884615384615384
0 0.0889423076923077 0.7259615384615384 0.052884615384615384 0.052884615384615384
0 0.26322115384615385 0.8100961538461539 0.052884615384615384 0.052884615384615384
0 0.3004807692307692 0.8473557692307693 0.052884615384615384 0.052884615384615384
0 0.359375 0.7980769230769231 0.052884615384615384 0.052884615384615384
0 0.42427884615384615 0.7319711538461539 0.052884615384615384 0.052884615384615384
0 0.4567307692307692 0.7139423076923077 0.052884615384615384 0.052884615384615384
0 0.46153846153846156 0.6742788461538461 0.052884615384615384 0.052884615384615384
0 0.4206730769230769 0.5865384615384616 0.052884615384615384 0.052884615384615384
0 0.5108173076923077 0.6382211538461539 0.052884615384615384 0.052884615384615384
0 0.5853365384615384 0.5901442307692307 0.052884615384615384 0.052884615384615384
0 0.6286057692307693 0.2644230769230769 0.052884615384615384 0.052884615384615384
0 0.6370192307692307 0.4326923076923077 0.052884615384615384 0.052884615384615384
0 0.7415865384615384 0.26802884615384615 0.052884615384615384 0.052884615384615384
0 0.6634615384615384 0.21634615384615385 0.052884615384615384 0.052884615384615384
0 0.7007211538461539 0.19110576923076922 0.052884615384615384 0.052884615384615384
0 0.7572115384615384 0.21394230769230768 0.052884615384615384 0.052884615384615384
0 0.7259615384615384 0.09975961538461539 0.052884615384615384 0.052884615384615384
0 0.8810096153846154 0.038461538461538464 0.052884615384615384 0.052884615384615384
0 0.7932692307692307 0.03245192307692308 0.052884615384615384 0.052884615384615384
0 0.6201923076923077 0.2980769230769231 0.052884615384615384 0.052884615384615384
0 0.3629807692307692 0.6887019230769231 0.052884615384615384 0.052884615384615384