0 0.28846153846153844 0.8425480769230769 0.052884615384615384 0.052884615384615384
0 0.3581730769230769 0.6899038461538461 0.052884615384615384 0.052884615384615384
0 0.33413461538461536 0.6694711538461539 0.052884615384615384 0.052884615384615384
0 0.33653846153846156 0.6286057692307693 0.052884615384615384 0.052884615384615384
0 0.2247596153846154 0.6430288461538461 0.052884615384615384 0.052884615384615384
0 0.19230769230769232 0.5757211538461539 0.052884615384615384 0.052884615384615384
0 0.22115384615384615 0.41947115384615385 0.052884615384615384 0.052884615384615384
0 0.16947115384615385 0.36778846153846156 0.052884615384615384 0.052884615384615384
0 0.14302884615384615 0.17668269230769232 0.052884615384615384 0.052884615384615384
0 0.2439903846153846 0.5072115384615384 0.052884615384615384 0.052884615384615384
0 0.4110576923076923 0.8125 0.052884615384615384 0.052884615384615384
0 0.5588942307692307 0.7307692307692307 0.052884615384615384 0.052884615384615384
0 0.5480769230769231 0.6947115384615384 0.052884615384615384 0.052884615384615384
0 0.59375 0.5697115384615384 0.052884615384615384 0.052884615384615384
0 0.5204326923076923 0.5757211538461539 0.052884615384615384 0.052884615384615384
0 0.5216346153846154 0.48677884615384615 0.052884615384615384 0.052884615384615384
0 0.5192307692307693 0.46033653846153844 0.052884615384615384 0.052884615384615384
0 0.5985576923076923 0.3918269230769231 0.052884615384615384 0.052884615384615384
0 0.671875 0.27403846153846156 0.052884615384615384 0.052884615384615384
0 0.7740384615384616 0.3016826923076923 0.052884615384615384 0.052884615384615384
0 0.7668269230769231 0.15384615384615385 0.052884615384615384 0.052884615384615384
0 0.8942307692307693 0.21754807692307693 0.052884615384615384 0.052884615384615384
0 0.8677884615384616 0.1466346153846154 0.052884615384615384 0.052884615384615384
0 0.5072115384615384 0.7896634615384616 0.052884615384615384 0.052884615384615384
0 0.45552884615384615 0.6802884615384616 0.052884615384615384 0.052884615384615384