0 0.08653846153846154 0.4326923076923077 0.04326923076923077 0.04326923076923077
0 0.10216346153846154 0.47716346153846156 0.04326923076923077 0.04326923076923077
0 0.16947115384615385 0.46153846153846156 0.04326923076923077 0.04326923076923077
0 0.1658653846153846 0.4855769230769231 0.04326923076923077 0.04326923076923077
0 0.14543269230769232 0.5132211538461539 0.04326923076923077 0.04326923076923077
0 0.22355769230769232 0.5420673076923077 0.04326923076923077 0.04326923076923077
0 0.27283653846153844 0.5504807692307693 0.04326923076923077 0.04326923076923077
0 0.2668269230769231 0.49399038461538464 0.04326923076923077 0.04326923076923077
0 0.30288461538461536 0.48677884615384615 0.04326923076923077 0.04326923076923077
0 0.32091346153846156 0.5625 0.04326923076923077 0.04326923076923077
0 0.36538461538461536 0.5745192307692307 0.04326923076923077 0.04326923076923077
0 0.41947115384615385 0.5132211538461539 0.04326923076923077 0.04326923076923077
0 0.44471153846153844 0.5288461538461539 0.04326923076923077 0.04326923076923077
0 0.49038461538461536 0.5192307692307693 0.04326923076923077 0.04326923076923077
0 0.4963942307692308 0.5432692307692307 0.04326923076923077 0.04326923076923077
0 0.4519230769230769 0.6141826923076923 0.04326923076923077 0.04326923076923077
0 0.4735576923076923 0.6382211538461539 0.04326923076923077 0.04326923076923077
0 0.5024038461538461 0.6899038461538461 0.04326923076923077 0.04326923076923077
0 0.5432692307692307 0.6610576923076923 0.04326923076923077 0.04326923076923077
0 0.5841346153846154 0.7632211538461539 0.04326923076923077 0.04326923076923077
0 0.5973557692307693 0.7367788461538461 0.04326923076923077 0.04326923076923077
0 0.4831730769230769 0.7608173076923077 0.04326923076923077 0.04326923076923077
0 0.6610576923076923 0.7235576923076923 0.04326923076923077 0.04326923076923077
0 0.6935096153846154 0.8257211538461539 0.04326923076923077 0.04326923076923077
0 0.7151442307692307 0.8185096153846154 0.04326923076923077 0.04326923076923077
0 0.7259615384615384 0.7680288461538461 0.04326923076923077 0.04326923076923077
0 0.7740384615384616 0.7740384615384616 0.04326923076923077 0.04326923076923077
0 0.7908653846153846 0.828125 0.04326923076923077 0.04326923076923077
0 0.8197115384615384 0.7848557692307693 0.04326923076923077 0.04326923076923077
0 0.8882211538461539 0.7836538461538461 0.04326923076923077 0.04326923076923077
0 0.8990384615384616 0.8197115384615384 0.04326923076923077 0.04326923076923077
0 0.8858173076923077 0.8677884615384616 0.04326923076923077 0.04326923076923077
0 0.9591346153846154 0.8725961538461539 0.04326923076923077 0.04326923076923077
0 0.13341346153846154 0.3918269230769231 0.04326923076923077 0.04326923076923077
0 0.17427884615384615 0.38822115384615385 0.04326923076923077 0.04326923076923077
0 0.1658653846153846 0.4110576923076923 0.04326923076923077 0.04326923076923077
0 0.2247596153846154 0.41947115384615385 0.04326923076923077 0.04326923076923077
0 0.2548076923076923 0.43149038461538464 0.04326923076923077 0.04326923076923077
0 0.28846153846153844 0.4338942307692308 0.04326923076923077 0.04326923076923077
0 0.3317307692307692 0.3641826923076923 0.04326923076923077 0.04326923076923077
0 0.40625 0.4050480769230769 0.04326923076923077 0.04326923076923077
0 0.43028846153846156 0.39302884615384615 0.04326923076923077 0.04326923076923077
0 0.4423076923076923 0.4230769230769231 0.04326923076923077 0.04326923076923077
0 0.47716346153846156 0.4375 0.04326923076923077 0.04326923076923077
0 0.5084134615384616 0.36538461538461536 0.04326923076923077 0.04326923076923077
0 0.515625 0.41346153846153844 0.04326923076923077 0.04326923076923077
0 0.5528846153846154 0.3786057692307692 0.04326923076923077 0.04326923076923077
0 0.5649038461538461 0.41346153846153844 0.04326923076923077 0.04326923076923077
0 0.6274038461538461 0.43028846153846156 0.04326923076923077 0.04326923076923077
0 0.6442307692307693 0.40384615384615385 0.04326923076923077 0.04326923076923077
0 0.6634615384615384 0.359375 0.04326923076923077 0.04326923076923077
0 0.7620192307692307 0.36177884615384615 0.04326923076923077 0.04326923076923077
0 0.7944711538461539 0.3762019230769231 0.04326923076923077 0.04326923076923077
0 0.78125 0.3473557692307692 0.04326923076923077 0.04326923076923077
0 0.7620192307692307 0.4014423076923077 0.04326923076923077 0.04326923076923077
0 0.7728365384615384 0.43509615384615385 0.04326923076923077 0.04326923076923077
0 0.8064903846153846 0.47115384615384615 0.04326923076923077 0.04326923076923077
0 0.8365384615384616 0.4362980769230769 0.04326923076923077 0.04326923076923077
0 0.8377403846153846 0.3918269230769231 0.04326923076923077 0.04326923076923077
0 0.9326923076923077 0.42427884615384615 0.04326923076923077 0.04326923076923077
0 0.9399038461538461 0.4723557692307692 0.04326923076923077 0.04326923076923077
0 0.9326923076923077 0.5096153846153846 0.04326923076923077 0.04326923076923077
0 0.9134615384615384 0.4855769230769231 0.04326923076923077 0.04326923076923077
0 0.9086538461538461 0.5180288461538461 0.04326923076923077 0.04326923076923077
0 0.875 0.453125 0.04326923076923077 0.04326923076923077
0 0.8846153846153846 0.41466346153846156 0.04326923076923077 0.04326923076923077
0 0.9759615384615384 0.5060096153846154 0.04326923076923077 0.04326923076923077
0 0.18990384615384615 0.3245192307692308 0.04326923076923077 0.04326923076923077
0 0.25600961538461536 0.30408653846153844 0.04326923076923077 0.04326923076923077
0 0.3557692307692308 0.24639423076923078 0.04326923076923077 0.04326923076923077
0 0.29447115384615385 0.21995192307692307 0.04326923076923077 0.04326923076923077
0 0.30649038461538464 0.19110576923076922 0.04326923076923077 0.04326923076923077
0 0.3317307692307692 0.13822115384615385 0.04326923076923077 0.04326923076923077
0 0.3641826923076923 0.15865384615384615 0.04326923076923077 0.04326923076923077
0 0.38221153846153844 0.1141826923076923 0.04326923076923077 0.04326923076923077
0 0.46153846153846156 0.12259615384615384 0.04326923076923077 0.04326923076923077
0 0.43028846153846156 0.06850961538461539 0.04326923076923077 0.04326923076923077
0 0.47115384615384615 0.07451923076923077 0.04326923076923077 0.04326923076923077
0 0.49038461538461536 0.028846153846153848 0.04326923076923077 0.04326923076923077
0 0.5276442307692307 0.015625 0.04326923076923077 0.03125