0 0.9278846153846154 0.33413461538461536 0.04326923076923077 0.04326923076923077
0 0.8689903846153846 0.33052884615384615 0.04326923076923077 0.04326923076923077
0 0.8617788461538461 0.30288461538461536 0.04326923076923077 0.04326923076923077
0 0.8497596153846154 0.24759615384615385 0.04326923076923077 0.04326923076923077
0 0.9555288461538461 0.28725961538461536 0.04326923076923077 0.04326923076923077
0 0.8617788461538461 0.39663461538461536 0.04326923076923077 0.04326923076923077
0 0.8149038461538461 0.43149038461538464 0.04326923076923077 0.04326923076923077
0 0.8689903846153846 0.47836538461538464 0.04326923076923077 0.04326923076923077
0 0.8882211538461539 0.44711538461538464 0.04326923076923077 0.04326923076923077
0 0.7872596153846154 0.49759615384615385 0.04326923076923077 0.04326923076923077
0 0.8305288461538461 0.5408653846153846 0.04326923076923077 0.04326923076923077
0 0.8028846153846154 0.5408653846153846 0.04326923076923077 0.04326923076923077
0 0.8846153846153846 0.5685096153846154 0.04326923076923077 0.04326923076923077
0 0.8882211538461539 0.6117788461538461 0.04326923076923077 0.04326923076923077
0 0.8185096153846154 0.6189903846153846 0.04326923076923077 0.04326923076923077
0 0.8653846153846154 0.6502403846153846 0.04326923076923077 0.04326923076923077
0 0.8497596153846154 0.7127403846153846 0.04326923076923077 0.04326923076923077
0 0.8413461538461539 0.7439903846153846 0.04326923076923077 0.04326923076923077
0 0.8882211538461539 0.8028846153846154 0.04326923076923077 0.04326923076923077
0 0.9278846153846154 0.7403846153846154 0.04326923076923077 0.04326923076923077
0 0.9471153846153846 0.7836538461538461 0.04326923076923077 0.04326923076923077
0 0.9591346153846154 0.7992788461538461 0.04326923076923077 0.04326923076923077
0 0.7091346153846154 0.31009615384615385 0.04326923076923077 0.04326923076923077
0 0.6971153846153846 0.34975961538461536 0.04326923076923077 0.04326923076923077
0 0.6814903846153846 0.36899038461538464 0.04326923076923077 0.04326923076923077
0 0.6189903846153846 0.36177884615384615 0.04326923076923077 0.04326923076923077
0 0.6310096153846154 0.41947115384615385 0.04326923076923077 0.04326923076923077
0 0.6274038461538461 0.45072115384615385 0.04326923076923077 0.04326923076923077
0 0.5649038461538461 0.43990384615384615 0.04326923076923077 0.04326923076923077
0 0.5408653846153846 0.45072115384615385 0.04326923076923077 0.04326923076923077
0 0.5132211538461539 0.5024038461538461 0.04326923076923077 0.04326923076923077
0 0.5252403846153846 0.5685096153846154 0.04326923076923077 0.04326923076923077
0 0.5492788461538461 0.5805288461538461 0.04326923076923077 0.04326923076923077
0 0.5252403846153846 0.5997596153846154 0.04326923076923077 0.04326923076923077
0 0.47836538461538464 0.6742788461538461 0.04326923076923077 0.04326923076923077
0 0.46634615384615385 0.6502403846153846 0.04326923076923077 0.04326923076923077
0 0.41225961538461536 0.6069711538461539 0.04326923076923077 0.04326923076923077
0 0.39302884615384615 0.6225961538461539 0.04326923076923077 0.04326923076923077
0 0.37740384615384615 0.6382211538461539 0.04326923076923077 0.04326923076923077
0 0.38822115384615385 0.6586538461538461 0.04326923076923077 0.04326923076923077
0 0.42788461538461536 0.6814903846153846 0.04326923076923077 0.04326923076923077
0 0.36538461538461536 0.6850961538461539 0.04326923076923077 0.04326923076923077
0 0.40024038461538464 0.7319711538461539 0.04326923076923077 0.04326923076923077
0 0.43509615384615385 0.7403846153846154 0.04326923076923077 0.04326923076923077
0 0.41225961538461536 0.7127403846153846 0.04326923076923077 0.04326923076923077
0 0.38461538461538464 0.7788461538461539 0.04326923076923077 0.04326923076923077
0 0.33052884615384615 0.7163461538461539 0.04326923076923077 0.04326923076923077
0 0.27884615384615385 0.7836538461538461 0.04326923076923077 0.04326923076923077
0 0.33052884615384615 0.8257211538461539 0.04326923076923077 0.04326923076923077
0 0.34615384615384615 0.8569711538461539 0.04326923076923077 0.04326923076923077
0 0.30649038461538464 0.8930288461538461 0.04326923076923077 0.04326923076923077
0 0.29927884615384615 0.9278846153846154 0.04326923076923077 0.04326923076923077
0 0.29927884615384615 0.8305288461538461 0.04326923076923077 0.04326923076923077
0 0.28365384615384615 0.8617788461538461 0.04326923076923077 0.04326923076923077
0 0.25240384615384615 0.9002403846153846 0.04326923076923077 0.04326923076923077
0 0.23197115384615385 0.9435096153846154 0.04326923076923077 0.04326923076923077
0 0.25600961538461536 0.9507211538461539 0.04326923076923077 0.04326923076923077
0 0.1971153846153846 0.9038461538461539 0.04326923076923077 0.04326923076923077
0 0.20552884615384615 0.9819711538461539 0.04326923076923077 0.03485576923076923
0 0.6694711538461539 0.8725961538461539 0.04326923076923077 0.04326923076923077
0 0.6814903846153846 0.8461538461538461 0.04326923076923077 0.04326923076923077
0 0.6778846153846154 0.7716346153846154 0.04326923076923077 0.04326923076923077
0 0.7091346153846154 0.7836538461538461 0.04326923076923077 0.04326923076923077
0 0.7319711538461539 0.7872596153846154 0.04326923076923077 0.04326923076923077
0 0.7836538461538461 0.7752403846153846 0.04326923076923077 0.04326923076923077
0 0.7836538461538461 0.7475961538461539 0.04326923076923077 0.04326923076923077
0 0.7836538461538461 0.6850961538461539 0.04326923076923077 0.04326923076923077
0 0.7524038461538461 0.6586538461538461 0.04326923076923077 0.04326923076923077
0 0.7560096153846154 0.6225961538461539 0.04326923076923077 0.04326923076923077
0 0.7908653846153846 0.5877403846153846 0.04326923076923077 0.04326923076923077
0 0.6971153846153846 0.5757211538461539 0.04326923076923077 0.04326923076923077
0 0.7055288461538461 0.6117788461538461 0.04326923076923077 0.04326923076923077
0 0.7475961538461539 0.5180288461538461 0.04326923076923077 0.04326923076923077
0 0.7319711538461539 0.48677884615384615 0.04326923076923077 0.04326923076923077
0 0.7211538461538461 0.5132211538461539 0.04326923076923077 0.04326923076923077
0 0.7055288461538461 0.5024038461538461 0.04326923076923077 0.04326923076923077
0 0.5913461538461539 0.33052884615384615 0.04326923076923077 0.04326923076923077
0 0.5757211538461539 0.29086538461538464 0.04326923076923077 0.04326923076923077
0 0.5096153846153846 0.29927884615384615 0.04326923076923077 0.04326923076923077
0 0.5408653846153846 0.34615384615384615 0.04326923076923077 0.04326923076923077
0 0.49759615384615385 0.34975961538461536 0.04326923076923077 0.04326923076923077
0 0.49399038461538464 0.37740384615384615 0.04326923076923077 0.04326923076923077
0 0.46274038461538464 0.31490384615384615 0.04326923076923077 0.04326923076923077
0 0.4254807692307692 0.35096153846153844 0.04326923076923077 0.04326923076923077
0 0.44350961538461536 0.40024038461538464 0.04326923076923077 0.04326923076923077
0 0.36538461538461536 0.39302884615384615 0.04326923076923077 0.04326923076923077
0 0.29086538461538464 0.41947115384615385 0.04326923076923077 0.04326923076923077
0 0.6346153846153846 0.26802884615384615 0.04326923076923077 0.04326923076923077
0 0.040865384615384616 0.9807692307692307 0.04326923076923077 0.038461538461538464
0 0.037259615384615384 0.9086538461538461 0.04326923076923077 0.04326923076923077
0 0.06490384615384616 0.8653846153846154 0.04326923076923077 0.04326923076923077
0 0.019230769230769232 0.8569711538461539 0.038461538461538464 0.04326923076923077
0 0.09615384615384616 0.8774038461538461 0.04326923076923077 0.04326923076923077
0 0.13822115384615385 0.8185096153846154 0.04326923076923077 0.04326923076923077
0 0.1778846153846154 0.7908653846153846 0.04326923076923077 0.04326923076923077
0 0.20072115384615385 0.7439903846153846 0.04326923076923077 0.04326923076923077
0 0.1814903846153846 0.7211538461538461 0.04326923076923077 0.04326923076923077
0 0.14302884615384615 0.6814903846153846 0.04326923076923077 0.04326923076923077
0 0.15865384615384615 0.6622596153846154 0.04326923076923077 0.04326923076923077
0 0.11538461538461539 0.6694711538461539 0.04326923076923077 0.04326923076923077
0 0.16346153846153846 0.7572115384615384 0.04326923076923077 0.04326923076923077
0 0.18990384615384615 0.6694711538461539 0.04326923076923077 0.04326923076923077
0 0.2091346153846154 0.6466346153846154 0.04326923076923077 0.04326923076923077
0 0.1971153846153846 0.6069711538461539 0.04326923076923077 0.04326923076923077
0 0.14302884615384615 0.6310096153846154 0.04326923076923077 0.04326923076923077
0 0.18990384615384615 0.5216346153846154 0.04326923076923077 0.04326923076923077
0 0.13822115384615385 0.45913461538461536 0.04326923076923077 0.04326923076923077
0 0.16947115384615385 0.41947115384615385 0.04326923076923077 0.04326923076923077
0 0.1971153846153846 0.37259615384615385 0.04326923076923077 0.04326923076923077
0 0.2247596153846154 0.36177884615384615 0.04326923076923077 0.04326923076923077
0 0.23677884615384615 0.33774038461538464 0.04326923076923077 0.04326923076923077
0 0.30288461538461536 0.34615384615384615 0.04326923076923077 0.04326923076923077
0 0.33413461538461536 0.29086538461538464 0.04326923076923077 0.04326923076923077
0 0.40384615384615385 0.2091346153846154 0.04326923076923077 0.04326923076923077
0 0.44350961538461536 0.25961538461538464 0.04326923076923077 0.04326923076923077
0 0.31009615384615385 0.08413461538461539 0.04326923076923077 0.04326923076923077
0 0.26802884615384615 0.07572115384615384 0.04326923076923077 0.04326923076923077
0 0.25240384615384615 0.1502403846153846 0.04326923076923077 0.04326923076923077
0 0.22115384615384615 0.15384615384615385 0.04326923076923077 0.04326923076923077
0 0.16947115384615385 0.15384615384615385 0.04326923076923077 0.04326923076923077
0 0.08774038461538461 0.1935096153846154 0.04326923076923077 0.04326923076923077
0 0.04927884615384615 0.11538461538461539 0.04326923076923077 0.04326923076923077
0 0.08052884615384616 0.10697115384615384 0.04326923076923077 0.04326923076923077
0 0.35336538461538464 0.18509615384615385 0.04326923076923077 0.04326923076923077
0 0.28846153846153844 0.28125 0.04326923076923077 0.04326923076923077
0 0.28725961538461536 0.25240384615384615 0.04326923076923077 0.04326923076923077
0 0.25240384615384615 0.27884615384615385 0.04326923076923077 0.04326923076923077