0 0.038461538461538464 0.15865384615384615 0.07692307692307693 0.10576923076923077
0 0.07572115384615384 0.15865384615384615 0.10576923076923077 0.10576923076923077
0 0.11177884615384616 0.13221153846153846 0.10576923076923077 0.10576923076923077
0 0.15865384615384615 0.16826923076923078 0.10576923076923077 0.10576923076923077
0 0.18389423076923078 0.2247596153846154 0.10576923076923077 0.10576923076923077
0 0.16826923076923078 0.20673076923076922 0.10576923076923077 0.10576923076923077
0 0.20072115384615385 0.28846153846153844 0.10576923076923077 0.10576923076923077
0 0.23798076923076922 0.29447115384615385 0.10576923076923077 0.10576923076923077
0 0.18990384615384615 0.40384615384615385 0.10576923076923077 0.10576923076923077
0 0.1971153846153846 0.35697115384615385 0.10576923076923077 0.10576923076923077
0 0.1778846153846154 0.47115384615384615 0.10576923076923077 0.10576923076923077
0 0.2776442307692308 0.4182692307692308 0.10576923076923077 0.10576923076923077
0 0.25600961538461536 0.46634615384615385 0.10576923076923077 0.10576923076923077
0 0.265625 0.5120192307692307 0.10576923076923077 0.10576923076923077
0 0.31850961538461536 0.47475961538461536 0.10576923076923077 0.10576923076923077
0 0.3629807692307692 0.5024038461538461 0.10576923076923077 0.10576923076923077
0 0.29086538461538464 0.5997596153846154 0.10576923076923077 0.10576923076923077
0 0.31009615384615385 0.5817307692307693 0.10576923076923077 0.10576923076923077
0 0.3161057692307692 0.6370192307692307 0.10576923076923077 0.10576923076923077
0 0.3473557692307692 0.625 0.10576923076923077 0.10576923076923077
0 0.38221153846153844 0.6213942307692307 0.10576923076923077 0.10576923076923077
0 0.41586538461538464 0.6694711538461539 0.10576923076923077 0.10576923076923077
0 0.45072115384615385 0.6971153846153846 0.10576923076923077 0.10576923076923077
0 0.5180288461538461 0.5961538461538461 0.10576923076923077 0.10576923076923077
0 0.5408653846153846 0.640625 0.10576923076923077 0.10576923076923077
0 0.5192307692307693 0.7223557692307693 0.10576923076923077 0.10576923076923077
0 0.6430288461538461 0.6694711538461539 0.10576923076923077 0.10576923076923077
0 0.6694711538461539 0.6850961538461539 0.10576923076923077 0.10576923076923077
0 0.7307692307692307 0.7007211538461539 0.10576923076923077 0.10576923076923077
0 0.8966346153846154 0.796875 0.10576923076923077 0.10576923076923077
0 0.9182692307692307 0.8846153846153846 0.10576923076923077 0.10576923076923077
0 0.8064903846153846 0.8461538461538461 0.10576923076923077 0.10576923076923077
0 0.7716346153846154 0.765625 0.10576923076923077 0.10576923076923077
0 0.7379807692307693 0.8161057692307693 0.10576923076923077 0.10576923076923077
0 0.6598557692307693 0.7716346153846154 0.10576923076923077 0.10576923076923077
0 0.5288461538461539 0.6838942307692307 0.10576923076923077 0.10576923076923077
0 0.06610576923076923 0.09615384615384616 0.10576923076923077 0.10576923076923077