0 0.3581730769230769 0.9819711538461539 0.04326923076923077 0.03485576923076923
0 0.38221153846153844 0.9350961538461539 0.04326923076923077 0.04326923076923077
0 0.3858173076923077 0.9086538461538461 0.04326923076923077 0.04326923076923077
0 0.4411057692307692 0.8449519230769231 0.04326923076923077 0.04326923076923077
0 0.421875 0.8257211538461539 0.04326923076923077 0.04326923076923077
0 0.390625 0.8100961538461539 0.04326923076923077 0.04326923076923077
0 0.4338942307692308 0.7620192307692307 0.04326923076923077 0.04326923076923077
0 0.4567307692307692 0.6694711538461539 0.04326923076923077 0.04326923076923077
0 0.4387019230769231 0.6165865384615384 0.04326923076923077 0.04326923076923077
0 0.38100961538461536 0.6754807692307693 0.04326923076923077 0.04326923076923077
0 0.34975961538461536 0.6514423076923077 0.04326923076923077 0.04326923076923077
0 0.40384615384615385 0.6117788461538461 0.04326923076923077 0.04326923076923077
0 0.37740384615384615 0.6201923076923077 0.04326923076923077 0.04326923076923077
0 0.3449519230769231 0.5588942307692307 0.04326923076923077 0.04326923076923077
0 0.3954326923076923 0.5264423076923077 0.04326923076923077 0.04326923076923077
0 0.28966346153846156 0.4014423076923077 0.04326923076923077 0.04326923076923077
0 0.3245192307692308 0.32572115384615385 0.04326923076923077 0.04326923076923077
0 0.2764423076923077 0.29086538461538464 0.04326923076923077 0.04326923076923077
0 0.2800480769230769 0.24759615384615385 0.04326923076923077 0.04326923076923077
0 0.25600961538461536 0.17548076923076922 0.04326923076923077 0.04326923076923077
0 0.2439903846153846 0.11658653846153846 0.04326923076923077 0.04326923076923077
0 0.3269230769230769 0.2704326923076923 0.04326923076923077 0.04326923076923077
0 0.33533653846153844 0.3701923076923077 0.04326923076923077 0.04326923076923077
0 0.28966346153846156 0.4362980769230769 0.04326923076923077 0.04326923076923077
0 0.41466346153846156 0.5240384615384616 0.04326923076923077 0.04326923076923077
0 0.4723557692307692 0.41225961538461536 0.04326923076923077 0.04326923076923077
0 0.44350961538461536 0.18028846153846154 0.04326923076923077 0.04326923076923077
0 0.44350961538461536 0.1310096153846154 0.04326923076923077 0.04326923076923077
0 0.5 0.17427884615384615 0.04326923076923077 0.04326923076923077
0 0.43509615384615385 0.09254807692307693 0.04326923076923077 0.04326923076923077
0 0.47115384615384615 0.042067307692307696 0.04326923076923077 0.04326923076923077
0 0.4855769230769231 0.021634615384615384 0.04326923076923077 0.04326923076923077
0 0.5024038461538461 0.07692307692307693 0.04326923076923077 0.04326923076923077
0 0.48677884615384615 0.8653846153846154 0.04326923076923077 0.04326923076923077
0 0.5180288461538461 0.8100961538461539 0.04326923076923077 0.04326923076923077
0 0.5264423076923077 0.8810096153846154 0.04326923076923077 0.04326923076923077
0 0.5913461538461539 0.8473557692307693 0.04326923076923077 0.04326923076923077
0 0.5661057692307693 0.8221153846153846 0.04326923076923077 0.04326923076923077
0 0.5949519230769231 0.7331730769230769 0.04326923076923077 0.04326923076923077
0 0.6382211538461539 0.7391826923076923 0.04326923076923077 0.04326923076923077
0 0.6887019230769231 0.8329326923076923 0.04326923076923077 0.04326923076923077
0 0.6947115384615384 0.8076923076923077 0.04326923076923077 0.04326923076923077
0 0.7584134615384616 0.7740384615384616 0.04326923076923077 0.04326923076923077
0 0.8088942307692307 0.7980769230769231 0.04326923076923077 0.04326923076923077
0 0.8088942307692307 0.6875 0.04326923076923077 0.04326923076923077
0 0.7572115384615384 0.6658653846153846 0.04326923076923077 0.04326923076923077
0 0.7283653846153846 0.7427884615384616 0.04326923076923077 0.04326923076923077
0 0.8221153846153846 0.6634615384615384 0.04326923076923077 0.04326923076923077