0 0.6334134615384616 0.055288461538461536 0.04927884615384615 0.04927884615384615
0 0.6117788461538461 0.08052884615384616 0.04927884615384615 0.04927884615384615
0 0.5384615384615384 0.18389423076923078 0.04927884615384615 0.04927884615384615
0 0.5084134615384616 0.15264423076923078 0.04927884615384615 0.04927884615384615
0 0.59375 0.24278846153846154 0.04927884615384615 0.04927884615384615
0 0.625 0.22235576923076922 0.04927884615384615 0.04927884615384615
0 0.6454326923076923 0.2692307692307692 0.04927884615384615 0.04927884615384615
0 0.4963942307692308 0.30528846153846156 0.04927884615384615 0.04927884615384615
0 0.5024038461538461 0.3557692307692308 0.04927884615384615 0.04927884615384615
0 0.5552884615384616 0.4182692307692308 0.04927884615384615 0.04927884615384615
0 0.4891826923076923 0.2644230769230769 0.04927884615384615 0.04927884615384615
0 0.5180288461538461 0.49038461538461536 0.04927884615384615 0.04927884615384615
0 0.4807692307692308 0.5288461538461539 0.04927884615384615 0.04927884615384615
0 0.515625 0.5456730769230769 0.04927884615384615 0.04927884615384615
0 0.484375 0.59375 0.04927884615384615 0.04927884615384615
0 0.42427884615384615 0.5961538461538461 0.04927884615384615 0.04927884615384615
0 0.4074519230769231 0.6742788461538461 0.04927884615384615 0.04927884615384615
0 0.4182692307692308 0.7019230769230769 0.04927884615384615 0.04927884615384615
0 0.37259615384615385 0.6947115384615384 0.04927884615384615 0.04927884615384615
0 0.29927884615384615 0.7848557692307693 0.04927884615384615 0.04927884615384615
0 0.24278846153846154 0.9338942307692307 0.04927884615384615 0.04927884615384615