0 0.6466346153846154 0.02403846153846154 0.05048076923076923 0.046875
0 0.5625 0.08052884615384616 0.05048076923076923 0.05048076923076923
0 0.6586538461538461 0.10697115384615384 0.05048076923076923 0.05048076923076923
0 0.6802884615384616 0.13822115384615385 0.05048076923076923 0.05048076923076923
0 0.6069711538461539 0.171875 0.05048076923076923 0.05048076923076923
0 0.7091346153846154 0.15264423076923078 0.05048076923076923 0.05048076923076923
0 0.7367788461538461 0.1875 0.05048076923076923 0.05048076923076923
0 0.7379807692307693 0.5 0.05048076923076923 0.05048076923076923
0 0.7163461538461539 0.46634615384615385 0.05048076923076923 0.05048076923076923
0 0.7692307692307693 0.6850961538461539 0.05048076923076923 0.05048076923076923
0 0.6850961538461539 0.3317307692307692 0.05048076923076923 0.05048076923076923
0 0.5817307692307693 0.23197115384615385 0.05048076923076923 0.05048076923076923
0 0.6033653846153846 0.296875 0.05048076923076923 0.05048076923076923
0 0.5 0.33774038461538464 0.05048076923076923 0.05048076923076923
0 0.5060096153846154 0.5132211538461539 0.05048076923076923 0.05048076923076923
0 0.45552884615384615 0.45913461538461536 0.05048076923076923 0.05048076923076923
0 0.44471153846153844 0.4963942307692308 0.05048076923076923 0.05048076923076923
0 0.4375 0.5288461538461539 0.05048076923076923 0.05048076923076923
0 0.4411057692307692 0.6322115384615384 0.05048076923076923 0.05048076923076923
0 0.40024038461538464 0.5961538461538461 0.05048076923076923 0.05048076923076923
0 0.41346153846153844 0.5552884615384616 0.05048076923076923 0.05048076923076923
0 0.4182692307692308 0.6971153846153846 0.05048076923076923 0.05048076923076923
0 0.39663461538461536 0.7091346153846154 0.05048076923076923 0.05048076923076923
0 0.28725961538461536 0.7475961538461539 0.05048076923076923 0.05048076923076923
0 0.24639423076923078 0.7872596153846154 0.05048076923076923 0.05048076923076923
0 0.1658653846153846 0.8533653846153846 0.05048076923076923 0.05048076923076923
0 0.18389423076923078 0.8161057692307693 0.05048076923076923 0.05048076923076923
0 0.2536057692307692 0.8774038461538461 0.05048076923076923 0.05048076923076923
0 0.25721153846153844 0.9134615384615384 0.05048076923076923 0.05048076923076923
0 0.18028846153846154 0.953125 0.05048076923076923 0.05048076923076923
0 0.171875 0.921875 0.05048076923076923 0.05048076923076923
0 0.23677884615384615 0.9302884615384616 0.05048076923076923 0.05048076923076923
0 0.5564903846153846 0.27163461538461536 0.05048076923076923 0.05048076923076923