0 0.3954326923076923 0.9362980769230769 0.021634615384615384 0.021634615384615384
0 0.43028846153846156 0.9014423076923077 0.021634615384615384 0.021634615384615384
0 0.47596153846153844 0.9711538461538461 0.021634615384615384 0.021634615384615384
0 0.31009615384615385 0.8305288461538461 0.021634615384615384 0.021634615384615384
0 0.3737980769230769 0.8149038461538461 0.021634615384615384 0.021634615384615384
0 0.38822115384615385 0.7115384615384616 0.021634615384615384 0.021634615384615384
0 0.421875 0.7319711538461539 0.021634615384615384 0.021634615384615384
0 0.37259615384615385 0.59375 0.021634615384615384 0.021634615384615384
0 0.31971153846153844 0.5817307692307693 0.021634615384615384 0.021634615384615384
0 0.29447115384615385 0.7608173076923077 0.021634615384615384 0.021634615384615384
0 0.43509615384615385 0.33533653846153844 0.021634615384615384 0.021634615384615384
0 0.45072115384615385 0.27884615384615385 0.021634615384615384 0.021634615384615384
0 0.3858173076923077 0.22115384615384615 0.021634615384615384 0.021634615384615384
0 0.31009615384615385 0.25240384615384615 0.021634615384615384 0.021634615384615384
0 0.14783653846153846 0.23197115384615385 0.021634615384615384 0.021634615384615384
0 0.28725961538461536 0.19591346153846154 0.021634615384615384 0.021634615384615384
0 0.4699519230769231 0.10697115384615384 0.021634615384615384 0.021634615384615384
0 0.4963942307692308 0.8930288461538461 0.021634615384615384 0.021634615384615384