0 0.6742788461538461 0.03485576923076923 0.052884615384615384 0.052884615384615384
0 0.65625 0.06971153846153846 0.052884615384615384 0.052884615384615384
0 0.5372596153846154 0.13701923076923078 0.052884615384615384 0.052884615384615384
0 0.5733173076923077 0.1814903846153846 0.052884615384615384 0.052884615384615384
0 0.6045673076923077 0.20072115384615385 0.052884615384615384 0.052884615384615384
0 0.6682692307692307 0.21875 0.052884615384615384 0.052884615384615384
0 0.6850961538461539 0.2704326923076923 0.052884615384615384 0.052884615384615384
0 0.5252403846153846 0.26322115384615385 0.052884615384615384 0.052884615384615384
0 0.5204326923076923 0.3088942307692308 0.052884615384615384 0.052884615384615384
0 0.5324519230769231 0.36658653846153844 0.052884615384615384 0.052884615384615384
0 0.5865384615384616 0.4326923076923077 0.052884615384615384 0.052884615384615384
0 0.5504807692307693 0.5132211538461539 0.052884615384615384 0.052884615384615384
0 0.4831730769230769 0.53125 0.052884615384615384 0.052884615384615384
0 0.5048076923076923 0.6225961538461539 0.052884615384615384 0.052884615384615384
0 0.4987980769230769 0.5949519230769231 0.052884615384615384 0.052884615384615384
0 0.5240384615384616 0.5961538461538461 0.052884615384615384 0.052884615384615384
0 0.4254807692307692 0.7127403846153846 0.052884615384615384 0.052884615384615384
0 0.39302884615384615 0.7283653846153846 0.052884615384615384 0.052884615384615384
0 0.4375 0.7463942307692307 0.052884615384615384 0.052884615384615384
0 0.45552884615384615 0.7043269230769231 0.052884615384615384 0.052884615384615384
0 0.37259615384615385 0.6875 0.052884615384615384 0.052884615384615384
0 0.3076923076923077 0.8329326923076923 0.052884615384615384 0.052884615384615384
0 0.40625 0.7944711538461539 0.052884615384615384 0.052884615384615384
0 0.23677884615384615 0.9266826923076923 0.052884615384615384 0.052884615384615384
0 0.3173076923076923 0.9675480769230769 0.052884615384615384 0.052884615384615384
0 0.43990384615384615 0.6225961538461539 0.052884615384615384 0.052884615384615384
0 0.5612980769230769 0.34615384615384615 0.052884615384615384 0.052884615384615384
0 0.6466346153846154 0.2439903846153846 0.052884615384615384 0.052884615384615384