0 0.2644230769230769 0.78125 0.04326923076923077 0.04326923076923077
0 0.2536057692307692 0.7367788461538461 0.04326923076923077 0.04326923076923077
0 0.2980769230769231 0.6574519230769231 0.04326923076923077 0.04326923076923077
0 0.3233173076923077 0.6322115384615384 0.04326923076923077 0.04326923076923077
0 0.28846153846153844 0.6105769230769231 0.04326923076923077 0.04326923076923077
0 0.23557692307692307 0.5240384615384616 0.04326923076923077 0.04326923076923077
0 0.26802884615384615 0.4579326923076923 0.04326923076923077 0.04326923076923077
0 0.171875 0.46634615384615385 0.04326923076923077 0.04326923076923077
0 0.18028846153846154 0.4387019230769231 0.04326923076923077 0.04326923076923077
0 0.15745192307692307 0.41947115384615385 0.04326923076923077 0.04326923076923077
0 0.20192307692307693 0.40625 0.04326923076923077 0.04326923076923077
0 0.19471153846153846 0.3076923076923077 0.04326923076923077 0.04326923076923077
0 0.13822115384615385 0.27403846153846156 0.04326923076923077 0.04326923076923077
0 0.18990384615384615 0.27403846153846156 0.04326923076923077 0.04326923076923077
0 0.14903846153846154 0.21995192307692307 0.04326923076923077 0.04326923076923077
0 0.04807692307692308 0.13341346153846154 0.04326923076923077 0.04326923076923077
0 0.07932692307692307 0.10096153846153846 0.04326923076923077 0.04326923076923077
0 0.05889423076923077 0.051682692307692304 0.04326923076923077 0.04326923076923077
0 0.10216346153846154 0.05889423076923077 0.04326923076923077 0.04326923076923077
0 0.15625 0.3233173076923077 0.04326923076923077 0.04326923076923077
0 0.296875 0.6923076923076923 0.04326923076923077 0.04326923076923077
0 0.11298076923076923 0.22235576923076922 0.04326923076923077 0.04326923076923077
0 0.3798076923076923 0.8942307692307693 0.04326923076923077 0.04326923076923077
0 0.39302884615384615 0.8521634615384616 0.04326923076923077 0.04326923076923077
0 0.421875 0.8353365384615384 0.04326923076923077 0.04326923076923077
0 0.4579326923076923 0.8473557692307693 0.04326923076923077 0.04326923076923077
0 0.5240384615384616 0.8305288461538461 0.04326923076923077 0.04326923076923077
0 0.6887019230769231 0.9362980769230769 0.04326923076923077 0.04326923076923077
0 0.7980769230769231 0.9831730769230769 0.04326923076923077 0.03365384615384615
0 0.7836538461538461 0.9074519230769231 0.04326923076923077 0.04326923076923077
0 0.8846153846153846 0.9807692307692307 0.04326923076923077 0.038461538461538464
0 0.9302884615384616 0.9338942307692307 0.04326923076923077 0.04326923076923077
0 0.7451923076923077 0.9338942307692307 0.04326923076923077 0.04326923076923077
0 0.6177884615384616 0.8581730769230769 0.04326923076923077 0.04326923076923077
0 0.5733173076923077 0.8918269230769231 0.04326923076923077 0.04326923076923077
0 0.22596153846153846 0.9699519230769231 0.04326923076923077 0.04326923076923077