0 0.04927884615384615 0.8846153846153846 0.09735576923076923 0.10576923076923077
0 0.10336538461538461 0.8401442307692307 0.10576923076923077 0.10576923076923077
0 0.19471153846153846 0.7632211538461539 0.10576923076923077 0.10576923076923077
0 0.1622596153846154 0.7379807692307693 0.10576923076923077 0.10576923076923077
0 0.14903846153846154 0.7247596153846154 0.10576923076923077 0.10576923076923077
0 0.12740384615384615 0.6911057692307693 0.10576923076923077 0.10576923076923077
0 0.15384615384615385 0.6658653846153846 0.10576923076923077 0.10576923076923077
0 0.1814903846153846 0.6778846153846154 0.10576923076923077 0.10576923076923077
0 0.2247596153846154 0.7307692307692307 0.10576923076923077 0.10576923076923077
0 0.2536057692307692 0.7115384615384616 0.10576923076923077 0.10576923076923077
0 0.11298076923076923 0.6033653846153846 0.10576923076923077 0.10576923076923077
0 0.25600961538461536 0.5961538461538461 0.10576923076923077 0.10576923076923077
0 0.31009615384615385 0.6526442307692307 0.10576923076923077 0.10576923076923077
0 0.33413461538461536 0.6189903846153846 0.10576923076923077 0.10576923076923077
0 0.3473557692307692 0.5721153846153846 0.10576923076923077 0.10576923076923077
0 0.32572115384615385 0.5444711538461539 0.10576923076923077 0.10576923076923077
0 0.35096153846153844 0.5132211538461539 0.10576923076923077 0.10576923076923077
0 0.39663461538461536 0.578125 0.10576923076923077 0.10576923076923077
0 0.4098557692307692 0.5336538461538461 0.10576923076923077 0.10576923076923077
0 0.43990384615384615 0.5036057692307693 0.10576923076923077 0.10576923076923077
0 0.3786057692307692 0.47115384615384615 0.10576923076923077 0.10576923076923077
0 0.40865384615384615 0.421875 0.10576923076923077 0.10576923076923077
0 0.49399038461538464 0.3473557692307692 0.10576923076923077 0.10576923076923077
0 0.6286057692307693 0.37259615384615385 0.10576923076923077 0.10576923076923077
0 0.45552884615384615 0.4098557692307692 0.10576923076923077 0.10576923076923077
0 0.5192307692307693 0.43028846153846156 0.10576923076923077 0.10576923076923077
0 0.6875 0.20552884615384615 0.10576923076923077 0.10576923076923077
0 0.7091346153846154 0.1814903846153846 0.10576923076923077 0.10576923076923077
0 0.7115384615384616 0.15384615384615385 0.10576923076923077 0.10576923076923077
0 0.7055288461538461 0.25721153846153844 0.10576923076923077 0.10576923076923077
0 0.6947115384615384 0.28725961538461536 0.10576923076923077 0.10576923076923077
0 0.6658653846153846 0.30649038461538464 0.10576923076923077 0.10576923076923077
0 0.6911057692307693 0.32211538461538464 0.10576923076923077 0.10576923076923077
0 0.6370192307692307 0.3317307692307692 0.10576923076923077 0.10576923076923077
0 0.6814903846153846 0.375 0.10576923076923077 0.10576923076923077
0 0.6754807692307693 0.40865384615384615 0.10576923076923077 0.10576923076923077
0 0.6935096153846154 0.42788461538461536 0.10576923076923077 0.10576923076923077
0 0.6995192307692307 0.45913461538461536 0.10576923076923077 0.10576923076923077
0 0.7740384615384616 0.453125 0.10576923076923077 0.10576923076923077
0 0.6911057692307693 0.5120192307692307 0.10576923076923077 0.10576923076923077
0 0.6490384615384616 0.5240384615384616 0.10576923076923077 0.10576923076923077
0 0.6814903846153846 0.6778846153846154 0.10576923076923077 0.10576923076923077
0 0.7752403846153846 0.6802884615384616 0.10576923076923077 0.10576923076923077
0 0.8052884615384616 0.6971153846153846 0.10576923076923077 0.10576923076923077
0 0.8257211538461539 0.7259615384615384 0.10576923076923077 0.10576923076923077
0 0.8497596153846154 0.7992788461538461 0.10576923076923077 0.10576923076923077
0 0.7283653846153846 0.734375 0.10576923076923077 0.10576923076923077
0 0.7632211538461539 0.8028846153846154 0.10576923076923077 0.10576923076923077
0 0.7992788461538461 0.9338942307692307 0.10576923076923077 0.10576923076923077