0 0.18509615384615385 0.019230769230769232 0.04326923076923077 0.038461538461538464
0 0.28725961538461536 0.09975961538461539 0.04326923076923077 0.04326923076923077
0 0.27524038461538464 0.018028846153846152 0.04326923076923077 0.03485576923076923
0 0.37740384615384615 0.08774038461538461 0.04326923076923077 0.04326923076923077
0 0.234375 0.14903846153846154 0.04326923076923077 0.04326923076923077
0 0.17427884615384615 0.19110576923076922 0.04326923076923077 0.04326923076923077
0 0.15865384615384615 0.14302884615384615 0.04326923076923077 0.04326923076923077
0 0.2247596153846154 0.29447115384615385 0.04326923076923077 0.04326923076923077
0 0.41947115384615385 0.29927884615384615 0.04326923076923077 0.04326923076923077
0 0.5132211538461539 0.25721153846153844 0.04326923076923077 0.04326923076923077
0 0.46274038461538464 0.3557692307692308 0.04326923076923077 0.04326923076923077
0 0.34134615384615385 0.38822115384615385 0.04326923076923077 0.04326923076923077
0 0.5841346153846154 0.44711538461538464 0.04326923076923077 0.04326923076923077
0 0.6586538461538461 0.3786057692307692 0.04326923076923077 0.04326923076923077
0 0.8028846153846154 0.6117788461538461 0.04326923076923077 0.04326923076923077
0 0.7776442307692307 0.6586538461538461 0.04326923076923077 0.04326923076923077
0 0.875 0.6430288461538461 0.04326923076923077 0.04326923076923077
0 0.9302884615384616 0.7992788461538461 0.04326923076923077 0.04326923076923077
0 0.7788461538461539 0.5600961538461539 0.04326923076923077 0.04326923076923077
0 0.8100961538461539 0.5372596153846154 0.04326923076923077 0.04326923076923077
0 0.78125 0.5060096153846154 0.04326923076923077 0.04326923076923077
0 0.7367788461538461 0.2776442307692308 0.04326923076923077 0.04326923076923077
0 0.7620192307692307 0.29927884615384615 0.04326923076923077 0.04326923076923077
0 0.8413461538461539 0.28365384615384615 0.04326923076923077 0.04326923076923077
0 0.9194711538461539 0.25961538461538464 0.04326923076923077 0.04326923076923077
0 0.7427884615384616 0.21634615384615385 0.04326923076923077 0.04326923076923077
0 0.8185096153846154 0.19110576923076922 0.04326923076923077 0.04326923076923077
0 0.6322115384615384 0.3125 0.04326923076923077 0.04326923076923077
0 0.6598557692307693 0.31850961538461536 0.04326923076923077 0.04326923076923077
0 0.9471153846153846 0.18990384615384615 0.04326923076923077 0.04326923076923077
0 0.2932692307692308 0.33653846153846156 0.04326923076923077 0.04326923076923077