0 0.1466346153846154 0.46153846153846156 0.10576923076923077 0.10576923076923077
0 0.22235576923076922 0.45913461538461536 0.10576923076923077 0.10576923076923077
0 0.2439903846153846 0.46634615384615385 0.10576923076923077 0.10576923076923077
0 0.1658653846153846 0.5252403846153846 0.10576923076923077 0.10576923076923077
0 0.32211538461538464 0.43990384615384615 0.10576923076923077 0.10576923076923077
0 0.35096153846153844 0.5528846153846154 0.10576923076923077 0.10576923076923077
0 0.38822115384615385 0.5252403846153846 0.10576923076923077 0.10576923076923077
0 0.39663461538461536 0.44350961538461536 0.10576923076923077 0.10576923076923077
0 0.4254807692307692 0.5288461538461539 0.10576923076923077 0.10576923076923077
0 0.45552884615384615 0.515625 0.10576923076923077 0.10576923076923077
0 0.48677884615384615 0.47115384615384615 0.10576923076923077 0.10576923076923077
0 0.46875 0.44350961538461536 0.10576923076923077 0.10576923076923077
0 0.5685096153846154 0.40865384615384615 0.10576923076923077 0.10576923076923077
0 0.6057692307692307 0.48677884615384615 0.10576923076923077 0.10576923076923077
0 0.5096153846153846 0.5805288461538461 0.10576923076923077 0.10576923076923077
0 0.4723557692307692 0.5588942307692307 0.10576923076923077 0.10576923076923077
0 0.6069711538461539 0.5552884615384616 0.10576923076923077 0.10576923076923077
0 0.6430288461538461 0.5721153846153846 0.10576923076923077 0.10576923076923077
0 0.6694711538461539 0.5961538461538461 0.10576923076923077 0.10576923076923077
0 0.7367788461538461 0.5432692307692307 0.10576923076923077 0.10576923076923077
0 0.7283653846153846 0.5024038461538461 0.10576923076923077 0.10576923076923077
0 0.8221153846153846 0.6971153846153846 0.10576923076923077 0.10576923076923077
0 0.859375 0.6177884615384616 0.10576923076923077 0.10576923076923077
0 0.09134615384615384 0.5685096153846154 0.10576923076923077 0.10576923076923077
0 0.109375 0.5600961538461539 0.10576923076923077 0.10576923076923077
0 0.1346153846153846 0.5024038461538461 0.10576923076923077 0.10576923076923077
0 0.35096153846153844 0.49759615384615385 0.10576923076923077 0.10576923076923077
0 0.7692307692307693 0.3317307692307692 0.10576923076923077 0.10576923076923077
0 0.7379807692307693 0.3401442307692308 0.10576923076923077 0.10576923076923077
0 0.7379807692307693 0.25 0.10576923076923077 0.10576923076923077