0 0.039663461538461536 0.28365384615384615 0.04326923076923077 0.04326923076923077
0 0.08774038461538461 0.24639423076923078 0.04326923076923077 0.04326923076923077
0 0.12740384615384615 0.2668269230769231 0.04326923076923077 0.04326923076923077
0 0.12379807692307693 0.3004807692307692 0.04326923076923077 0.04326923076923077
0 0.2127403846153846 0.3449519230769231 0.04326923076923077 0.04326923076923077
0 0.28125 0.3173076923076923 0.04326923076923077 0.04326923076923077
0 0.27403846153846156 0.40384615384615385 0.04326923076923077 0.04326923076923077
0 0.25721153846153844 0.37740384615384615 0.04326923076923077 0.04326923076923077
0 0.34615384615384615 0.41947115384615385 0.04326923076923077 0.04326923076923077
0 0.40865384615384615 0.4723557692307692 0.04326923076923077 0.04326923076923077
0 0.41947115384615385 0.49759615384615385 0.04326923076923077 0.04326923076923077
0 0.453125 0.5120192307692307 0.04326923076923077 0.04326923076923077
0 0.5180288461538461 0.6574519230769231 0.04326923076923077 0.04326923076923077
0 0.5348557692307693 0.6057692307692307 0.04326923076923077 0.04326923076923077
0 0.5600961538461539 0.6382211538461539 0.04326923076923077 0.04326923076923077
0 0.5396634615384616 0.6838942307692307 0.04326923076923077 0.04326923076923077
0 0.6814903846153846 0.7908653846153846 0.04326923076923077 0.04326923076923077
0 0.6622596153846154 0.8257211538461539 0.04326923076923077 0.04326923076923077
0 0.7067307692307693 0.8016826923076923 0.04326923076923077 0.04326923076923077
0 0.7512019230769231 0.8197115384615384 0.04326923076923077 0.04326923076923077
0 0.8052884615384616 0.8978365384615384 0.04326923076923077 0.04326923076923077
0 0.8317307692307693 0.890625 0.04326923076923077 0.04326923076923077
0 0.8509615384615384 0.8798076923076923 0.04326923076923077 0.04326923076923077
0 0.7668269230769231 0.7944711538461539 0.04326923076923077 0.04326923076923077
0 0.796875 0.7992788461538461 0.04326923076923077 0.04326923076923077
0 0.9350961538461539 0.8725961538461539 0.04326923076923077 0.04326923076923077
0 0.9783653846153846 0.9399038461538461 0.04326923076923077 0.04326923076923077
0 0.7463942307692307 0.7115384615384616 0.04326923076923077 0.04326923076923077