0 0.1466346153846154 0.26322115384615385 0.04326923076923077 0.04326923076923077
0 0.203125 0.25600961538461536 0.04326923076923077 0.04326923076923077
0 0.17427884615384615 0.29927884615384615 0.04326923076923077 0.04326923076923077
0 0.140625 0.30288461538461536 0.04326923076923077 0.04326923076923077
0 0.22115384615384615 0.29447115384615385 0.04326923076923077 0.04326923076923077
0 0.29927884615384615 0.3713942307692308 0.04326923076923077 0.04326923076923077
0 0.28846153846153844 0.45072115384615385 0.04326923076923077 0.04326923076923077
0 0.32572115384615385 0.49759615384615385 0.04326923076923077 0.04326923076923077
0 0.35336538461538464 0.48677884615384615 0.04326923076923077 0.04326923076923077
0 0.35697115384615385 0.6802884615384616 0.04326923076923077 0.04326923076923077
0 0.3629807692307692 0.6538461538461539 0.04326923076923077 0.04326923076923077
0 0.41586538461538464 0.6310096153846154 0.04326923076923077 0.04326923076923077
0 0.3870192307692308 0.609375 0.04326923076923077 0.04326923076923077
0 0.41225961538461536 0.6586538461538461 0.04326923076923077 0.04326923076923077
0 0.44350961538461536 0.7367788461538461 0.04326923076923077 0.04326923076923077
0 0.41346153846153844 0.7439903846153846 0.04326923076923077 0.04326923076923077
0 0.38100961538461536 0.7439903846153846 0.04326923076923077 0.04326923076923077
0 0.5132211538461539 0.7692307692307693 0.04326923076923077 0.04326923076923077
0 0.5288461538461539 0.7872596153846154 0.04326923076923077 0.04326923076923077
0 0.5132211538461539 0.8461538461538461 0.04326923076923077 0.04326923076923077
0 0.5528846153846154 0.8725961538461539 0.04326923076923077 0.04326923076923077
0 0.6189903846153846 0.8185096153846154 0.04326923076923077 0.04326923076923077
0 0.6538461538461539 0.8677884615384616 0.04326923076923077 0.04326923076923077
0 0.7211538461538461 0.9278846153846154 0.04326923076923077 0.04326923076923077
0 0.7716346153846154 0.9134615384615384 0.04326923076923077 0.04326923076923077
0 0.6754807692307693 0.9507211538461539 0.04326923076923077 0.04326923076923077
0 0.7067307692307693 0.8822115384615384 0.04326923076923077 0.04326923076923077
0 0.8004807692307693 0.9819711538461539 0.04326923076923077 0.03485576923076923
0 0.08413461538461539 0.14423076923076922 0.04326923076923077 0.04326923076923077
0 0.1502403846153846 0.1466346153846154 0.04326923076923077 0.04326923076923077
0 0.23677884615384615 0.109375 0.04326923076923077 0.04326923076923077
0 0.24759615384615385 0.24278846153846154 0.04326923076923077 0.04326923076923077
0 0.24759615384615385 0.21514423076923078 0.04326923076923077 0.04326923076923077
0 0.25961538461538464 0.18990384615384615 0.04326923076923077 0.04326923076923077
0 0.31490384615384615 0.17548076923076922 0.04326923076923077 0.04326923076923077
0 0.34134615384615385 0.09134615384615384 0.04326923076923077 0.04326923076923077
0 0.36177884615384615 0.06971153846153846 0.04326923076923077 0.04326923076923077
0 0.39663461538461536 0.1310096153846154 0.04326923076923077 0.04326923076923077
0 0.359375 0.1502403846153846 0.04326923076923077 0.04326923076923077
0 0.31009615384615385 0.12740384615384615 0.04326923076923077 0.04326923076923077
0 0.27884615384615385 0.13701923076923078 0.04326923076923077 0.04326923076923077
0 0.39663461538461536 0.04927884615384615 0.04326923076923077 0.04326923076923077
0 0.5288461538461539 0.046875 0.04326923076923077 0.04326923076923077
0 0.6213942307692307 0.052884615384615384 0.04326923076923077 0.04326923076923077