0 0.18028846153846154 0.06490384615384616 0.052884615384615384 0.052884615384615384
0 0.21634615384615385 0.052884615384615384 0.052884615384615384 0.052884615384615384
0 0.25721153846153844 0.09134615384615384 0.052884615384615384 0.052884615384615384
0 0.29086538461538464 0.1141826923076923 0.052884615384615384 0.052884615384615384
0 0.3629807692307692 0.23076923076923078 0.052884615384615384 0.052884615384615384
0 0.3737980769230769 0.27884615384615385 0.052884615384615384 0.052884615384615384
0 0.3545673076923077 0.31490384615384615 0.052884615384615384 0.052884615384615384
0 0.31850961538461536 0.20552884615384615 0.052884615384615384 0.052884615384615384
0 0.40865384615384615 0.3389423076923077 0.052884615384615384 0.052884615384615384
0 0.3870192307692308 0.4170673076923077 0.052884615384615384 0.052884615384615384
0 0.45913461538461536 0.35697115384615385 0.052884615384615384 0.052884615384615384
0 0.2980769230769231 0.29447115384615385 0.052884615384615384 0.052884615384615384
0 0.45072115384615385 0.43149038461538464 0.052884615384615384 0.052884615384615384
0 0.4879807692307692 0.38100961538461536 0.052884615384615384 0.052884615384615384
0 0.5300480769230769 0.40024038461538464 0.052884615384615384 0.052884615384615384
0 0.5240384615384616 0.45552884615384615 0.052884615384615384 0.052884615384615384
0 0.6081730769230769 0.421875 0.052884615384615384 0.052884615384615384
0 0.5757211538461539 0.484375 0.052884615384615384 0.052884615384615384
0 0.6598557692307693 0.6286057692307693 0.052884615384615384 0.052884615384615384
0 0.6935096153846154 0.609375 0.052884615384615384 0.052884615384615384
0 0.7055288461538461 0.6538461538461539 0.052884615384615384 0.052884615384615384
0 0.7403846153846154 0.5961538461538461 0.052884615384615384 0.052884615384615384
0 0.7728365384615384 0.6442307692307693 0.052884615384615384 0.052884615384615384
0 0.7776442307692307 0.6911057692307693 0.052884615384615384 0.052884615384615384
0 0.8016826923076923 0.7367788461538461 0.052884615384615384 0.052884615384615384
0 0.8257211538461539 0.7151442307692307 0.052884615384615384 0.052884615384615384
0 0.9170673076923077 0.8209134615384616 0.052884615384615384 0.052884615384615384
0 0.9447115384615384 0.7740384615384616 0.052884615384615384 0.052884615384615384
0 0.6706730769230769 0.5685096153846154 0.052884615384615384 0.052884615384615384
0 0.6274038461538461 0.5228365384615384 0.052884615384615384 0.052884615384615384
0 0.640625 0.5024038461538461 0.052884615384615384 0.052884615384615384
0 0.31490384615384615 0.37259615384615385 0.052884615384615384 0.052884615384615384
0 0.3245192307692308 0.8425480769230769 0.052884615384615384 0.052884615384615384
0 0.22235576923076922 0.8305288461538461 0.052884615384615384 0.052884615384615384
0 0.2848557692307692 0.9026442307692307 0.052884615384615384 0.052884615384615384
0 0.23076923076923078 0.9543269230769231 0.052884615384615384 0.052884615384615384
0 0.23317307692307693 0.90625 0.052884615384615384 0.052884615384615384
0 0.28725961538461536 0.8112980769230769 0.052884615384615384 0.052884615384615384