0 0.06009615384615385 0.6225961538461539 0.10576923076923077 0.10576923076923077
0 0.040865384615384616 0.5757211538461539 0.08173076923076923 0.10576923076923077
0 0.11177884615384616 0.6153846153846154 0.10576923076923077 0.10576923076923077
0 0.1346153846153846 0.5721153846153846 0.10576923076923077 0.10576923076923077
0 0.18028846153846154 0.5372596153846154 0.10576923076923077 0.10576923076923077
0 0.20673076923076922 0.47475961538461536 0.10576923076923077 0.10576923076923077
0 0.17548076923076922 0.5901442307692307 0.10576923076923077 0.10576923076923077
0 0.20673076923076922 0.5913461538461539 0.10576923076923077 0.10576923076923077
0 0.27524038461538464 0.5276442307692307 0.10576923076923077 0.10576923076923077
0 0.31850961538461536 0.5 0.10576923076923077 0.10576923076923077
0 0.24278846153846154 0.5132211538461539 0.10576923076923077 0.10576923076923077
0 0.3401442307692308 0.38822115384615385 0.10576923076923077 0.10576923076923077
0 0.056490384615384616 0.5180288461538461 0.10576923076923077 0.10576923076923077
0 0.15384615384615385 0.42427884615384615 0.10576923076923077 0.10576923076923077
0 0.17427884615384615 0.36778846153846156 0.10576923076923077 0.10576923076923077
0 0.22115384615384615 0.34975961538461536 0.10576923076923077 0.10576923076923077
0 0.30288461538461536 0.30288461538461536 0.10576923076923077 0.10576923076923077
0 0.36538461538461536 0.31490384615384615 0.10576923076923077 0.10576923076923077
0 0.3401442307692308 0.34615384615384615 0.10576923076923077 0.10576923076923077
0 0.44350961538461536 0.33413461538461536 0.10576923076923077 0.10576923076923077
0 0.47836538461538464 0.33653846153846156 0.10576923076923077 0.10576923076923077
0 0.5024038461538461 0.27163461538461536 0.10576923076923077 0.10576923076923077
0 0.6658653846153846 0.22115384615384615 0.10576923076923077 0.10576923076923077
0 0.6538461538461539 0.36177884615384615 0.10576923076923077 0.10576923076923077
0 0.6802884615384616 0.33653846153846156 0.10576923076923077 0.10576923076923077
0 0.6274038461538461 0.42427884615384615 0.10576923076923077 0.10576923076923077
0 0.6935096153846154 0.42788461538461536 0.10576923076923077 0.10576923076923077
0 0.7091346153846154 0.46634615384615385 0.10576923076923077 0.10576923076923077
0 0.6274038461538461 0.609375 0.10576923076923077 0.10576923076923077
0 0.6225961538461539 0.6634615384615384 0.10576923076923077 0.10576923076923077
0 0.6971153846153846 0.6586538461538461 0.10576923076923077 0.10576923076923077
0 0.7007211538461539 0.5997596153846154 0.10576923076923077 0.10576923076923077
0 0.7127403846153846 0.8377403846153846 0.10576923076923077 0.10576923076923077
0 0.7307692307692307 0.8149038461538461 0.10576923076923077 0.10576923076923077
0 0.7283653846153846 0.7067307692307693 0.10576923076923077 0.10576923076923077
0 0.6274038461538461 0.9507211538461539 0.10576923076923077 0.09735576923076923
0 0.7091346153846154 0.8725961538461539 0.10576923076923077 0.10576923076923077
0 0.6466346153846154 0.734375 0.10576923076923077 0.10576923076923077
0 0.7596153846153846 0.6274038461538461 0.10576923076923077 0.10576923076923077
0 0.7884615384615384 0.5745192307692307 0.10576923076923077 0.10576923076923077
0 0.7740384615384616 0.5685096153846154 0.10576923076923077 0.10576923076923077
0 0.796875 0.6538461538461539 0.10576923076923077 0.10576923076923077
0 0.8774038461538461 0.6538461538461539 0.10576923076923077 0.10576923076923077
0 0.8882211538461539 0.7752403846153846 0.10576923076923077 0.10576923076923077
0 0.9350961538461539 0.7632211538461539 0.10576923076923077 0.10576923076923077
0 0.9122596153846154 0.8257211538461539 0.10576923076923077 0.10576923076923077
0 0.9447115384615384 0.84375 0.10576923076923077 0.10576923076923077
0 0.8629807692307693 0.8257211538461539 0.10576923076923077 0.10576923076923077
0 0.8629807692307693 0.7463942307692307 0.10576923076923077 0.10576923076923077
0 0.8461538461538461 0.6995192307692307 0.10576923076923077 0.10576923076923077
0 0.8497596153846154 0.6995192307692307 0.10576923076923077 0.10576923076923077
0 0.7572115384615384 0.7211538461538461 0.10576923076923077 0.10576923076923077
0 0.8966346153846154 0.6213942307692307 0.10576923076923077 0.10576923076923077
0 0.6286057692307693 0.5336538461538461 0.10576923076923077 0.10576923076923077
0 0.03485576923076923 0.6538461538461539 0.06971153846153846 0.10576923076923077