0 0.9771634615384616 0.49759615384615385 0.04447115384615385 0.04927884615384615
0 0.9302884615384616 0.5360576923076923 0.04927884615384615 0.04927884615384615
0 0.9122596153846154 0.5036057692307693 0.04927884615384615 0.04927884615384615
0 0.8473557692307693 0.5180288461538461 0.04927884615384615 0.04927884615384615
0 0.8569711538461539 0.5444711538461539 0.04927884615384615 0.04927884615384615
0 0.9627403846153846 0.4519230769230769 0.04927884615384615 0.04927884615384615
0 0.9038461538461539 0.45072115384615385 0.04927884615384615 0.04927884615384615
0 0.875 0.41947115384615385 0.04927884615384615 0.04927884615384615
0 0.8485576923076923 0.41346153846153844 0.04927884615384615 0.04927884615384615
0 0.8125 0.390625 0.04927884615384615 0.04927884615384615
0 0.8100961538461539 0.4855769230769231 0.04927884615384615 0.04927884615384615
0 0.7908653846153846 0.46634615384615385 0.04927884615384615 0.04927884615384615
0 0.7608173076923077 0.47836538461538464 0.04927884615384615 0.04927884615384615
0 0.7367788461538461 0.41225961538461536 0.04927884615384615 0.04927884615384615
0 0.6911057692307693 0.40024038461538464 0.04927884615384615 0.04927884615384615
0 0.6538461538461539 0.3605769230769231 0.04927884615384615 0.04927884615384615
0 0.640625 0.3389423076923077 0.04927884615384615 0.04927884615384615
0 0.7007211538461539 0.3173076923076923 0.04927884615384615 0.04927884615384615
0 0.6850961538461539 0.296875 0.04927884615384615 0.04927884615384615
0 0.5745192307692307 0.31850961538461536 0.04927884615384615 0.04927884615384615
0 0.6983173076923077 0.46634615384615385 0.04927884615384615 0.04927884615384615
0 0.6574519230769231 0.4483173076923077 0.04927884615384615 0.04927884615384615
0 0.6237980769230769 0.46875 0.04927884615384615 0.04927884615384615
0 0.5360576923076923 0.4074519230769231 0.04927884615384615 0.04927884615384615
0 0.5649038461538461 0.47475961538461536 0.04927884615384615 0.04927884615384615
0 0.5180288461538461 0.5 0.04927884615384615 0.04927884615384615
0 0.43028846153846156 0.47115384615384615 0.04927884615384615 0.04927884615384615
0 0.4579326923076923 0.5456730769230769 0.04927884615384615 0.04927884615384615
0 0.40384615384615385 0.5492788461538461 0.04927884615384615 0.04927884615384615
0 0.2848557692307692 0.48197115384615385 0.04927884615384615 0.04927884615384615
0 0.27403846153846156 0.5384615384615384 0.04927884615384615 0.04927884615384615
0 0.23677884615384615 0.5072115384615384 0.04927884615384615 0.04927884615384615
0 0.31490384615384615 0.6153846153846154 0.04927884615384615 0.04927884615384615
0 0.3173076923076923 0.6394230769230769 0.04927884615384615 0.04927884615384615
0 0.2668269230769231 0.6634615384615384 0.04927884615384615 0.04927884615384615
0 0.21875 0.6947115384615384 0.04927884615384615 0.04927884615384615
0 0.2403846153846154 0.5829326923076923 0.04927884615384615 0.04927884615384615
0 0.18028846153846154 0.6538461538461539 0.04927884615384615 0.04927884615384615
0 0.15384615384615385 0.6430288461538461 0.04927884615384615 0.04927884615384615
0 0.1935096153846154 0.7175480769230769 0.04927884615384615 0.04927884615384615
0 0.48197115384615385 0.53125 0.04927884615384615 0.04927884615384615
0 0.2776442307692308 0.9651442307692307 0.04927884615384615 0.04927884615384615
0 0.19951923076923078 0.953125 0.04927884615384615 0.04927884615384615
0 0.16346153846153846 0.9182692307692307 0.04927884615384615 0.04927884615384615
0 0.23677884615384615 0.8725961538461539 0.04927884615384615 0.04927884615384615