0 0.23918269230769232 0.125 0.052884615384615384 0.052884615384615384
0 0.2692307692307692 0.11778846153846154 0.052884615384615384 0.052884615384615384
0 0.27524038461538464 0.0625 0.052884615384615384 0.052884615384615384
0 0.32091346153846156 0.12860576923076922 0.052884615384615384 0.052884615384615384
0 0.41947115384615385 0.051682692307692304 0.052884615384615384 0.052884615384615384
0 0.23557692307692307 0.1622596153846154 0.052884615384615384 0.052884615384615384
0 0.2127403846153846 0.16947115384615385 0.052884615384615384 0.052884615384615384
0 0.2644230769230769 0.18509615384615385 0.052884615384615384 0.052884615384615384
0 0.26802884615384615 0.24879807692307693 0.052884615384615384 0.052884615384615384
0 0.3137019230769231 0.33052884615384615 0.052884615384615384 0.052884615384615384
0 0.31009615384615385 0.30528846153846156 0.052884615384615384 0.052884615384615384
0 0.30528846153846156 0.38100961538461536 0.052884615384615384 0.052884615384615384
0 0.25721153846153844 0.3173076923076923 0.052884615384615384 0.052884615384615384
0 0.21153846153846154 0.25 0.052884615384615384 0.052884615384615384
0 0.19831730769230768 0.21875 0.052884615384615384 0.052884615384615384
0 0.18269230769230768 0.4735576923076923 0.052884615384615384 0.052884615384615384
0 0.125 0.5576923076923077 0.052884615384615384 0.052884615384615384
0 0.08653846153846154 0.5997596153846154 0.052884615384615384 0.052884615384615384
0 0.1502403846153846 0.6658653846153846 0.052884615384615384 0.052884615384615384
0 0.8293269230769231 0.8209134615384616 0.052884615384615384 0.052884615384615384
0 0.8737980769230769 0.8461538461538461 0.052884615384615384 0.052884615384615384
0 0.8930288461538461 0.8028846153846154 0.052884615384615384 0.052884615384615384
0 0.8317307692307693 0.7223557692307693 0.052884615384615384 0.052884615384615384
0 0.8317307692307693 0.5805288461538461 0.052884615384615384 0.052884615384615384
0 0.7536057692307693 0.6141826923076923 0.052884615384615384 0.052884615384615384
0 0.7019230769230769 0.515625 0.052884615384615384 0.052884615384615384
0 0.7439903846153846 0.484375 0.052884615384615384 0.052884615384615384
0 0.6887019230769231 0.4266826923076923 0.052884615384615384 0.052884615384615384
0 0.640625 0.32572115384615385 0.052884615384615384 0.052884615384615384
0 0.6658653846153846 0.32572115384615385 0.052884615384615384 0.052884615384615384
0 0.7295673076923077 0.32211538461538464 0.052884615384615384 0.052884615384615384
0 0.71875 0.2848557692307692 0.052884615384615384 0.052884615384615384
0 0.7091346153846154 0.24519230769230768 0.052884615384615384 0.052884615384615384
0 0.75 0.22355769230769232 0.052884615384615384 0.052884615384615384
0 0.796875 0.22115384615384615 0.052884615384615384 0.052884615384615384
0 0.8004807692307693 0.19230769230769232 0.052884615384615384 0.052884615384615384
0 0.8197115384615384 0.16346153846153846 0.052884615384615384 0.052884615384615384
0 0.8197115384615384 0.06009615384615385 0.052884615384615384 0.052884615384615384
0 0.6935096153846154 0.0625 0.052884615384615384 0.052884615384615384
0 0.6310096153846154 0.21875 0.052884615384615384 0.052884615384615384