0 0.44591346153846156 0.04447115384615385 0.052884615384615384 0.052884615384615384
0 0.49399038461538464 0.09495192307692307 0.052884615384615384 0.052884615384615384
0 0.5132211538461539 0.13341346153846154 0.052884615384615384 0.052884615384615384
0 0.7007211538461539 0.25721153846153844 0.052884615384615384 0.052884615384615384
0 0.4543269230769231 0.17427884615384615 0.052884615384615384 0.052884615384615384
0 0.4411057692307692 0.21514423076923078 0.052884615384615384 0.052884615384615384
0 0.46875 0.3293269230769231 0.052884615384615384 0.052884615384615384
0 0.36899038461538464 0.35336538461538464 0.052884615384615384 0.052884615384615384
0 0.46153846153846156 0.43028846153846156 0.052884615384615384 0.052884615384615384
0 0.4651442307692308 0.5288461538461539 0.052884615384615384 0.052884615384615384
0 0.4026442307692308 0.5504807692307693 0.052884615384615384 0.052884615384615384
0 0.3737980769230769 0.5961538461538461 0.052884615384615384 0.052884615384615384
0 0.3641826923076923 0.5384615384615384 0.052884615384615384 0.052884615384615384
0 0.37259615384615385 0.6454326923076923 0.052884615384615384 0.052884615384615384
0 0.4110576923076923 0.6538461538461539 0.052884615384615384 0.052884615384615384
0 0.36778846153846156 0.7115384615384616 0.052884615384615384 0.052884615384615384
0 0.36778846153846156 0.7680288461538461 0.052884615384615384 0.052884615384615384
0 0.43509615384615385 0.7283653846153846 0.052884615384615384 0.052884615384615384
0 0.41225961538461536 0.7475961538461539 0.052884615384615384 0.052884615384615384
0 0.4170673076923077 0.7788461538461539 0.052884615384615384 0.052884615384615384
0 0.4375 0.8064903846153846 0.052884615384615384 0.052884615384615384
0 0.4182692307692308 0.8557692307692307 0.052884615384615384 0.052884615384615384
0 0.37259615384615385 0.8533653846153846 0.052884615384615384 0.052884615384615384