0 0.2644230769230769 0.33653846153846156 0.052884615384615384 0.052884615384615384
0 0.3557692307692308 0.37740384615384615 0.052884615384615384 0.052884615384615384
0 0.203125 0.3425480769230769 0.052884615384615384 0.052884615384615384
0 0.18028846153846154 0.33052884615384615 0.052884615384615384 0.052884615384615384
0 0.39663461538461536 0.2620192307692308 0.052884615384615384 0.052884615384615384
0 0.4074519230769231 0.23677884615384615 0.052884615384615384 0.052884615384615384
0 0.4675480769230769 0.33774038461538464 0.052884615384615384 0.052884615384615384
0 0.4855769230769231 0.30528846153846156 0.052884615384615384 0.052884615384615384
0 0.5060096153846154 0.28966346153846156 0.052884615384615384 0.052884615384615384
0 0.5432692307692307 0.3293269230769231 0.052884615384615384 0.052884615384615384
0 0.5324519230769231 0.21875 0.052884615384615384 0.052884615384615384
0 0.47836538461538464 0.20793269230769232 0.052884615384615384 0.052884615384615384
0 0.4879807692307692 0.234375 0.052884615384615384 0.052884615384615384
0 0.5973557692307693 0.20072115384615385 0.052884615384615384 0.052884615384615384
0 0.6286057692307693 0.20552884615384615 0.052884615384615384 0.052884615384615384
0 0.6658653846153846 0.20432692307692307 0.052884615384615384 0.052884615384615384
0 0.7055288461538461 0.22115384615384615 0.052884615384615384 0.052884615384615384
0 0.7019230769230769 0.29086538461538464 0.052884615384615384 0.052884615384615384
0 0.7427884615384616 0.28846153846153844 0.052884615384615384 0.052884615384615384
0 0.609375 0.27884615384615385 0.052884615384615384 0.052884615384615384
0 0.6045673076923077 0.3125 0.052884615384615384 0.052884615384615384
0 0.6490384615384616 0.30288461538461536 0.052884615384615384 0.052884615384615384
0 0.7632211538461539 0.20552884615384615 0.052884615384615384 0.052884615384615384
0 0.8052884615384616 0.18509615384615385 0.052884615384615384 0.052884615384615384
0 0.8449519230769231 0.21634615384615385 0.052884615384615384 0.052884615384615384
0 0.24158653846153846 0.2776442307692308 0.052884615384615384 0.052884615384615384
0 0.12620192307692307 0.38341346153846156 0.052884615384615384 0.052884615384615384
0 0.1141826923076923 0.4423076923076923 0.052884615384615384 0.052884615384615384
0 0.046875 0.4423076923076923 0.052884615384615384 0.052884615384615384
0 0.15625 0.47596153846153844 0.052884615384615384 0.052884615384615384
0 0.3557692307692308 0.6947115384615384 0.052884615384615384 0.052884615384615384
0 0.39302884615384615 0.7259615384615384 0.052884615384615384 0.052884615384615384
0 0.34615384615384615 0.7956730769230769 0.052884615384615384 0.052884615384615384
0 0.4723557692307692 0.7680288461538461 0.052884615384615384 0.052884615384615384
0 0.46634615384615385 0.7259615384615384 0.052884615384615384 0.052884615384615384
0 0.4495192307692308 0.8112980769230769 0.052884615384615384 0.052884615384615384
0 0.4855769230769231 0.8329326923076923 0.052884615384615384 0.052884615384615384
0 0.5072115384615384 0.7824519230769231 0.052884615384615384 0.052884615384615384
0 0.5180288461538461 0.8245192307692307 0.052884615384615384 0.052884615384615384
0 0.5456730769230769 0.8052884615384616 0.052884615384615384 0.052884615384615384
0 0.5588942307692307 0.8425480769230769 0.052884615384615384 0.052884615384615384