0 0.5120192307692307 0.9495192307692307 0.04326923076923077 0.04326923076923077
0 0.5841346153846154 0.9747596153846154 0.04326923076923077 0.04326923076923077
0 0.5685096153846154 0.9242788461538461 0.04326923076923077 0.04326923076923077
0 0.609375 0.8810096153846154 0.04326923076923077 0.04326923076923077
0 0.6598557692307693 0.8245192307692307 0.04326923076923077 0.04326923076923077
0 0.6382211538461539 0.7716346153846154 0.04326923076923077 0.04326923076923077
0 0.6754807692307693 0.7788461538461539 0.04326923076923077 0.04326923076923077
0 0.6490384615384616 0.7211538461538461 0.04326923076923077 0.04326923076923077
0 0.6694711538461539 0.7283653846153846 0.04326923076923077 0.04326923076923077
0 0.6778846153846154 0.6778846153846154 0.04326923076923077 0.04326923076923077
0 0.703125 0.6899038461538461 0.04326923076923077 0.04326923076923077
0 0.6911057692307693 0.6466346153846154 0.04326923076923077 0.04326923076923077
0 0.7283653846153846 0.671875 0.04326923076923077 0.04326923076923077
0 0.7379807692307693 0.6274038461538461 0.04326923076923077 0.04326923076923077
0 0.7211538461538461 0.5913461538461539 0.04326923076923077 0.04326923076923077
0 0.7848557692307693 0.6286057692307693 0.04326923076923077 0.04326923076923077
0 0.7788461538461539 0.5745192307692307 0.04326923076923077 0.04326923076923077
0 0.7319711538461539 0.5444711538461539 0.04326923076923077 0.04326923076923077
0 0.75 0.5240384615384616 0.04326923076923077 0.04326923076923077
0 0.7884615384615384 0.5036057692307693 0.04326923076923077 0.04326923076923077
0 0.7752403846153846 0.5348557692307693 0.04326923076923077 0.04326923076923077
0 0.8100961538461539 0.5120192307692307 0.04326923076923077 0.04326923076923077
0 0.8064903846153846 0.5384615384615384 0.04326923076923077 0.04326923076923077
0 0.8088942307692307 0.421875 0.04326923076923077 0.04326923076923077
0 0.7632211538461539 0.41947115384615385 0.04326923076923077 0.04326923076923077
0 0.7283653846153846 0.4098557692307692 0.04326923076923077 0.04326923076923077
0 0.7223557692307693 0.43028846153846156 0.04326923076923077 0.04326923076923077
0 0.7259615384615384 0.3317307692307692 0.04326923076923077 0.04326923076923077
0 0.7427884615384616 0.34375 0.04326923076923077 0.04326923076923077
0 0.7716346153846154 0.32572115384615385 0.04326923076923077 0.04326923076923077
0 0.6274038461538461 0.42427884615384615 0.04326923076923077 0.04326923076923077
0 0.6682692307692307 0.38221153846153844 0.04326923076923077 0.04326923076923077
0 0.6911057692307693 0.36177884615384615 0.04326923076923077 0.04326923076923077
0 0.6490384615384616 0.3317307692307692 0.04326923076923077 0.04326923076923077
0 0.6466346153846154 0.296875 0.04326923076923077 0.04326923076923077
0 0.59375 0.2247596153846154 0.04326923076923077 0.04326923076923077
0 0.5132211538461539 0.27403846153846156 0.04326923076923077 0.04326923076923077
0 0.5372596153846154 0.2403846153846154 0.04326923076923077 0.04326923076923077
0 0.33653846153846156 0.22115384615384615 0.04326923076923077 0.04326923076923077
0 0.29447115384615385 0.22596153846153846 0.04326923076923077 0.04326923076923077
0 0.30528846153846156 0.17427884615384615 0.04326923076923077 0.04326923076923077
0 0.3088942307692308 0.12860576923076922 0.04326923076923077 0.04326923076923077
0 0.27163461538461536 0.16947115384615385 0.04326923076923077 0.04326923076923077
0 0.23798076923076922 0.15264423076923078 0.04326923076923077 0.04326923076923077
0 0.1971153846153846 0.10576923076923077 0.04326923076923077 0.04326923076923077
0 0.25 0.2091346153846154 0.04326923076923077 0.04326923076923077
0 0.22235576923076922 0.18990384615384615 0.04326923076923077 0.04326923076923077
0 0.20552884615384615 0.16346153846153846 0.04326923076923077 0.04326923076923077
0 0.1658653846153846 0.1466346153846154 0.04326923076923077 0.04326923076923077
0 0.12860576923076922 0.1346153846153846 0.04326923076923077 0.04326923076923077
0 0.125 0.078125 0.04326923076923077 0.04326923076923077
0 0.09134615384615384 0.06009615384615385 0.04326923076923077 0.04326923076923077
0 0.390625 0.15865384615384615 0.04326923076923077 0.04326923076923077
0 0.46274038461538464 0.25600961538461536 0.04326923076923077 0.04326923076923077
0 0.37740384615384615 0.1971153846153846 0.04326923076923077 0.04326923076923077
0 0.6778846153846154 0.5805288461538461 0.04326923076923077 0.04326923076923077
0 0.6622596153846154 0.5625 0.04326923076923077 0.04326923076923077
0 0.6502403846153846 0.6153846153846154 0.04326923076923077 0.04326923076923077
0 0.6225961538461539 0.5877403846153846 0.04326923076923077 0.04326923076923077
0 0.6117788461538461 0.7536057692307693 0.04326923076923077 0.04326923076923077
0 0.5997596153846154 0.8064903846153846 0.04326923076923077 0.04326923076923077
0 0.5372596153846154 0.7944711538461539 0.04326923076923077 0.04326923076923077
0 0.5745192307692307 0.7439903846153846 0.04326923076923077 0.04326923076923077