0 0.9471153846153846 0.15384615384615385 0.10576923076923077 0.10576923076923077
0 0.9338942307692307 0.22596153846153846 0.10576923076923077 0.10576923076923077
0 0.9002403846153846 0.24759615384615385 0.10576923076923077 0.10576923076923077
0 0.890625 0.31009615384615385 0.10576923076923077 0.10576923076923077
0 0.9134615384615384 0.29086538461538464 0.10576923076923077 0.10576923076923077
0 0.8617788461538461 0.34615384615384615 0.10576923076923077 0.10576923076923077
0 0.8004807692307693 0.4723557692307692 0.10576923076923077 0.10576923076923077
0 0.7572115384615384 0.5060096153846154 0.10576923076923077 0.10576923076923077
0 0.78125 0.5432692307692307 0.10576923076923077 0.10576923076923077
0 0.6995192307692307 0.5216346153846154 0.10576923076923077 0.10576923076923077
0 0.7716346153846154 0.41586538461538464 0.10576923076923077 0.10576923076923077
0 0.7115384615384616 0.5685096153846154 0.10576923076923077 0.10576923076923077
0 0.6778846153846154 0.6033653846153846 0.10576923076923077 0.10576923076923077
0 0.6502403846153846 0.625 0.10576923076923077 0.10576923076923077
0 0.6310096153846154 0.6490384615384616 0.10576923076923077 0.10576923076923077
0 0.6286057692307693 0.6177884615384616 0.10576923076923077 0.10576923076923077
0 0.6033653846153846 0.6634615384615384 0.10576923076923077 0.10576923076923077
0 0.546875 0.65625 0.10576923076923077 0.10576923076923077
0 0.5649038461538461 0.6069711538461539 0.10576923076923077 0.10576923076923077
0 0.5757211538461539 0.71875 0.10576923076923077 0.10576923076923077
0 0.5060096153846154 0.7992788461538461 0.10576923076923077 0.10576923076923077
0 0.44711538461538464 0.8028846153846154 0.10576923076923077 0.10576923076923077
0 0.47836538461538464 0.8221153846153846 0.10576923076923077 0.10576923076923077
0 0.421875 0.8990384615384616 0.10576923076923077 0.10576923076923077
0 0.4098557692307692 0.8473557692307693 0.10576923076923077 0.10576923076923077
0 0.5745192307692307 0.8197115384615384 0.10576923076923077 0.10576923076923077
0 0.8629807692307693 0.18990384615384615 0.10576923076923077 0.10576923076923077
0 0.9098557692307693 0.07572115384615384 0.10576923076923077 0.10576923076923077
0 0.8677884615384616 0.06009615384615385 0.10576923076923077 0.10576923076923077
0 0.8052884615384616 0.2091346153846154 0.10576923076923077 0.10576923076923077
0 0.671875 0.31490384615384615 0.10576923076923077 0.10576923076923077
0 0.5528846153846154 0.24759615384615385 0.10576923076923077 0.10576923076923077
0 0.5697115384615384 0.3317307692307692 0.10576923076923077 0.10576923076923077
0 0.5901442307692307 0.31490384615384615 0.10576923076923077 0.10576923076923077
0 0.6129807692307693 0.296875 0.10576923076923077 0.10576923076923077
0 0.5036057692307693 0.34975961538461536 0.10576923076923077 0.10576923076923077
0 0.49759615384615385 0.23798076923076922 0.10576923076923077 0.10576923076923077
0 0.3125 0.3870192307692308 0.10576923076923077 0.10576923076923077
0 0.3004807692307692 0.27884615384615385 0.10576923076923077 0.10576923076923077
0 0.3629807692307692 0.2620192307692308 0.10576923076923077 0.10576923076923077
0 0.22596153846153846 0.22596153846153846 0.10576923076923077 0.10576923076923077
0 0.1658653846153846 0.24278846153846154 0.10576923076923077 0.10576923076923077
0 0.19951923076923078 0.38461538461538464 0.10576923076923077 0.10576923076923077
0 0.13221153846153846 0.4254807692307692 0.10576923076923077 0.10576923076923077
0 0.07211538461538461 0.3161057692307692 0.10576923076923077 0.10576923076923077
0 0.04447115384615385 0.3245192307692308 0.0889423076923077 0.10576923076923077