0 0.6370192307692307 0.9507211538461539 0.056490384615384616 0.056490384615384616
0 0.6574519230769231 0.9206730769230769 0.056490384615384616 0.056490384615384616
0 0.6550480769230769 0.8858173076923077 0.056490384615384616 0.056490384615384616
0 0.7055288461538461 0.8737980769230769 0.056490384615384616 0.056490384615384616
0 0.6069711538461539 0.90625 0.056490384615384616 0.056490384615384616
0 0.6069711538461539 0.8677884615384616 0.056490384615384616 0.056490384615384616
0 0.6322115384615384 0.8413461538461539 0.056490384615384616 0.056490384615384616
0 0.6875 0.7836538461538461 0.056490384615384616 0.056490384615384616
0 0.7704326923076923 0.7127403846153846 0.056490384615384616 0.056490384615384616
0 0.8149038461538461 0.6778846153846154 0.056490384615384616 0.056490384615384616
0 0.8557692307692307 0.6622596153846154 0.056490384615384616 0.056490384615384616
0 0.9290865384615384 0.5877403846153846 0.056490384615384616 0.056490384615384616
0 0.9242788461538461 0.5540865384615384 0.056490384615384616 0.056490384615384616
0 0.9350961538461539 0.5348557692307693 0.056490384615384616 0.056490384615384616
0 0.9639423076923077 0.5300480769230769 0.056490384615384616 0.056490384615384616
0 0.7451923076923077 0.7403846153846154 0.056490384615384616 0.056490384615384616
0 0.7716346153846154 0.7560096153846154 0.056490384615384616 0.056490384615384616
0 0.5420673076923077 0.8990384615384616 0.056490384615384616 0.056490384615384616
0 0.5853365384615384 0.8870192307692307 0.056490384615384616 0.056490384615384616
0 0.4963942307692308 0.7848557692307693 0.056490384615384616 0.056490384615384616
0 0.4879807692307692 0.71875 0.056490384615384616 0.056490384615384616
0 0.5024038461538461 0.6274038461538461 0.056490384615384616 0.056490384615384616
0 0.53125 0.6490384615384616 0.056490384615384616 0.056490384615384616
0 0.46153846153846156 0.6117788461538461 0.056490384615384616 0.056490384615384616
0 0.47836538461538464 0.5697115384615384 0.056490384615384616 0.056490384615384616
0 0.47115384615384615 0.5108173076923077 0.056490384615384616 0.056490384615384616
0 0.4951923076923077 0.49399038461538464 0.056490384615384616 0.056490384615384616
0 0.4519230769230769 0.40625 0.056490384615384616 0.056490384615384616
0 0.5649038461538461 0.7668269230769231 0.056490384615384616 0.056490384615384616
0 0.5889423076923077 0.7283653846153846 0.056490384615384616 0.056490384615384616
0 0.6117788461538461 0.6742788461538461 0.056490384615384616 0.056490384615384616
0 0.5108173076923077 0.4074519230769231 0.056490384615384616 0.056490384615384616
0 0.39783653846153844 0.35216346153846156 0.056490384615384616 0.056490384615384616
0 0.4639423076923077 0.35336538461538464 0.056490384615384616 0.056490384615384616
0 0.3737980769230769 0.25240384615384615 0.056490384615384616 0.056490384615384616
0 0.4362980769230769 0.22956730769230768 0.056490384615384616 0.056490384615384616
0 0.38100961538461536 0.15504807692307693 0.056490384615384616 0.056490384615384616
0 0.42788461538461536 0.15264423076923078 0.056490384615384616 0.056490384615384616
0 0.45913461538461536 0.17427884615384615 0.056490384615384616 0.056490384615384616
0 0.3954326923076923 0.06490384615384616 0.056490384615384616 0.056490384615384616
0 0.38461538461538464 0.04447115384615385 0.056490384615384616 0.056490384615384616
0 0.34375 0.0625 0.056490384615384616 0.056490384615384616
0 0.5841346153846154 0.9711538461538461 0.056490384615384616 0.056490384615384616