0 0.6394230769230769 0.45072115384615385 0.052884615384615384 0.052884615384615384
0 0.6826923076923077 0.44711538461538464 0.052884615384615384 0.052884615384615384
0 0.7067307692307693 0.4567307692307692 0.052884615384615384 0.052884615384615384
0 0.7692307692307693 0.5408653846153846 0.052884615384615384 0.052884615384615384
0 0.6911057692307693 0.5444711538461539 0.052884615384615384 0.052884615384615384
0 0.6526442307692307 0.5637019230769231 0.052884615384615384 0.052884615384615384
0 0.6225961538461539 0.5841346153846154 0.052884615384615384 0.052884615384615384
0 0.65625 0.5973557692307693 0.052884615384615384 0.052884615384615384
0 0.6033653846153846 0.5612980769230769 0.052884615384615384 0.052884615384615384
0 0.5649038461538461 0.5769230769230769 0.052884615384615384 0.052884615384615384
0 0.4723557692307692 0.5504807692307693 0.052884615384615384 0.052884615384615384
0 0.47596153846153844 0.5973557692307693 0.052884615384615384 0.052884615384615384
0 0.4387019230769231 0.5841346153846154 0.052884615384615384 0.052884615384615384
0 0.41947115384615385 0.6057692307692307 0.052884615384615384 0.052884615384615384
0 0.38221153846153844 0.6057692307692307 0.052884615384615384 0.052884615384615384
0 0.2764423076923077 0.6382211538461539 0.052884615384615384 0.052884615384615384
0 0.24639423076923078 0.6454326923076923 0.052884615384615384 0.052884615384615384
0 0.21033653846153846 0.640625 0.052884615384615384 0.052884615384615384
0 0.19230769230769232 0.6538461538461539 0.052884615384615384 0.052884615384615384
0 0.15865384615384615 0.6550480769230769 0.052884615384615384 0.052884615384615384
0 0.5228365384615384 0.5012019230769231 0.052884615384615384 0.052884615384615384
0 0.4338942307692308 0.6370192307692307 0.052884615384615384 0.052884615384615384