0 0.6658653846153846 0.25961538461538464 0.052884615384615384 0.052884615384615384
0 0.7211538461538461 0.23317307692307693 0.052884615384615384 0.052884615384615384
0 0.6995192307692307 0.37259615384615385 0.052884615384615384 0.052884615384615384
0 0.7271634615384616 0.40024038461538464 0.052884615384615384 0.052884615384615384
0 0.7704326923076923 0.5901442307692307 0.052884615384615384 0.052884615384615384
0 0.7848557692307693 0.6237980769230769 0.052884615384615384 0.052884615384615384
0 0.8100961538461539 0.6153846153846154 0.052884615384615384 0.052884615384615384
0 0.8365384615384616 0.6802884615384616 0.052884615384615384 0.052884615384615384
0 0.8004807692307693 0.7427884615384616 0.052884615384615384 0.052884615384615384
0 0.8810096153846154 0.7728365384615384 0.052884615384615384 0.052884615384615384
0 0.6850961538461539 0.7620192307692307 0.052884615384615384 0.052884615384615384
0 0.6694711538461539 0.6670673076923077 0.052884615384615384 0.052884615384615384
0 0.6394230769230769 0.6430288461538461 0.052884615384615384 0.052884615384615384
0 0.5528846153846154 0.6117788461538461 0.052884615384615384 0.052884615384615384
0 0.5036057692307693 0.6382211538461539 0.052884615384615384 0.052884615384615384
0 0.36177884615384615 0.6021634615384616 0.052884615384615384 0.052884615384615384
0 0.22235576923076922 0.5625 0.052884615384615384 0.052884615384615384
0 0.2247596153846154 0.5877403846153846 0.052884615384615384 0.052884615384615384
0 0.2956730769230769 0.625 0.052884615384615384 0.052884615384615384
0 0.296875 0.5024038461538461 0.052884615384615384 0.052884615384615384
0 0.26322115384615385 0.5264423076923077 0.052884615384615384 0.052884615384615384
0 0.49759615384615385 0.5709134615384616 0.052884615384615384 0.052884615384615384
0 0.46875 0.5588942307692307 0.052884615384615384 0.052884615384615384
0 0.515625 0.546875 0.052884615384615384 0.052884615384615384
0 0.6586538461538461 0.7043269230769231 0.052884615384615384 0.052884615384615384
0 0.5685096153846154 0.6694711538461539 0.052884615384615384 0.052884615384615384
0 0.6286057692307693 0.6959134615384616 0.052884615384615384 0.052884615384615384
0 0.052884615384615384 0.8401442307692307 0.052884615384615384 0.052884615384615384
0 0.1310096153846154 0.8653846153846154 0.052884615384615384 0.052884615384615384
0 0.12860576923076922 0.8882211538461539 0.052884615384615384 0.052884615384615384
0 0.140625 0.6971153846153846 0.052884615384615384 0.052884615384615384
0 0.15264423076923078 0.6586538461538461 0.052884615384615384 0.052884615384615384
0 0.10697115384615384 0.7848557692307693 0.052884615384615384 0.052884615384615384
0 0.04326923076923077 0.734375 0.052884615384615384 0.052884615384615384
0 0.12740384615384615 0.6129807692307693 0.052884615384615384 0.052884615384615384
0 0.12259615384615384 0.6502403846153846 0.052884615384615384 0.052884615384615384
0 0.1875 0.41346153846153844 0.052884615384615384 0.052884615384615384
0 0.12860576923076922 0.41346153846153844 0.052884615384615384 0.052884615384615384
0 0.24278846153846154 0.30288461538461536 0.052884615384615384 0.052884615384615384
0 0.31971153846153844 0.3629807692307692 0.052884615384615384 0.052884615384615384
0 0.34975961538461536 0.37740384615384615 0.052884615384615384 0.052884615384615384
0 0.2776442307692308 0.4254807692307692 0.052884615384615384 0.052884615384615384
0 0.30288461538461536 0.453125 0.052884615384615384 0.052884615384615384
0 0.8617788461538461 0.25721153846153844 0.052884615384615384 0.052884615384615384
0 0.8028846153846154 0.24759615384615385 0.052884615384615384 0.052884615384615384