0 0.6634615384615384 0.5 0.09014423076923077 0.09014423076923077
0 0.6742788461538461 0.5745192307692307 0.09014423076923077 0.09014423076923077
0 0.640625 0.6069711538461539 0.09014423076923077 0.09014423076923077
0 0.6069711538461539 0.5504807692307693 0.09014423076923077 0.09014423076923077
0 0.6057692307692307 0.6322115384615384 0.09014423076923077 0.09014423076923077
0 0.5745192307692307 0.6129807692307693 0.09014423076923077 0.09014423076923077
0 0.9314903846153846 0.5588942307692307 0.09014423076923077 0.09014423076923077
0 0.9158653846153846 0.6189903846153846 0.09014423076923077 0.09014423076923077
0 0.90625 0.5901442307692307 0.09014423076923077 0.09014423076923077
0 0.8473557692307693 0.5600961538461539 0.09014423076923077 0.09014423076923077
0 0.8305288461538461 0.578125 0.09014423076923077 0.09014423076923077
0 0.5276442307692307 0.6274038461538461 0.09014423076923077 0.09014423076923077
0 0.5060096153846154 0.5504807692307693 0.09014423076923077 0.09014423076923077
0 0.4807692307692308 0.5552884615384616 0.09014423076923077 0.09014423076923077
0 0.44711538461538464 0.6177884615384616 0.09014423076923077 0.09014423076923077
0 0.41225961538461536 0.5901442307692307 0.09014423076923077 0.09014423076923077
0 0.43149038461538464 0.5432692307692307 0.09014423076923077 0.09014423076923077
0 0.3786057692307692 0.5913461538461539 0.09014423076923077 0.09014423076923077
0 0.40625 0.5096153846153846 0.09014423076923077 0.09014423076923077
0 0.390625 0.4963942307692308 0.09014423076923077 0.09014423076923077
0 0.3317307692307692 0.5901442307692307 0.09014423076923077 0.09014423076923077
0 0.28846153846153844 0.5528846153846154 0.09014423076923077 0.09014423076923077
0 0.33052884615384615 0.5024038461538461 0.09014423076923077 0.09014423076923077
0 0.2536057692307692 0.5564903846153846 0.09014423076923077 0.09014423076923077
0 0.23677884615384615 0.5408653846153846 0.09014423076923077 0.09014423076923077
0 0.23677884615384615 0.4807692307692308 0.09014423076923077 0.09014423076923077
0 0.20072115384615385 0.4879807692307692 0.09014423076923077 0.09014423076923077
0 0.1778846153846154 0.5096153846153846 0.09014423076923077 0.09014423076923077
0 0.18990384615384615 0.5444711538461539 0.09014423076923077 0.09014423076923077
0 0.12740384615384615 0.5276442307692307 0.09014423076923077 0.09014423076923077
0 0.11778846153846154 0.5036057692307693 0.09014423076923077 0.09014423076923077
0 0.1310096153846154 0.4723557692307692 0.09014423076923077 0.09014423076923077
0 0.10697115384615384 0.45072115384615385 0.09014423076923077 0.09014423076923077
0 0.06009615384615385 0.48197115384615385 0.09014423076923077 0.09014423076923077
0 0.09375 0.5180288461538461 0.09014423076923077 0.09014423076923077