0 0.3269230769230769 0.125 0.04326923076923077 0.04326923076923077
0 0.3798076923076923 0.11057692307692307 0.04326923076923077 0.04326923076923077
0 0.36658653846153844 0.18509615384615385 0.04326923076923077 0.04326923076923077
0 0.38461538461538464 0.21634615384615385 0.04326923076923077 0.04326923076923077
0 0.40384615384615385 0.25240384615384615 0.04326923076923077 0.04326923076923077
0 0.4675480769230769 0.21153846153846154 0.04326923076923077 0.04326923076923077
0 0.43509615384615385 0.28966346153846156 0.04326923076923077 0.04326923076923077
0 0.4423076923076923 0.33653846153846156 0.04326923076923077 0.04326923076923077
0 0.46634615384615385 0.359375 0.04326923076923077 0.04326923076923077
0 0.46153846153846156 0.43028846153846156 0.04326923076923077 0.04326923076923077
0 0.49158653846153844 0.4735576923076923 0.04326923076923077 0.04326923076923077
0 0.6346153846153846 0.6298076923076923 0.04326923076923077 0.04326923076923077
0 0.5036057692307693 0.5324519230769231 0.04326923076923077 0.04326923076923077
0 0.671875 0.7548076923076923 0.04326923076923077 0.04326923076923077
0 0.7199519230769231 0.7007211538461539 0.04326923076923077 0.04326923076923077
0 0.8064903846153846 0.8533653846153846 0.04326923076923077 0.04326923076923077
0 0.7800480769230769 0.9038461538461539 0.04326923076923077 0.04326923076923077
0 0.7055288461538461 0.7920673076923077 0.04326923076923077 0.04326923076923077
0 0.8413461538461539 0.9266826923076923 0.04326923076923077 0.04326923076923077
0 0.2860576923076923 0.018028846153846152 0.04326923076923077 0.036057692307692304