0 0.7680288461538461 0.6213942307692307 0.10576923076923077 0.10576923076923077
0 0.7091346153846154 0.59375 0.10576923076923077 0.10576923076923077
0 0.6598557692307693 0.6153846153846154 0.10576923076923077 0.10576923076923077
0 0.6622596153846154 0.5180288461538461 0.10576923076923077 0.10576923076923077
0 0.5865384615384616 0.46875 0.10576923076923077 0.10576923076923077
0 0.6430288461538461 0.5745192307692307 0.10576923076923077 0.10576923076923077
0 0.7680288461538461 0.5625 0.10576923076923077 0.10576923076923077
0 0.8221153846153846 0.5685096153846154 0.10576923076923077 0.10576923076923077
0 0.9182692307692307 0.5348557692307693 0.10576923076923077 0.10576923076923077
0 0.9158653846153846 0.6189903846153846 0.10576923076923077 0.10576923076923077
0 0.9411057692307693 0.6598557692307693 0.10576923076923077 0.10576923076923077
0 0.5132211538461539 0.5841346153846154 0.10576923076923077 0.10576923076923077
0 0.43149038461538464 0.5372596153846154 0.10576923076923077 0.10576923076923077
0 0.359375 0.5216346153846154 0.10576923076923077 0.10576923076923077
0 0.19471153846153846 0.5096153846153846 0.10576923076923077 0.10576923076923077
0 0.1346153846153846 0.5180288461538461 0.10576923076923077 0.10576923076923077
0 0.5096153846153846 0.48677884615384615 0.10576923076923077 0.10576923076923077