0 0.15264423076923078 0.33413461538461536 0.10576923076923077 0.10576923076923077
0 0.21514423076923078 0.20673076923076922 0.10576923076923077 0.10576923076923077
0 0.19471153846153846 0.29086538461538464 0.10576923076923077 0.10576923076923077
0 0.203125 0.38822115384615385 0.10576923076923077 0.10576923076923077
0 0.2692307692307692 0.39663461538461536 0.10576923076923077 0.10576923076923077
0 0.3088942307692308 0.25240384615384615 0.10576923076923077 0.10576923076923077
0 0.32211538461538464 0.31850961538461536 0.10576923076923077 0.10576923076923077
0 0.109375 0.28125 0.10576923076923077 0.10576923076923077
0 0.4411057692307692 0.4026442307692308 0.10576923076923077 0.10576923076923077
0 0.5961538461538461 0.5913461538461539 0.10576923076923077 0.10576923076923077
0 0.6466346153846154 0.5276442307692307 0.10576923076923077 0.10576923076923077
0 0.8810096153846154 0.7259615384615384 0.10576923076923077 0.10576923076923077