0 0.038461538461538464 0.8425480769230769 0.04927884615384615 0.04927884615384615
0 0.08173076923076923 0.8245192307692307 0.04927884615384615 0.04927884615384615
0 0.09254807692307693 0.7716346153846154 0.04927884615384615 0.04927884615384615
0 0.12259615384615384 0.8112980769230769 0.04927884615384615 0.04927884615384615
0 0.11778846153846154 0.8401442307692307 0.04927884615384615 0.04927884615384615
0 0.14543269230769232 0.84375 0.04927884615384615 0.04927884615384615
0 0.13581730769230768 0.7512019230769231 0.04927884615384615 0.04927884615384615
0 0.30408653846153844 0.7860576923076923 0.04927884615384615 0.04927884615384615
0 0.27403846153846156 0.7524038461538461 0.04927884615384615 0.04927884615384615
0 0.34615384615384615 0.6838942307692307 0.04927884615384615 0.04927884615384615
0 0.3762019230769231 0.6550480769230769 0.04927884615384615 0.04927884615384615
0 0.36899038461538464 0.7367788461538461 0.04927884615384615 0.04927884615384615
0 0.3870192307692308 0.6117788461538461 0.04927884615384615 0.04927884615384615
0 0.46153846153846156 0.6526442307692307 0.04927884615384615 0.04927884615384615
0 0.38221153846153844 0.6742788461538461 0.04927884615384615 0.04927884615384615
0 0.5324519230769231 0.5901442307692307 0.04927884615384615 0.04927884615384615
0 0.7103365384615384 0.47836538461538464 0.04927884615384615 0.04927884615384615
0 0.7704326923076923 0.44471153846153844 0.04927884615384615 0.04927884615384615
0 0.7800480769230769 0.390625 0.04927884615384615 0.04927884615384615
0 0.7475961538461539 0.40625 0.04927884615384615 0.04927884615384615
0 0.8064903846153846 0.34975961538461536 0.04927884615384615 0.04927884615384615
0 0.8329326923076923 0.3161057692307692 0.04927884615384615 0.04927884615384615
0 0.6730769230769231 0.44711538461538464 0.04927884615384615 0.04927884615384615
0 0.6274038461538461 0.49278846153846156 0.04927884615384615 0.04927884615384615
0 0.24639423076923078 0.8365384615384616 0.04927884615384615 0.04927884615384615
0 0.4170673076923077 0.6850961538461539 0.04927884615384615 0.04927884615384615
0 0.8918269230769231 0.29447115384615385 0.04927884615384615 0.04927884615384615
0 0.5757211538461539 0.203125 0.04927884615384615 0.04927884615384615
0 0.5564903846153846 0.23557692307692307 0.04927884615384615 0.04927884615384615
0 0.6310096153846154 0.21634615384615385 0.04927884615384615 0.04927884615384615