0 0.08413461538461539 0.5072115384615384 0.04927884615384615 0.04927884615384615
0 0.0985576923076923 0.5360576923076923 0.04927884615384615 0.04927884615384615
0 0.12860576923076922 0.5036057692307693 0.04927884615384615 0.04927884615384615
0 0.16346153846153846 0.46274038461538464 0.04927884615384615 0.04927884615384615
0 0.06610576923076923 0.43990384615384615 0.04927884615384615 0.04927884615384615
0 0.04567307692307692 0.4795673076923077 0.04927884615384615 0.04927884615384615
0 0.21153846153846154 0.4675480769230769 0.04927884615384615 0.04927884615384615
0 0.19951923076923078 0.43990384615384615 0.04927884615384615 0.04927884615384615
0 0.23076923076923078 0.48197115384615385 0.04927884615384615 0.04927884615384615
0 0.22716346153846154 0.5396634615384616 0.04927884615384615 0.04927884615384615
0 0.22596153846153846 0.6033653846153846 0.04927884615384615 0.04927884615384615
0 0.30288461538461536 0.5757211538461539 0.04927884615384615 0.04927884615384615
0 0.29927884615384615 0.5108173076923077 0.04927884615384615 0.04927884615384615
0 0.34134615384615385 0.5721153846153846 0.04927884615384615 0.04927884615384615
0 0.32091346153846156 0.49399038461538464 0.04927884615384615 0.04927884615384615
0 0.3425480769230769 0.5024038461538461 0.04927884615384615 0.04927884615384615
0 0.38100961538461536 0.49399038461538464 0.04927884615384615 0.04927884615384615
0 0.40865384615384615 0.5336538461538461 0.04927884615384615 0.04927884615384615
0 0.46153846153846156 0.5384615384615384 0.04927884615384615 0.04927884615384615
0 0.42788461538461536 0.5072115384615384 0.04927884615384615 0.04927884615384615
0 0.44591346153846156 0.5072115384615384 0.04927884615384615 0.04927884615384615
0 0.46153846153846156 0.5036057692307693 0.04927884615384615 0.04927884615384615