0 0.40384615384615385 0.6033653846153846 0.10576923076923077 0.10576923076923077
0 0.3942307692307692 0.53125 0.10576923076923077 0.10576923076923077
0 0.38221153846153844 0.5024038461538461 0.10576923076923077 0.10576923076923077
0 0.4375 0.6622596153846154 0.10576923076923077 0.10576923076923077
0 0.4807692307692308 0.5913461538461539 0.10576923076923077 0.10576923076923077
0 0.5036057692307693 0.5252403846153846 0.10576923076923077 0.10576923076923077
0 0.5685096153846154 0.5120192307692307 0.10576923076923077 0.10576923076923077
0 0.5745192307692307 0.47475961538461536 0.10576923076923077 0.10576923076923077
0 0.5060096153846154 0.3870192307692308 0.10576923076923077 0.10576923076923077
0 0.6057692307692307 0.30649038461538464 0.10576923076923077 0.10576923076923077
0 0.6526442307692307 0.2932692307692308 0.10576923076923077 0.10576923076923077
0 0.7439903846153846 0.2536057692307692 0.10576923076923077 0.10576923076923077
0 0.35697115384615385 0.6033653846153846 0.10576923076923077 0.10576923076923077
0 0.31490384615384615 0.4651442307692308 0.10576923076923077 0.10576923076923077
0 0.32572115384615385 0.43149038461538464 0.10576923076923077 0.10576923076923077
0 0.33653846153846156 0.33653846153846156 0.10576923076923077 0.10576923076923077
0 0.21875 0.37740384615384615 0.10576923076923077 0.10576923076923077
0 0.22235576923076922 0.34134615384615385 0.10576923076923077 0.10576923076923077