0 0.07572115384615384 0.9350961538461539 0.04326923076923077 0.04326923076923077
0 0.13822115384615385 0.8413461538461539 0.04326923076923077 0.04326923076923077
0 0.16947115384615385 0.8185096153846154 0.04326923076923077 0.04326923076923077
0 0.14302884615384615 0.8028846153846154 0.04326923076923077 0.04326923076923077
0 0.14302884615384615 0.7632211538461539 0.04326923076923077 0.04326923076923077
0 0.07211538461538461 0.8305288461538461 0.04326923076923077 0.04326923076923077
0 0.06490384615384616 0.8100961538461539 0.04326923076923077 0.04326923076923077
0 0.12139423076923077 0.8689903846153846 0.04326923076923077 0.04326923076923077
0 0.11177884615384616 0.7283653846153846 0.04326923076923077 0.04326923076923077
0 0.14423076923076922 0.7379807692307693 0.04326923076923077 0.04326923076923077
0 0.16346153846153846 0.7259615384615384 0.04326923076923077 0.04326923076923077
0 0.1658653846153846 0.7475961538461539 0.04326923076923077 0.04326923076923077
0 0.18509615384615385 0.7788461538461539 0.04326923076923077 0.04326923076923077
0 0.20673076923076922 0.7908653846153846 0.04326923076923077 0.04326923076923077
0 0.1814903846153846 0.7055288461538461 0.04326923076923077 0.04326923076923077
0 0.22596153846153846 0.7319711538461539 0.04326923076923077 0.04326923076923077
0 0.24639423076923078 0.7091346153846154 0.04326923076923077 0.04326923076923077
0 0.2776442307692308 0.734375 0.04326923076923077 0.04326923076923077
0 0.3245192307692308 0.7596153846153846 0.04326923076923077 0.04326923076923077
0 0.34375 0.7283653846153846 0.04326923076923077 0.04326923076923077
0 0.36778846153846156 0.7680288461538461 0.04326923076923077 0.04326923076923077
0 0.3161057692307692 0.6971153846153846 0.04326923076923077 0.04326923076923077
0 0.32572115384615385 0.6814903846153846 0.04326923076923077 0.04326923076923077
0 0.3713942307692308 0.6802884615384616 0.04326923076923077 0.04326923076923077
0 0.38461538461538464 0.65625 0.04326923076923077 0.04326923076923077
0 0.39663461538461536 0.625 0.04326923076923077 0.04326923076923077
0 0.41586538461538464 0.6682692307692307 0.04326923076923077 0.04326923076923077
0 0.4411057692307692 0.6370192307692307 0.04326923076923077 0.04326923076923077
0 0.4495192307692308 0.7163461538461539 0.04326923076923077 0.04326923076923077
0 0.42788461538461536 0.71875 0.04326923076923077 0.04326923076923077
0 0.453125 0.6754807692307693 0.04326923076923077 0.04326923076923077
0 0.46634615384615385 0.6538461538461539 0.04326923076923077 0.04326923076923077
0 0.4963942307692308 0.671875 0.04326923076923077 0.04326923076923077
0 0.5252403846153846 0.6658653846153846 0.04326923076923077 0.04326923076923077
0 0.5625 0.6382211538461539 0.04326923076923077 0.04326923076923077
0 0.5384615384615384 0.5865384615384616 0.04326923076923077 0.04326923076923077
0 0.5649038461538461 0.5649038461538461 0.04326923076923077 0.04326923076923077
0 0.6009615384615384 0.5336538461538461 0.04326923076923077 0.04326923076923077
0 0.6622596153846154 0.5024038461538461 0.04326923076923077 0.04326923076923077
0 0.6947115384615384 0.5805288461538461 0.04326923076923077 0.04326923076923077
0 0.7572115384615384 0.5745192307692307 0.04326923076923077 0.04326923076923077
0 0.78125 0.5564903846153846 0.04326923076923077 0.04326923076923077
0 0.7439903846153846 0.5288461538461539 0.04326923076923077 0.04326923076923077
0 0.7115384615384616 0.5072115384615384 0.04326923076923077 0.04326923076923077
0 0.8245192307692307 0.5384615384615384 0.04326923076923077 0.04326923076923077
0 0.8413461538461539 0.46274038461538464 0.04326923076923077 0.04326923076923077
0 0.8846153846153846 0.48197115384615385 0.04326923076923077 0.04326923076923077
0 0.9122596153846154 0.47115384615384615 0.04326923076923077 0.04326923076923077
0 0.9182692307692307 0.5252403846153846 0.04326923076923077 0.04326923076923077
0 0.7632211538461539 0.484375 0.04326923076923077 0.04326923076923077
0 0.7403846153846154 0.4495192307692308 0.04326923076923077 0.04326923076923077
0 0.6971153846153846 0.40384615384615385 0.04326923076923077 0.04326923076923077
0 0.578125 0.45913461538461536 0.04326923076923077 0.04326923076923077
0 0.5408653846153846 0.4026442307692308 0.04326923076923077 0.04326923076923077
0 0.6129807692307693 0.37259615384615385 0.04326923076923077 0.04326923076923077
0 0.6442307692307693 0.33653846153846156 0.04326923076923077 0.04326923076923077
0 0.5444711538461539 0.3004807692307692 0.04326923076923077 0.04326923076923077
0 0.7367788461538461 0.48197115384615385 0.04326923076923077 0.04326923076923077
0 0.5697115384615384 0.35697115384615385 0.04326923076923077 0.04326923076923077
0 0.45072115384615385 0.3473557692307692 0.04326923076923077 0.04326923076923077
0 0.42427884615384615 0.28846153846153844 0.04326923076923077 0.04326923076923077
0 0.42427884615384615 0.328125 0.04326923076923077 0.04326923076923077
0 0.49399038461538464 0.27163461538461536 0.04326923076923077 0.04326923076923077
0 0.4651442307692308 0.25 0.04326923076923077 0.04326923076923077
0 0.47596153846153844 0.20552884615384615 0.04326923076923077 0.04326923076923077
0 0.421875 0.21875 0.04326923076923077 0.04326923076923077
0 0.43509615384615385 0.1971153846153846 0.04326923076923077 0.04326923076923077
0 0.37259615384615385 0.17427884615384615 0.04326923076923077 0.04326923076923077
0 0.3401442307692308 0.36538461538461536 0.04326923076923077 0.04326923076923077
0 0.38461538461538464 0.296875 0.04326923076923077 0.04326923076923077
0 0.34615384615384615 0.30288461538461536 0.04326923076923077 0.04326923076923077
0 0.35096153846153844 0.25721153846153844 0.04326923076923077 0.04326923076923077
0 0.33413461538461536 0.24278846153846154 0.04326923076923077 0.04326923076923077
0 0.30528846153846156 0.20673076923076922 0.04326923076923077 0.04326923076923077
0 0.2776442307692308 0.18990384615384615 0.04326923076923077 0.04326923076923077
0 0.24639423076923078 0.18389423076923078 0.04326923076923077 0.04326923076923077
0 0.2536057692307692 0.1502403846153846 0.04326923076923077 0.04326923076923077
0 0.17427884615384615 0.13221153846153846 0.04326923076923077 0.04326923076923077
0 0.31009615384615385 0.12740384615384615 0.04326923076923077 0.04326923076923077
0 0.30528846153846156 0.33653846153846156 0.04326923076923077 0.04326923076923077
0 0.27403846153846156 0.31490384615384615 0.04326923076923077 0.04326923076923077
0 0.28125 0.27163461538461536 0.04326923076923077 0.04326923076923077
0 0.29447115384615385 0.24759615384615385 0.04326923076923077 0.04326923076923077
0 0.23798076923076922 0.3088942307692308 0.04326923076923077 0.04326923076923077
0 0.2439903846153846 0.328125 0.04326923076923077 0.04326923076923077
0 0.24639423076923078 0.2848557692307692 0.04326923076923077 0.04326923076923077
0 0.2620192307692308 0.22235576923076922 0.04326923076923077 0.04326923076923077
0 0.20552884615384615 0.25600961538461536 0.04326923076923077 0.04326923076923077
0 0.16346153846153846 0.25721153846153844 0.04326923076923077 0.04326923076923077
0 0.12860576923076922 0.25721153846153844 0.04326923076923077 0.04326923076923077
0 0.12860576923076922 0.28125 0.04326923076923077 0.04326923076923077
0 0.17548076923076922 0.30649038461538464 0.04326923076923077 0.04326923076923077
0 0.2127403846153846 0.21514423076923078 0.04326923076923077 0.04326923076923077
0 0.08173076923076923 0.32572115384615385 0.04326923076923077 0.04326923076923077
0 0.38461538461538464 0.7115384615384616 0.04326923076923077 0.04326923076923077