0 0.15625 0.6322115384615384 0.04326923076923077 0.04326923076923077
0 0.2127403846153846 0.65625 0.04326923076923077 0.04326923076923077
0 0.23677884615384615 0.6430288461538461 0.04326923076923077 0.04326923076923077
0 0.27403846153846156 0.7560096153846154 0.04326923076923077 0.04326923076923077
0 0.38461538461538464 0.7884615384615384 0.04326923076923077 0.04326923076923077
0 0.3629807692307692 0.8064903846153846 0.04326923076923077 0.04326923076923077
0 0.5072115384615384 0.9254807692307693 0.04326923076923077 0.04326923076923077
0 0.37259615384615385 0.578125 0.04326923076923077 0.04326923076923077
0 0.41225961538461536 0.5637019230769231 0.04326923076923077 0.04326923076923077
0 0.39302884615384615 0.5288461538461539 0.04326923076923077 0.04326923076923077
0 0.4338942307692308 0.46153846153846156 0.04326923076923077 0.04326923076923077
0 0.41947115384615385 0.4411057692307692 0.04326923076923077 0.04326923076923077
0 0.5132211538461539 0.4182692307692308 0.04326923076923077 0.04326923076923077
0 0.5168269230769231 0.37740384615384615 0.04326923076923077 0.04326923076923077
0 0.48677884615384615 0.3762019230769231 0.04326923076923077 0.04326923076923077
0 0.5865384615384616 0.3545673076923077 0.04326923076923077 0.04326923076923077
0 0.6177884615384616 0.34375 0.04326923076923077 0.04326923076923077
0 0.6322115384615384 0.2920673076923077 0.04326923076923077 0.04326923076923077
0 0.5600961538461539 0.29447115384615385 0.04326923076923077 0.04326923076923077
0 0.6382211538461539 0.24278846153846154 0.04326923076923077 0.04326923076923077
0 0.6694711538461539 0.1778846153846154 0.04326923076923077 0.04326923076923077
0 0.6983173076923077 0.20432692307692307 0.04326923076923077 0.04326923076923077
0 0.7307692307692307 0.09134615384615384 0.04326923076923077 0.04326923076923077
0 0.7524038461538461 0.1310096153846154 0.04326923076923077 0.04326923076923077
0 0.78125 0.1346153846153846 0.04326923076923077 0.04326923076923077
0 0.7836538461538461 0.08413461538461539 0.04326923076923077 0.04326923076923077
0 0.7932692307692307 0.04447115384615385 0.04326923076923077 0.04326923076923077
0 0.7475961538461539 0.038461538461538464 0.04326923076923077 0.04326923076923077
0 0.8461538461538461 0.09134615384615384 0.04326923076923077 0.04326923076923077
0 0.7487980769230769 0.18990384615384615 0.04326923076923077 0.04326923076923077
0 0.3449519230769231 0.5480769230769231 0.04326923076923077 0.04326923076923077
0 0.5240384615384616 0.44591346153846156 0.04326923076923077 0.04326923076923077
0 0.6899038461538461 0.27884615384615385 0.04326923076923077 0.04326923076923077
0 0.7764423076923077 0.9615384615384616 0.04326923076923077 0.04326923076923077
0 0.7331730769230769 0.9639423076923077 0.04326923076923077 0.04326923076923077
0 0.6514423076923077 0.9675480769230769 0.04326923076923077 0.04326923076923077
0 0.671875 0.9098557692307693 0.04326923076923077 0.04326923076923077
0 0.6490384615384616 0.8701923076923077 0.04326923076923077 0.04326923076923077
0 0.59375 0.8533653846153846 0.04326923076923077 0.04326923076923077
0 0.48197115384615385 0.8293269230769231 0.04326923076923077 0.04326923076923077
0 0.4579326923076923 0.7980769230769231 0.04326923076923077 0.04326923076923077
0 0.49278846153846156 0.8052884615384616 0.04326923076923077 0.04326923076923077
0 0.5192307692307693 0.7752403846153846 0.04326923076923077 0.04326923076923077
0 0.4651442307692308 0.7211538461538461 0.04326923076923077 0.04326923076923077