0 0.34375 0.27524038461538464 0.10576923076923077 0.10576923076923077
0 0.3004807692307692 0.3245192307692308 0.10576923076923077 0.10576923076923077
0 0.31009615384615385 0.36177884615384615 0.10576923076923077 0.10576923076923077
0 0.30288461538461536 0.421875 0.10576923076923077 0.10576923076923077
0 0.2776442307692308 0.43149038461538464 0.10576923076923077 0.10576923076923077
0 0.3004807692307692 0.48677884615384615 0.10576923076923077 0.10576923076923077
0 0.34975961538461536 0.5384615384615384 0.10576923076923077 0.10576923076923077
0 0.37740384615384615 0.5096153846153846 0.10576923076923077 0.10576923076923077
0 0.40024038461538464 0.5336538461538461 0.10576923076923077 0.10576923076923077
0 0.34975961538461536 0.6430288461538461 0.10576923076923077 0.10576923076923077
0 0.3317307692307692 0.6634615384615384 0.10576923076923077 0.10576923076923077
0 0.3557692307692308 0.7475961538461539 0.10576923076923077 0.10576923076923077
0 0.31009615384615385 0.7572115384615384 0.10576923076923077 0.10576923076923077
0 0.28846153846153844 0.8161057692307693 0.10576923076923077 0.10576923076923077
0 0.21875 0.7692307692307693 0.10576923076923077 0.10576923076923077
0 0.19951923076923078 0.7884615384615384 0.10576923076923077 0.10576923076923077
0 0.16947115384615385 0.8161057692307693 0.10576923076923077 0.10576923076923077
0 0.07451923076923077 0.8930288461538461 0.10576923076923077 0.10576923076923077
0 0.23798076923076922 0.8461538461538461 0.10576923076923077 0.10576923076923077
0 0.2247596153846154 0.9038461538461539 0.10576923076923077 0.10576923076923077
0 0.4651442307692308 0.23197115384615385 0.10576923076923077 0.10576923076923077
0 0.5564903846153846 0.27163461538461536 0.10576923076923077 0.10576923076923077
0 0.6009615384615384 0.3088942307692308 0.10576923076923077 0.10576923076923077
0 0.6947115384615384 0.38100961538461536 0.10576923076923077 0.10576923076923077
0 0.7403846153846154 0.375 0.10576923076923077 0.10576923076923077
0 0.7944711538461539 0.39663461538461536 0.10576923076923077 0.10576923076923077
0 0.8557692307692307 0.5444711538461539 0.10576923076923077 0.10576923076923077
0 0.6850961538461539 0.4651442307692308 0.10576923076923077 0.10576923076923077
0 0.6177884615384616 0.4338942307692308 0.10576923076923077 0.10576923076923077
0 0.5721153846153846 0.41586538461538464 0.10576923076923077 0.10576923076923077
0 0.5492788461538461 0.3786057692307692 0.10576923076923077 0.10576923076923077
0 0.5192307692307693 0.35096153846153844 0.10576923076923077 0.10576923076923077
0 0.7536057692307693 0.44350961538461536 0.10576923076923077 0.10576923076923077
0 0.5252403846153846 0.31971153846153844 0.10576923076923077 0.10576923076923077