0 0.19110576923076922 0.44350961538461536 0.04326923076923077 0.04326923076923077
0 0.31009615384615385 0.39903846153846156 0.04326923076923077 0.04326923076923077
0 0.3557692307692308 0.4254807692307692 0.04326923076923077 0.04326923076923077
0 0.4026442307692308 0.5216346153846154 0.04326923076923077 0.04326923076923077
0 0.41346153846153844 0.47115384615384615 0.04326923076923077 0.04326923076923077
0 0.38221153846153844 0.5697115384615384 0.04326923076923077 0.04326923076923077
0 0.41947115384615385 0.6430288461538461 0.04326923076923077 0.04326923076923077
0 0.48677884615384615 0.6850961538461539 0.04326923076923077 0.04326923076923077
0 0.5216346153846154 0.71875 0.04326923076923077 0.04326923076923077
0 0.27163461538461536 0.2247596153846154 0.04326923076923077 0.04326923076923077
0 0.22596153846153846 0.26802884615384615 0.04326923076923077 0.04326923076923077
0 0.23798076923076922 0.30649038461538464 0.04326923076923077 0.04326923076923077
0 0.1502403846153846 0.26802884615384615 0.04326923076923077 0.04326923076923077