0 0.23197115384615385 0.39903846153846156 0.04326923076923077 0.04326923076923077
0 0.328125 0.4375 0.04326923076923077 0.04326923076923077
0 0.28725961538461536 0.29927884615384615 0.04326923076923077 0.04326923076923077
0 0.25961538461538464 0.24278846153846154 0.04326923076923077 0.04326923076923077
0 0.3473557692307692 0.6430288461538461 0.04326923076923077 0.04326923076923077
0 0.3629807692307692 0.5661057692307693 0.04326923076923077 0.04326923076923077
0 0.27163461538461536 0.055288461538461536 0.04326923076923077 0.04326923076923077
0 0.44711538461538464 0.2283653846153846 0.04326923076923077 0.04326923076923077
0 0.4723557692307692 0.17427884615384615 0.04326923076923077 0.04326923076923077
0 0.5685096153846154 0.27524038461538464 0.04326923076923077 0.04326923076923077
0 0.5961538461538461 0.27163461538461536 0.04326923076923077 0.04326923076923077
0 0.6310096153846154 0.31009615384615385 0.04326923076923077 0.04326923076923077
0 0.6658653846153846 0.32211538461538464 0.04326923076923077 0.04326923076923077
0 0.7307692307692307 0.3161057692307692 0.04326923076923077 0.04326923076923077
0 0.6694711538461539 0.39903846153846156 0.04326923076923077 0.04326923076923077
0 0.6778846153846154 0.46274038461538464 0.04326923076923077 0.04326923076923077
0 0.6899038461538461 0.53125 0.04326923076923077 0.04326923076923077
0 0.7596153846153846 0.5120192307692307 0.04326923076923077 0.04326923076923077
0 0.7596153846153846 0.6875 0.04326923076923077 0.04326923076923077
0 0.8774038461538461 0.9783653846153846 0.04326923076923077 0.04326923076923077
0 0.9122596153846154 0.9278846153846154 0.04326923076923077 0.04326923076923077