0 0.12740384615384615 0.6622596153846154 0.04326923076923077 0.04326923076923077
0 0.1466346153846154 0.6117788461538461 0.04326923076923077 0.04326923076923077
0 0.15384615384615385 0.6466346153846154 0.04326923076923077 0.04326923076923077
0 0.1814903846153846 0.6538461538461539 0.04326923076923077 0.04326923076923077
0 0.15865384615384615 0.5841346153846154 0.04326923076923077 0.04326923076923077
0 0.1971153846153846 0.6033653846153846 0.04326923076923077 0.04326923076923077
0 0.27524038461538464 0.6274038461538461 0.04326923076923077 0.04326923076923077
0 0.29447115384615385 0.6033653846153846 0.04326923076923077 0.04326923076923077
0 0.31009615384615385 0.6310096153846154 0.04326923076923077 0.04326923076923077
0 0.2439903846153846 0.5757211538461539 0.04326923076923077 0.04326923076923077
0 0.27163461538461536 0.5721153846153846 0.04326923076923077 0.04326923076923077
0 0.2439903846153846 0.6069711538461539 0.04326923076923077 0.04326923076923077
0 0.32211538461538464 0.5372596153846154 0.04326923076923077 0.04326923076923077
0 0.33413461538461536 0.5132211538461539 0.04326923076923077 0.04326923076923077
0 0.35336538461538464 0.5492788461538461 0.04326923076923077 0.04326923076923077
0 0.3786057692307692 0.5865384615384616 0.04326923076923077 0.04326923076923077
0 0.37259615384615385 0.5252403846153846 0.04326923076923077 0.04326923076923077
0 0.37740384615384615 0.5564903846153846 0.04326923076923077 0.04326923076923077
0 0.39302884615384615 0.5372596153846154 0.04326923076923077 0.04326923076923077
0 0.41225961538461536 0.5528846153846154 0.04326923076923077 0.04326923076923077
0 0.43990384615384615 0.5528846153846154 0.04326923076923077 0.04326923076923077
0 0.47115384615384615 0.5252403846153846 0.04326923076923077 0.04326923076923077
0 0.45072115384615385 0.49038461538461536 0.04326923076923077 0.04326923076923077
0 0.47115384615384615 0.47115384615384615 0.04326923076923077 0.04326923076923077
0 0.5060096153846154 0.43149038461538464 0.04326923076923077 0.04326923076923077
0 0.5492788461538461 0.40865384615384615 0.04326923076923077 0.04326923076923077
0 0.5757211538461539 0.47475961538461536 0.04326923076923077 0.04326923076923077
0 0.6274038461538461 0.47475961538461536 0.04326923076923077 0.04326923076923077
0 0.6502403846153846 0.45552884615384615 0.04326923076923077 0.04326923076923077
0 0.6850961538461539 0.44350961538461536 0.04326923076923077 0.04326923076923077
0 0.7007211538461539 0.37259615384615385 0.04326923076923077 0.04326923076923077
0 0.7596153846153846 0.42427884615384615 0.04326923076923077 0.04326923076923077
0 0.7319711538461539 0.39302884615384615 0.04326923076923077 0.04326923076923077
0 0.7560096153846154 0.38100961538461536 0.04326923076923077 0.04326923076923077
0 0.8257211538461539 0.37740384615384615 0.04326923076923077 0.04326923076923077
0 0.8497596153846154 0.43509615384615385 0.04326923076923077 0.04326923076923077
0 0.8221153846153846 0.44711538461538464 0.04326923076923077 0.04326923076923077
0 0.8966346153846154 0.36177884615384615 0.04326923076923077 0.04326923076923077
0 0.9314903846153846 0.34134615384615385 0.04326923076923077 0.04326923076923077
0 0.6117788461538461 0.39663461538461536 0.04326923076923077 0.04326923076923077
0 0.5841346153846154 0.32211538461538464 0.04326923076923077 0.04326923076923077
0 0.5096153846153846 0.30288461538461536 0.04326923076923077 0.04326923076923077
0 0.5336538461538461 0.27163461538461536 0.04326923076923077 0.04326923076923077
0 0.45072115384615385 0.33052884615384615 0.04326923076923077 0.04326923076923077
0 0.5060096153846154 0.35336538461538464 0.04326923076923077 0.04326923076923077
0 0.47596153846153844 0.29086538461538464 0.04326923076923077 0.04326923076923077
0 0.6153846153846154 0.36177884615384615 0.04326923076923077 0.04326923076923077
0 0.47836538461538464 0.37259615384615385 0.04326923076923077 0.04326923076923077
0 0.45552884615384615 0.24759615384615385 0.04326923076923077 0.04326923076923077
0 0.37259615384615385 0.28365384615384615 0.04326923076923077 0.04326923076923077
0 0.359375 0.2620192307692308 0.04326923076923077 0.04326923076923077
0 0.32572115384615385 0.23677884615384615 0.04326923076923077 0.04326923076923077
0 0.29086538461538464 0.29927884615384615 0.04326923076923077 0.04326923076923077
0 0.29086538461538464 0.2439903846153846 0.04326923076923077 0.04326923076923077
0 0.36177884615384615 0.2283653846153846 0.04326923076923077 0.04326923076923077
0 0.38822115384615385 0.20072115384615385 0.04326923076923077 0.04326923076923077
0 0.41225961538461536 0.2247596153846154 0.04326923076923077 0.04326923076923077
0 0.32211538461538464 0.14302884615384615 0.04326923076923077 0.04326923076923077
0 0.3004807692307692 0.13221153846153846 0.04326923076923077 0.04326923076923077
0 0.26322115384615385 0.09615384615384616 0.04326923076923077 0.04326923076923077
0 0.21514423076923078 0.11899038461538461 0.04326923076923077 0.04326923076923077
0 0.23798076923076922 0.15264423076923078 0.04326923076923077 0.04326923076923077
0 0.25240384615384615 0.1658653846153846 0.04326923076923077 0.04326923076923077
0 0.2403846153846154 0.21634615384615385 0.04326923076923077 0.04326923076923077
0 0.2283653846153846 0.1778846153846154 0.04326923076923077 0.04326923076923077
0 0.18509615384615385 0.17427884615384615 0.04326923076923077 0.04326923076923077
0 0.21514423076923078 0.24639423076923078 0.04326923076923077 0.04326923076923077
0 0.23197115384615385 0.25240384615384615 0.04326923076923077 0.04326923076923077
0 0.09615384615384616 0.040865384615384616 0.04326923076923077 0.04326923076923077
0 0.14423076923076922 0.03365384615384615 0.04326923076923077 0.04326923076923077
0 0.052884615384615384 0.018028846153846152 0.04326923076923077 0.03485576923076923
0 0.15865384615384615 0.10697115384615384 0.04326923076923077 0.04326923076923077
0 0.6189903846153846 0.43509615384615385 0.04326923076923077 0.04326923076923077