0 0.9194711538461539 0.20432692307692307 0.04927884615384615 0.04927884615384615
0 0.875 0.23197115384615385 0.04927884615384615 0.04927884615384615
0 0.8509615384615384 0.2824519230769231 0.04927884615384615 0.04927884615384615
0 0.8245192307692307 0.33533653846153844 0.04927884615384615 0.04927884615384615
0 0.7836538461538461 0.3112980769230769 0.04927884615384615 0.04927884615384615
0 0.7271634615384616 0.35697115384615385 0.04927884615384615 0.04927884615384615
0 0.7548076923076923 0.40865384615384615 0.04927884615384615 0.04927884615384615
0 0.6802884615384616 0.41947115384615385 0.04927884615384615 0.04927884615384615
0 0.6947115384615384 0.515625 0.04927884615384615 0.04927884615384615
0 0.7463942307692307 0.5384615384615384 0.04927884615384615 0.04927884615384615
0 0.6610576923076923 0.5697115384615384 0.04927884615384615 0.04927884615384615
0 0.6574519230769231 0.625 0.04927884615384615 0.04927884615384615
0 0.7211538461538461 0.6274038461538461 0.04927884615384615 0.04927884615384615
0 0.6814903846153846 0.6117788461538461 0.04927884615384615 0.04927884615384615
0 0.6802884615384616 0.6442307692307693 0.04927884615384615 0.04927884615384615
0 0.6634615384615384 0.703125 0.04927884615384615 0.04927884615384615
0 0.6382211538461539 0.6887019230769231 0.04927884615384615 0.04927884615384615
0 0.7007211538461539 0.7259615384615384 0.04927884615384615 0.04927884615384615
0 0.6658653846153846 0.8052884615384616 0.04927884615384615 0.04927884615384615
0 0.5949519230769231 0.9194711538461539 0.04927884615384615 0.04927884615384615
0 0.5661057692307693 0.9399038461538461 0.04927884615384615 0.04927884615384615
0 0.4362980769230769 0.38341346153846156 0.04927884615384615 0.04927884615384615
0 0.41586538461538464 0.42427884615384615 0.04927884615384615 0.04927884615384615
0 0.38221153846153844 0.4326923076923077 0.04927884615384615 0.04927884615384615
0 0.3317307692307692 0.42427884615384615 0.04927884615384615 0.04927884615384615
0 0.29447115384615385 0.4483173076923077 0.04927884615384615 0.04927884615384615
0 0.35216346153846156 0.4579326923076923 0.04927884615384615 0.04927884615384615
0 0.22235576923076922 0.5372596153846154 0.04927884615384615 0.04927884615384615
0 0.125 0.6538461538461539 0.04927884615384615 0.04927884615384615
0 0.08653846153846154 0.6802884615384616 0.04927884615384615 0.04927884615384615
0 0.03245192307692308 0.71875 0.04927884615384615 0.04927884615384615
0 0.04807692307692308 0.6971153846153846 0.04927884615384615 0.04927884615384615
0 0.19110576923076922 0.6262019230769231 0.04927884615384615 0.04927884615384615
0 0.1622596153846154 0.6526442307692307 0.04927884615384615 0.04927884615384615
0 0.12740384615384615 0.5961538461538461 0.04927884615384615 0.04927884615384615
0 0.28846153846153844 0.49278846153846156 0.04927884615384615 0.04927884615384615
0 0.6165865384615384 0.3798076923076923 0.04927884615384615 0.04927884615384615