0 0.7247596153846154 0.27403846153846156 0.04326923076923077 0.04326923076923077
0 0.7211538461538461 0.29927884615384615 0.04326923076923077 0.04326923076923077
0 0.7632211538461539 0.3161057692307692 0.04326923076923077 0.04326923076923077
0 0.71875 0.32572115384615385 0.04326923076923077 0.04326923076923077
0 0.7403846153846154 0.35336538461538464 0.04326923076923077 0.04326923076923077
0 0.7572115384615384 0.234375 0.04326923076923077 0.04326923076923077
0 0.7403846153846154 0.23197115384615385 0.04326923076923077 0.04326923076923077
0 0.734375 0.19471153846153846 0.04326923076923077 0.04326923076923077
0 0.7367788461538461 0.44350961538461536 0.04326923076923077 0.04326923076923077
0 0.6971153846153846 0.42788461538461536 0.04326923076923077 0.04326923076923077
0 0.6802884615384616 0.46274038461538464 0.04326923076923077 0.04326923076923077
0 0.7055288461538461 0.45072115384615385 0.04326923076923077 0.04326923076923077
0 0.6875 0.5120192307692307 0.04326923076923077 0.04326923076923077
0 0.7680288461538461 0.49399038461538464 0.04326923076923077 0.04326923076923077
0 0.6875 0.5901442307692307 0.04326923076923077 0.04326923076923077
0 0.6658653846153846 0.609375 0.04326923076923077 0.04326923076923077
0 0.71875 0.5901442307692307 0.04326923076923077 0.04326923076923077
0 0.7307692307692307 0.6069711538461539 0.04326923076923077 0.04326923076923077
0 0.75 0.640625 0.04326923076923077 0.04326923076923077
0 0.6899038461538461 0.6935096153846154 0.04326923076923077 0.04326923076923077
0 0.7367788461538461 0.6778846153846154 0.04326923076923077 0.04326923076923077
0 0.6935096153846154 0.7524038461538461 0.04326923076923077 0.04326923076923077
0 0.7151442307692307 0.7367788461538461 0.04326923076923077 0.04326923076923077
0 0.7427884615384616 0.7463942307692307 0.04326923076923077 0.04326923076923077
0 0.75 0.8125 0.04326923076923077 0.04326923076923077
0 0.7127403846153846 0.8149038461538461 0.04326923076923077 0.04326923076923077
0 0.6971153846153846 0.8569711538461539 0.04326923076923077 0.04326923076923077
0 0.7596153846153846 0.8461538461538461 0.04326923076923077 0.04326923076923077
0 0.7247596153846154 0.9134615384615384 0.04326923076923077 0.04326923076923077
0 0.7223557692307693 0.9411057692307693 0.04326923076923077 0.04326923076923077
0 0.7620192307692307 0.9375 0.04326923076923077 0.04326923076923077
0 0.7680288461538461 0.8966346153846154 0.04326923076923077 0.04326923076923077
0 0.6658653846153846 0.34134615384615385 0.04326923076923077 0.04326923076923077
0 0.6310096153846154 0.37259615384615385 0.04326923076923077 0.04326923076923077
0 0.6117788461538461 0.35697115384615385 0.04326923076923077 0.04326923076923077
0 0.5685096153846154 0.39663461538461536 0.04326923076923077 0.04326923076923077
0 0.578125 0.41947115384615385 0.04326923076923077 0.04326923076923077
0 0.5552884615384616 0.4338942307692308 0.04326923076923077 0.04326923076923077
0 0.5745192307692307 0.44471153846153844 0.04326923076923077 0.04326923076923077
0 0.5216346153846154 0.390625 0.04326923076923077 0.04326923076923077
0 0.53125 0.4567307692307692 0.04326923076923077 0.04326923076923077
0 0.5588942307692307 0.46634615384615385 0.04326923076923077 0.04326923076923077
0 0.5564903846153846 0.49759615384615385 0.04326923076923077 0.04326923076923077
0 0.5132211538461539 0.5120192307692307 0.04326923076923077 0.04326923076923077
0 0.48197115384615385 0.5252403846153846 0.04326923076923077 0.04326923076923077
0 0.4651442307692308 0.5504807692307693 0.04326923076923077 0.04326923076923077
0 0.4723557692307692 0.5060096153846154 0.04326923076923077 0.04326923076923077
0 0.46875 0.49038461538461536 0.04326923076923077 0.04326923076923077
0 0.46274038461538464 0.45552884615384615 0.04326923076923077 0.04326923076923077
0 0.44711538461538464 0.43990384615384615 0.04326923076923077 0.04326923076923077
0 0.4375 0.47115384615384615 0.04326923076923077 0.04326923076923077
0 0.42788461538461536 0.4879807692307692 0.04326923076923077 0.04326923076923077
0 0.4026442307692308 0.47115384615384615 0.04326923076923077 0.04326923076923077
0 0.375 0.45072115384615385 0.04326923076923077 0.04326923076923077
0 0.4182692307692308 0.5444711538461539 0.04326923076923077 0.04326923076923077
0 0.38461538461538464 0.5528846153846154 0.04326923076923077 0.04326923076923077
0 0.41586538461538464 0.5757211538461539 0.04326923076923077 0.04326923076923077
0 0.35336538461538464 0.5336538461538461 0.04326923076923077 0.04326923076923077
0 0.40865384615384615 0.515625 0.04326923076923077 0.04326923076923077
0 0.2932692307692308 0.5805288461538461 0.04326923076923077 0.04326923076923077
0 0.3161057692307692 0.5384615384615384 0.04326923076923077 0.04326923076923077
0 0.7319711538461539 0.8509615384615384 0.04326923076923077 0.04326923076923077
0 0.03365384615384615 0.5877403846153846 0.04326923076923077 0.04326923076923077
0 0.06971153846153846 0.6802884615384616 0.04326923076923077 0.04326923076923077
0 0.08052884615384616 0.6538461538461539 0.04326923076923077 0.04326923076923077
0 0.09975961538461539 0.6778846153846154 0.04326923076923077 0.04326923076923077
0 0.09375 0.6177884615384616 0.04326923076923077 0.04326923076923077
0 0.13822115384615385 0.6213942307692307 0.04326923076923077 0.04326923076923077
0 0.12139423076923077 0.5913461538461539 0.04326923076923077 0.04326923076923077
0 0.13701923076923078 0.6586538461538461 0.04326923076923077 0.04326923076923077
0 0.19951923076923078 0.578125 0.04326923076923077 0.04326923076923077
0 0.24639423076923078 0.6213942307692307 0.04326923076923077 0.04326923076923077
0 0.24278846153846154 0.5817307692307693 0.04326923076923077 0.04326923076923077
0 0.3004807692307692 0.6622596153846154 0.04326923076923077 0.04326923076923077
0 0.3088942307692308 0.6310096153846154 0.04326923076923077 0.04326923076923077
0 0.25240384615384615 0.65625 0.04326923076923077 0.04326923076923077
0 0.234375 0.671875 0.04326923076923077 0.04326923076923077
0 0.21634615384615385 0.6502403846153846 0.04326923076923077 0.04326923076923077
0 0.21153846153846154 0.7007211538461539 0.04326923076923077 0.04326923076923077
0 0.038461538461538464 0.6322115384615384 0.04326923076923077 0.04326923076923077