0 0.07451923076923077 0.8461538461538461 0.04326923076923077 0.04326923076923077
0 0.15985576923076922 0.8617788461538461 0.04326923076923077 0.04326923076923077
0 0.15745192307692307 0.7980769230769231 0.04326923076923077 0.04326923076923077
0 0.28725961538461536 0.7788461538461539 0.04326923076923077 0.04326923076923077
0 0.24759615384615385 0.7295673076923077 0.04326923076923077 0.04326923076923077
0 0.19951923076923078 0.703125 0.04326923076923077 0.04326923076923077
0 0.33413461538461536 0.6826923076923077 0.04326923076923077 0.04326923076923077
0 0.2608173076923077 0.65625 0.04326923076923077 0.04326923076923077
0 0.22596153846153846 0.8461538461538461 0.04326923076923077 0.04326923076923077
0 0.8016826923076923 0.6730769230769231 0.04326923076923077 0.04326923076923077
0 0.7572115384615384 0.6322115384615384 0.04326923076923077 0.04326923076923077
0 0.7620192307692307 0.6057692307692307 0.04326923076923077 0.04326923076923077
0 0.6850961538461539 0.5697115384615384 0.04326923076923077 0.04326923076923077
0 0.6742788461538461 0.6165865384615384 0.04326923076923077 0.04326923076923077
0 0.4495192307692308 0.32572115384615385 0.04326923076923077 0.04326923076923077
0 0.4170673076923077 0.3004807692307692 0.04326923076923077 0.04326923076923077
0 0.2091346153846154 0.26322115384615385 0.04326923076923077 0.04326923076923077
0 0.28365384615384615 0.265625 0.04326923076923077 0.04326923076923077
0 0.2860576923076923 0.10336538461538461 0.04326923076923077 0.04326923076923077
0 0.3137019230769231 0.16706730769230768 0.04326923076923077 0.04326923076923077
0 0.34975961538461536 0.16826923076923078 0.04326923076923077 0.04326923076923077
0 0.19230769230769232 0.06129807692307692 0.04326923076923077 0.04326923076923077
0 0.09615384615384616 0.09134615384615384 0.04326923076923077 0.04326923076923077
0 0.09615384615384616 0.15264423076923078 0.04326923076923077 0.04326923076923077
0 0.8737980769230769 0.7475961538461539 0.04326923076923077 0.04326923076923077
0 0.9086538461538461 0.7596153846153846 0.04326923076923077 0.04326923076923077