0 0.06850961538461539 0.5396634615384616 0.021634615384615384 0.021634615384615384
0 0.13822115384615385 0.5276442307692307 0.021634615384615384 0.021634615384615384
0 0.15865384615384615 0.5096153846153846 0.021634615384615384 0.021634615384615384
0 0.20552884615384615 0.5841346153846154 0.021634615384615384 0.021634615384615384
0 0.2608173076923077 0.5444711538461539 0.021634615384615384 0.021634615384615384
0 0.2932692307692308 0.5096153846153846 0.021634615384615384 0.021634615384615384
0 0.328125 0.49759615384615385 0.021634615384615384 0.021634615384615384
0 0.25600961538461536 0.4579326923076923 0.021634615384615384 0.021634615384615384
0 0.19471153846153846 0.4855769230769231 0.021634615384615384 0.021634615384615384
0 0.3425480769230769 0.44471153846153844 0.021634615384615384 0.021634615384615384
0 0.3137019230769231 0.42427884615384615 0.021634615384615384 0.021634615384615384
0 0.4495192307692308 0.39663461538461536 0.021634615384615384 0.021634615384615384
0 0.35096153846153844 0.375 0.021634615384615384 0.021634615384615384
0 0.3125 0.38822115384615385 0.021634615384615384 0.021634615384615384
0 0.32572115384615385 0.31009615384615385 0.021634615384615384 0.021634615384615384
0 0.40024038461538464 0.35096153846153844 0.021634615384615384 0.021634615384615384
0 0.21514423076923078 0.35096153846153844 0.021634615384615384 0.021634615384615384
0 0.19230769230769232 0.40384615384615385 0.021634615384615384 0.021634615384615384
0 0.17067307692307693 0.3701923076923077 0.021634615384615384 0.021634615384615384
0 0.20432692307692307 0.31971153846153844 0.021634615384615384 0.021634615384615384
0 0.40024038461538464 0.2644230769230769 0.021634615384615384 0.021634615384615384
0 0.39903846153846156 0.3112980769230769 0.021634615384615384 0.021634615384615384
0 0.46875 0.2668269230769231 0.021634615384615384 0.021634615384615384
0 0.5060096153846154 0.3473557692307692 0.021634615384615384 0.021634615384615384
0 0.5685096153846154 0.328125 0.021634615384615384 0.021634615384615384
0 0.53125 0.2668269230769231 0.021634615384615384 0.021634615384615384
0 0.6766826923076923 0.18990384615384615 0.021634615384615384 0.021634615384615384
0 0.7019230769230769 0.29927884615384615 0.021634615384615384 0.021634615384615384
0 0.7439903846153846 0.21995192307692307 0.021634615384615384 0.021634615384615384
0 0.7403846153846154 0.15384615384615385 0.021634615384615384 0.021634615384615384
0 0.8088942307692307 0.12980769230769232 0.021634615384615384 0.021634615384615384
0 0.7740384615384616 0.37740384615384615 0.021634615384615384 0.021634615384615384
0 0.8197115384615384 0.4543269230769231 0.021634615384615384 0.021634615384615384
0 0.7944711538461539 0.49759615384615385 0.021634615384615384 0.021634615384615384
0 0.8521634615384616 0.5072115384615384 0.021634615384615384 0.021634615384615384
0 0.8786057692307693 0.5240384615384616 0.021634615384615384 0.021634615384615384
0 0.9086538461538461 0.5492788461538461 0.021634615384615384 0.021634615384615384
0 0.8954326923076923 0.4375 0.021634615384615384 0.021634615384615384
0 0.8918269230769231 0.3954326923076923 0.021634615384615384 0.021634615384615384
0 0.6634615384615384 0.5564903846153846 0.021634615384615384 0.021634615384615384
0 0.7211538461538461 0.5432692307692307 0.021634615384615384 0.021634615384615384
0 0.5745192307692307 0.5408653846153846 0.021634615384615384 0.021634615384615384
0 0.6394230769230769 0.6622596153846154 0.021634615384615384 0.021634615384615384
0 0.59375 0.6971153846153846 0.021634615384615384 0.021634615384615384
0 0.5336538461538461 0.7247596153846154 0.021634615384615384 0.021634615384615384
0 0.5048076923076923 0.7716346153846154 0.021634615384615384 0.021634615384615384
0 0.43028846153846156 0.7548076923076923 0.021634615384615384 0.021634615384615384
0 0.37259615384615385 0.7716346153846154 0.021634615384615384 0.021634615384615384
0 0.36899038461538464 0.9038461538461539 0.021634615384615384 0.021634615384615384
0 0.3473557692307692 0.8533653846153846 0.021634615384615384 0.021634615384615384
0 0.2692307692307692 0.875 0.021634615384615384 0.021634615384615384
0 0.7091346153846154 0.4651442307692308 0.021634615384615384 0.021634615384615384
0 0.8377403846153846 0.33653846153846156 0.021634615384615384 0.021634615384615384