0 0.9290865384615384 0.43990384615384615 0.04927884615384615 0.04927884615384615
0 0.8966346153846154 0.4338942307692308 0.04927884615384615 0.04927884615384615
0 0.8413461538461539 0.453125 0.04927884615384615 0.04927884615384615
0 0.8305288461538461 0.41346153846153844 0.04927884615384615 0.04927884615384615
0 0.8161057692307693 0.5096153846153846 0.04927884615384615 0.04927884615384615
0 0.7680288461538461 0.43509615384615385 0.04927884615384615 0.04927884615384615
0 0.7608173076923077 0.49278846153846156 0.04927884615384615 0.04927884615384615
0 0.6838942307692307 0.5048076923076923 0.04927884615384615 0.04927884615384615
0 0.6117788461538461 0.49278846153846156 0.04927884615384615 0.04927884615384615
0 0.6201923076923077 0.42427884615384615 0.04927884615384615 0.04927884615384615
0 0.48677884615384615 0.4879807692307692 0.04927884615384615 0.04927884615384615
0 0.5264423076923077 0.5240384615384616 0.04927884615384615 0.04927884615384615
0 0.5576923076923077 0.45913461538461536 0.04927884615384615 0.04927884615384615
0 0.4230769230769231 0.5384615384615384 0.04927884615384615 0.04927884615384615
0 0.40024038461538464 0.5552884615384616 0.04927884615384615 0.04927884615384615
0 0.43990384615384615 0.5997596153846154 0.04927884615384615 0.04927884615384615
0 0.42427884615384615 0.6225961538461539 0.04927884615384615 0.04927884615384615
0 0.40384615384615385 0.6322115384615384 0.04927884615384615 0.04927884615384615
0 0.35697115384615385 0.6598557692307693 0.04927884615384615 0.04927884615384615
0 0.3762019230769231 0.5829326923076923 0.04927884615384615 0.04927884615384615
0 0.34615384615384615 0.5805288461538461 0.04927884615384615 0.04927884615384615
0 0.7055288461538461 0.4807692307692308 0.04927884615384615 0.04927884615384615
0 0.234375 0.6802884615384616 0.04927884615384615 0.04927884615384615
0 0.2668269230769231 0.6382211538461539 0.04927884615384615 0.04927884615384615
0 0.28125 0.6081730769230769 0.04927884615384615 0.04927884615384615
0 0.27884615384615385 0.5745192307692307 0.04927884615384615 0.04927884615384615
0 0.24639423076923078 0.5721153846153846 0.04927884615384615 0.04927884615384615
0 0.20192307692307693 0.6165865384615384 0.04927884615384615 0.04927884615384615
0 0.11538461538461539 0.6021634615384616 0.04927884615384615 0.04927884615384615
0 0.052884615384615384 0.6009615384615384 0.04927884615384615 0.04927884615384615
0 0.13701923076923078 0.6875 0.04927884615384615 0.04927884615384615
0 0.1502403846153846 0.6478365384615384 0.04927884615384615 0.04927884615384615
0 0.12740384615384615 0.6586538461538461 0.04927884615384615 0.04927884615384615
0 0.1045673076923077 0.6646634615384616 0.04927884615384615 0.04927884615384615
0 0.0889423076923077 0.7115384615384616 0.04927884615384615 0.04927884615384615
0 0.07692307692307693 0.6887019230769231 0.04927884615384615 0.04927884615384615
0 0.056490384615384616 0.6983173076923077 0.04927884615384615 0.04927884615384615
0 0.025240384615384616 0.7295673076923077 0.04927884615384615 0.04927884615384615
0 0.13822115384615385 0.7427884615384616 0.04927884615384615 0.04927884615384615
0 0.04807692307692308 0.7836538461538461 0.04927884615384615 0.04927884615384615
0 0.5288461538461539 0.6021634615384616 0.04927884615384615 0.04927884615384615
0 0.3557692307692308 0.8689903846153846 0.04927884615384615 0.04927884615384615
0 0.29447115384615385 0.8028846153846154 0.04927884615384615 0.04927884615384615
0 0.41225961538461536 0.8365384615384616 0.04927884615384615 0.04927884615384615
0 0.34615384615384615 0.8221153846153846 0.04927884615384615 0.04927884615384615