0 0.06610576923076923 0.5060096153846154 0.10576923076923077 0.10576923076923077
0 0.08774038461538461 0.43990384615384615 0.10576923076923077 0.10576923076923077
0 0.10697115384615384 0.42427884615384615 0.10576923076923077 0.10576923076923077
0 0.15865384615384615 0.5120192307692307 0.10576923076923077 0.10576923076923077
0 0.2091346153846154 0.5180288461538461 0.10576923076923077 0.10576923076923077
0 0.20072115384615385 0.5625 0.10576923076923077 0.10576923076923077
0 0.23197115384615385 0.59375 0.10576923076923077 0.10576923076923077
0 0.3629807692307692 0.5877403846153846 0.10576923076923077 0.10576923076923077
0 0.36899038461538464 0.5528846153846154 0.10576923076923077 0.10576923076923077
0 0.3786057692307692 0.49278846153846156 0.10576923076923077 0.10576923076923077
0 0.35336538461538464 0.49038461538461536 0.10576923076923077 0.10576923076923077
0 0.2620192307692308 0.49399038461538464 0.10576923076923077 0.10576923076923077
0 0.31850961538461536 0.5348557692307693 0.10576923076923077 0.10576923076923077
0 0.30649038461538464 0.5600961538461539 0.10576923076923077 0.10576923076923077
0 0.28725961538461536 0.5552884615384616 0.10576923076923077 0.10576923076923077
0 0.41225961538461536 0.5901442307692307 0.10576923076923077 0.10576923076923077
0 0.40865384615384615 0.53125 0.10576923076923077 0.10576923076923077
0 0.47836538461538464 0.5252403846153846 0.10576923076923077 0.10576923076923077
0 0.49399038461538464 0.5552884615384616 0.10576923076923077 0.10576923076923077
0 0.546875 0.5492788461538461 0.10576923076923077 0.10576923076923077
0 0.6057692307692307 0.5805288461538461 0.10576923076923077 0.10576923076923077
0 0.65625 0.5564903846153846 0.10576923076923077 0.10576923076923077
0 0.5384615384615384 0.5865384615384616 0.10576923076923077 0.10576923076923077
0 0.6875 0.640625 0.10576923076923077 0.10576923076923077
0 0.7307692307692307 0.6634615384615384 0.10576923076923077 0.10576923076923077
0 0.7439903846153846 0.6117788461538461 0.10576923076923077 0.10576923076923077
0 0.8149038461538461 0.5444711538461539 0.10576923076923077 0.10576923076923077
0 0.8197115384615384 0.5757211538461539 0.10576923076923077 0.10576923076923077
0 0.7752403846153846 0.6490384615384616 0.10576923076923077 0.10576923076923077