0 0.4074519230769231 0.06850961538461539 0.04927884615384615 0.04927884615384615
0 0.43990384615384615 0.09615384615384616 0.04927884615384615 0.04927884615384615
0 0.4254807692307692 0.19951923076923078 0.04927884615384615 0.04927884615384615
0 0.49278846153846156 0.19230769230769232 0.04927884615384615 0.04927884615384615
0 0.5384615384615384 0.22235576923076922 0.04927884615384615 0.04927884615384615
0 0.48677884615384615 0.26322115384615385 0.04927884615384615 0.04927884615384615
0 0.4855769230769231 0.34615384615384615 0.04927884615384615 0.04927884615384615
0 0.5673076923076923 0.36538461538461536 0.04927884615384615 0.04927884615384615
0 0.5372596153846154 0.39903846153846156 0.04927884615384615 0.04927884615384615
0 0.5192307692307693 0.43990384615384615 0.04927884615384615 0.04927884615384615
0 0.5685096153846154 0.49399038461538464 0.04927884615384615 0.04927884615384615
0 0.6117788461538461 0.4855769230769231 0.04927884615384615 0.04927884615384615
0 0.5853365384615384 0.5444711538461539 0.04927884615384615 0.04927884615384615
0 0.12620192307692307 0.46033653846153844 0.04927884615384615 0.04927884615384615
0 0.14903846153846154 0.5264423076923077 0.04927884615384615 0.04927884615384615
0 0.18028846153846154 0.5673076923076923 0.04927884615384615 0.04927884615384615
0 0.21153846153846154 0.5757211538461539 0.04927884615384615 0.04927884615384615
0 0.20552884615384615 0.5204326923076923 0.04927884615384615 0.04927884615384615
0 0.26802884615384615 0.5408653846153846 0.04927884615384615 0.04927884615384615
0 0.29927884615384615 0.5552884615384616 0.04927884615384615 0.04927884615384615
0 0.31850961538461536 0.6069711538461539 0.04927884615384615 0.04927884615384615
0 0.38100961538461536 0.7163461538461539 0.04927884615384615 0.04927884615384615
0 0.36177884615384615 0.609375 0.04927884615384615 0.04927884615384615
0 0.39663461538461536 0.625 0.04927884615384615 0.04927884615384615
0 0.40625 0.7211538461538461 0.04927884615384615 0.04927884615384615
0 0.44711538461538464 0.7427884615384616 0.04927884615384615 0.04927884615384615
0 0.46033653846153844 0.7692307692307693 0.04927884615384615 0.04927884615384615
0 0.0625 0.48197115384615385 0.04927884615384615 0.04927884615384615