0 0.41225961538461536 0.41225961538461536 0.04326923076923077 0.04326923076923077
0 0.41225961538461536 0.40865384615384615 0.04326923076923077 0.04326923076923077
0 0.43028846153846156 0.27884615384615385 0.04326923076923077 0.04326923076923077
0 0.48677884615384615 0.3401442307692308 0.04326923076923077 0.04326923076923077
0 0.5120192307692307 0.296875 0.04326923076923077 0.04326923076923077
0 0.44350961538461536 0.37740384615384615 0.04326923076923077 0.04326923076923077
0 0.5504807692307693 0.32572115384615385 0.04326923076923077 0.04326923076923077
0 0.6466346153846154 0.20673076923076922 0.04326923076923077 0.04326923076923077
0 0.7223557692307693 0.16947115384615385 0.04326923076923077 0.04326923076923077
0 0.7439903846153846 0.19471153846153846 0.04326923076923077 0.04326923076923077
0 0.7884615384615384 0.1502403846153846 0.04326923076923077 0.04326923076923077
0 0.7836538461538461 0.21514423076923078 0.04326923076923077 0.04326923076923077
0 0.7055288461538461 0.2403846153846154 0.04326923076923077 0.04326923076923077
0 0.23677884615384615 0.32572115384615385 0.04326923076923077 0.04326923076923077
0 0.29927884615384615 0.31490384615384615 0.04326923076923077 0.04326923076923077