0 0.7872596153846154 0.09615384615384616 0.046875 0.046875
0 0.8100961538461539 0.15985576923076922 0.046875 0.046875
0 0.7319711538461539 0.2247596153846154 0.046875 0.046875
0 0.7091346153846154 0.20552884615384615 0.046875 0.046875
0 0.5913461538461539 0.21514423076923078 0.046875 0.046875
0 0.5528846153846154 0.23677884615384615 0.046875 0.046875
0 0.5697115384615384 0.32211538461538464 0.046875 0.046875
0 0.6838942307692307 0.265625 0.046875 0.046875
0 0.46634615384615385 0.3870192307692308 0.046875 0.046875
0 0.5528846153846154 0.47836538461538464 0.046875 0.046875
0 0.5997596153846154 0.5600961538461539 0.046875 0.046875
0 0.6225961538461539 0.5973557692307693 0.046875 0.046875
0 0.4723557692307692 0.6754807692307693 0.046875 0.046875
0 0.4651442307692308 0.7223557692307693 0.046875 0.046875
0 0.421875 0.75 0.046875 0.046875
0 0.5096153846153846 0.7091346153846154 0.046875 0.046875
0 0.5757211538461539 0.6117788461538461 0.046875 0.046875
0 0.38822115384615385 0.8725961538461539 0.046875 0.046875
0 0.28725961538461536 0.9711538461538461 0.046875 0.046875
0 0.23197115384615385 0.9663461538461539 0.046875 0.046875
0 0.3473557692307692 0.859375 0.046875 0.046875