0 0.6838942307692307 0.07211538461538461 0.052884615384615384 0.052884615384615384
0 0.6418269230769231 0.12740384615384615 0.052884615384615384 0.052884615384615384
0 0.7115384615384616 0.12740384615384615 0.052884615384615384 0.052884615384615384
0 0.671875 0.16826923076923078 0.052884615384615384 0.052884615384615384
0 0.6610576923076923 0.21153846153846154 0.052884615384615384 0.052884615384615384
0 0.7704326923076923 0.2932692307692308 0.052884615384615384 0.052884615384615384
0 0.8064903846153846 0.3161057692307692 0.052884615384615384 0.052884615384615384
0 0.7475961538461539 0.3701923076923077 0.052884615384615384 0.052884615384615384
0 0.7728365384615384 0.40865384615384615 0.052884615384615384 0.052884615384615384
0 0.7427884615384616 0.4254807692307692 0.052884615384615384 0.052884615384615384
0 0.8137019230769231 0.38100961538461536 0.052884615384615384 0.052884615384615384
0 0.7872596153846154 0.37740384615384615 0.052884615384615384 0.052884615384615384
0 0.7944711538461539 0.3485576923076923 0.052884615384615384 0.052884615384615384
0 0.8341346153846154 0.4170673076923077 0.052884615384615384 0.052884615384615384
0 0.8725961538461539 0.47115384615384615 0.052884615384615384 0.052884615384615384
0 0.8569711538461539 0.5132211538461539 0.052884615384615384 0.052884615384615384
0 0.9230769230769231 0.6742788461538461 0.052884615384615384 0.052884615384615384
0 0.8822115384615384 0.6382211538461539 0.052884615384615384 0.052884615384615384
0 0.7836538461538461 0.5841346153846154 0.052884615384615384 0.052884615384615384
0 0.7884615384615384 0.7067307692307693 0.052884615384615384 0.052884615384615384
0 0.7487980769230769 0.7211538461538461 0.052884615384615384 0.052884615384615384
0 0.7235576923076923 0.7127403846153846 0.052884615384615384 0.052884615384615384
0 0.6610576923076923 0.7319711538461539 0.052884615384615384 0.052884615384615384
0 0.6454326923076923 0.6478365384615384 0.052884615384615384 0.052884615384615384
0 0.6502403846153846 0.6189903846153846 0.052884615384615384 0.052884615384615384
0 0.5588942307692307 0.7139423076923077 0.052884615384615384 0.052884615384615384
0 0.5336538461538461 0.6454326923076923 0.052884615384615384 0.052884615384615384
0 0.42427884615384615 0.7043269230769231 0.052884615384615384 0.052884615384615384
0 0.4495192307692308 0.703125 0.052884615384615384 0.052884615384615384
0 0.41225961538461536 0.6622596153846154 0.052884615384615384 0.052884615384615384
0 0.375 0.6646634615384616 0.052884615384615384 0.052884615384615384
0 0.3701923076923077 0.7103365384615384 0.052884615384615384 0.052884615384615384
0 0.3076923076923077 0.7632211538461539 0.052884615384615384 0.052884615384615384
0 0.27524038461538464 0.7055288461538461 0.052884615384615384 0.052884615384615384
0 0.24639423076923078 0.7367788461538461 0.052884615384615384 0.052884615384615384
0 0.21634615384615385 0.7716346153846154 0.052884615384615384 0.052884615384615384
0 0.22355769230769232 0.7451923076923077 0.052884615384615384 0.052884615384615384
0 0.13221153846153846 0.8173076923076923 0.052884615384615384 0.052884615384615384
0 0.125 0.8701923076923077 0.052884615384615384 0.052884615384615384
0 0.07692307692307693 0.8305288461538461 0.052884615384615384 0.052884615384615384
0 0.036057692307692304 0.9110576923076923 0.052884615384615384 0.052884615384615384
0 0.021634615384615384 0.8329326923076923 0.04326923076923077 0.052884615384615384
0 0.6742788461538461 0.6850961538461539 0.052884615384615384 0.052884615384615384
0 0.7127403846153846 0.6622596153846154 0.052884615384615384 0.052884615384615384
0 0.8257211538461539 0.47836538461538464 0.052884615384615384 0.052884615384615384
0 0.45552884615384615 0.5997596153846154 0.052884615384615384 0.052884615384615384
0 0.3786057692307692 0.5504807692307693 0.052884615384615384 0.052884615384615384
0 0.26802884615384615 0.53125 0.052884615384615384 0.052884615384615384
0 0.2403846153846154 0.5661057692307693 0.052884615384615384 0.052884615384615384
0 0.14302884615384615 0.5228365384615384 0.052884615384615384 0.052884615384615384
0 0.10697115384615384 0.4326923076923077 0.052884615384615384 0.052884615384615384