0 0.08413461538461539 0.14302884615384615 0.10576923076923077 0.10576923076923077
0 0.11298076923076923 0.09375 0.10576923076923077 0.10576923076923077
0 0.140625 0.09735576923076923 0.10576923076923077 0.10576923076923077
0 0.18389423076923078 0.26322115384615385 0.10576923076923077 0.10576923076923077
0 0.21634615384615385 0.21875 0.10576923076923077 0.10576923076923077
0 0.22115384615384615 0.27403846153846156 0.10576923076923077 0.10576923076923077
0 0.24278846153846154 0.296875 0.10576923076923077 0.10576923076923077
0 0.26802884615384615 0.328125 0.10576923076923077 0.10576923076923077
0 0.2536057692307692 0.21514423076923078 0.10576923076923077 0.10576923076923077
0 0.23677884615384615 0.1778846153846154 0.10576923076923077 0.10576923076923077
0 0.2283653846153846 0.453125 0.10576923076923077 0.10576923076923077
0 0.27163461538461536 0.4375 0.10576923076923077 0.10576923076923077
0 0.31009615384615385 0.48677884615384615 0.10576923076923077 0.10576923076923077
0 0.27884615384615385 0.5528846153846154 0.10576923076923077 0.10576923076923077
0 0.3161057692307692 0.5408653846153846 0.10576923076923077 0.10576923076923077
0 0.30649038461538464 0.5805288461538461 0.10576923076923077 0.10576923076923077
0 0.33774038461538464 0.5817307692307693 0.10576923076923077 0.10576923076923077
0 0.328125 0.6490384615384616 0.10576923076923077 0.10576923076923077
0 0.36177884615384615 0.6466346153846154 0.10576923076923077 0.10576923076923077
0 0.375 0.6033653846153846 0.10576923076923077 0.10576923076923077
0 0.34615384615384615 0.6177884615384616 0.10576923076923077 0.10576923076923077
0 0.40024038461538464 0.6899038461538461 0.10576923076923077 0.10576923076923077
0 0.43149038461538464 0.6069711538461539 0.10576923076923077 0.10576923076923077
0 0.359375 0.484375 0.10576923076923077 0.10576923076923077
0 0.49759615384615385 0.6682692307692307 0.10576923076923077 0.10576923076923077
0 0.5180288461538461 0.703125 0.10576923076923077 0.10576923076923077
0 0.48197115384615385 0.7560096153846154 0.10576923076923077 0.10576923076923077
0 0.5024038461538461 0.7776442307692307 0.10576923076923077 0.10576923076923077
0 0.5348557692307693 0.8125 0.10576923076923077 0.10576923076923077
0 0.5504807692307693 0.7367788461538461 0.10576923076923077 0.10576923076923077
0 0.5913461538461539 0.7596153846153846 0.10576923076923077 0.10576923076923077
0 0.6117788461538461 0.8100961538461539 0.10576923076923077 0.10576923076923077
0 0.65625 0.7403846153846154 0.10576923076923077 0.10576923076923077
0 0.6778846153846154 0.7944711538461539 0.10576923076923077 0.10576923076923077
0 0.7247596153846154 0.8088942307692307 0.10576923076923077 0.10576923076923077
0 0.7572115384615384 0.8317307692307693 0.10576923076923077 0.10576923076923077
0 0.8052884615384616 0.8100961538461539 0.10576923076923077 0.10576923076923077
0 0.9495192307692307 0.890625 0.10096153846153846 0.10576923076923077
0 0.9338942307692307 0.8629807692307693 0.10576923076923077 0.10576923076923077
0 0.90625 0.9447115384615384 0.10576923076923077 0.10576923076923077
0 0.8725961538461539 0.9375 0.10576923076923077 0.10576923076923077
0 0.7932692307692307 0.9495192307692307 0.10576923076923077 0.10096153846153846
0 0.7692307692307693 0.8990384615384616 0.10576923076923077 0.10576923076923077
0 0.703125 0.9194711538461539 0.10576923076923077 0.10576923076923077
0 0.6911057692307693 0.8677884615384616 0.10576923076923077 0.10576923076923077