0 0.046875 0.9711538461538461 0.04326923076923077 0.04326923076923077
0 0.019230769230769232 0.8978365384615384 0.038461538461538464 0.04326923076923077
0 0.0625 0.8918269230769231 0.04326923076923077 0.04326923076923077
0 0.08653846153846154 0.9170673076923077 0.04326923076923077 0.04326923076923077
0 0.08052884615384616 0.8786057692307693 0.04326923076923077 0.04326923076923077
0 0.11057692307692307 0.8365384615384616 0.04326923076923077 0.04326923076923077
0 0.14783653846153846 0.8425480769230769 0.04326923076923077 0.04326923076923077
0 0.15384615384615385 0.8088942307692307 0.04326923076923077 0.04326923076923077
0 0.15865384615384615 0.9158653846153846 0.04326923076923077 0.04326923076923077
0 0.21634615384615385 0.890625 0.04326923076923077 0.04326923076923077
0 0.18870192307692307 0.8497596153846154 0.04326923076923077 0.04326923076923077
0 0.20072115384615385 0.8221153846153846 0.04326923076923077 0.04326923076923077
0 0.24759615384615385 0.8269230769230769 0.04326923076923077 0.04326923076923077
0 0.29447115384615385 0.8209134615384616 0.04326923076923077 0.04326923076923077
0 0.28846153846153844 0.8701923076923077 0.04326923076923077 0.04326923076923077
0 0.35697115384615385 0.7788461538461539 0.04326923076923077 0.04326923076923077
0 0.3870192307692308 0.7596153846153846 0.04326923076923077 0.04326923076923077
0 0.4110576923076923 0.7307692307692307 0.04326923076923077 0.04326923076923077
0 0.4387019230769231 0.7716346153846154 0.04326923076923077 0.04326923076923077
0 0.4891826923076923 0.7367788461538461 0.04326923076923077 0.04326923076923077
0 0.4951923076923077 0.6947115384615384 0.04326923076923077 0.04326923076923077
0 0.5384615384615384 0.7319711538461539 0.04326923076923077 0.04326923076923077
0 0.6274038461538461 0.6754807692307693 0.04326923076923077 0.04326923076923077
0 0.6538461538461539 0.734375 0.04326923076923077 0.04326923076923077
0 0.734375 0.7524038461538461 0.04326923076923077 0.04326923076923077
0 0.7740384615384616 0.6983173076923077 0.04326923076923077 0.04326923076923077
0 0.8413461538461539 0.7367788461538461 0.04326923076923077 0.04326923076923077
0 0.8377403846153846 0.6298076923076923 0.04326923076923077 0.04326923076923077
0 0.9134615384615384 0.6814903846153846 0.04326923076923077 0.04326923076923077
0 0.8942307692307693 0.5757211538461539 0.04326923076923077 0.04326923076923077
0 0.9146634615384616 0.5372596153846154 0.04326923076923077 0.04326923076923077
0 0.8257211538461539 0.4807692307692308 0.04326923076923077 0.04326923076923077
0 0.8052884615384616 0.5036057692307693 0.04326923076923077 0.04326923076923077
0 0.8100961538461539 0.4483173076923077 0.04326923076923077 0.04326923076923077
0 0.8617788461538461 0.4675480769230769 0.04326923076923077 0.04326923076923077
0 0.8569711538461539 0.40865384615384615 0.04326923076923077 0.04326923076923077
0 0.9002403846153846 0.47836538461538464 0.04326923076923077 0.04326923076923077
0 0.7295673076923077 0.31850961538461536 0.04326923076923077 0.04326923076923077
0 0.7367788461538461 0.27884615384615385 0.04326923076923077 0.04326923076923077
0 0.7704326923076923 0.24278846153846154 0.04326923076923077 0.04326923076923077
0 0.7211538461538461 0.24759615384615385 0.04326923076923077 0.04326923076923077
0 0.7560096153846154 0.20192307692307693 0.04326923076923077 0.04326923076923077
0 0.7367788461538461 0.19110576923076922 0.04326923076923077 0.04326923076923077
0 0.7223557692307693 0.17067307692307693 0.04326923076923077 0.04326923076923077
0 0.7079326923076923 0.14423076923076922 0.04326923076923077 0.04326923076923077
0 0.6634615384615384 0.20552884615384615 0.04326923076923077 0.04326923076923077
0 0.6225961538461539 0.15985576923076922 0.04326923076923077 0.04326923076923077
0 0.5516826923076923 0.140625 0.04326923076923077 0.04326923076923077
0 0.44350961538461536 0.016826923076923076 0.04326923076923077 0.03365384615384615
0 0.4543269230769231 0.038461538461538464 0.04326923076923077 0.04326923076923077
0 0.48677884615384615 0.12620192307692307 0.04326923076923077 0.04326923076923077
0 0.8245192307692307 0.421875 0.04326923076923077 0.04326923076923077
0 0.8257211538461539 0.3894230769230769 0.04326923076923077 0.04326923076923077
0 0.38100961538461536 0.6189903846153846 0.04326923076923077 0.04326923076923077
0 0.29447115384615385 0.5745192307692307 0.04326923076923077 0.04326923076923077
0 0.1466346153846154 0.5240384615384616 0.04326923076923077 0.04326923076923077