0 0.015625 0.6778846153846154 0.03125 0.04326923076923077
0 0.013221153846153846 0.6298076923076923 0.026442307692307692 0.04326923076923077
0 0.021634615384615384 0.6117788461538461 0.04326923076923077 0.04326923076923077
0 0.037259615384615384 0.6742788461538461 0.04326923076923077 0.04326923076923077
0 0.08413461538461539 0.6382211538461539 0.04326923076923077 0.04326923076923077
0 0.06009615384615385 0.5961538461538461 0.04326923076923077 0.04326923076923077
0 0.06850961538461539 0.5721153846153846 0.04326923076923077 0.04326923076923077
0 0.12740384615384615 0.6225961538461539 0.04326923076923077 0.04326923076923077
0 0.15384615384615385 0.6274038461538461 0.04326923076923077 0.04326923076923077
0 0.1658653846153846 0.6033653846153846 0.04326923076923077 0.04326923076923077
0 0.15384615384615385 0.5492788461538461 0.04326923076923077 0.04326923076923077
0 0.12740384615384615 0.5444711538461539 0.04326923076923077 0.04326923076923077
0 0.16947115384615385 0.5216346153846154 0.04326923076923077 0.04326923076923077
0 0.2091346153846154 0.6033653846153846 0.04326923076923077 0.04326923076923077
0 0.23197115384615385 0.5961538461538461 0.04326923076923077 0.04326923076923077
0 0.2439903846153846 0.5685096153846154 0.04326923076923077 0.04326923076923077
0 0.22115384615384615 0.5096153846153846 0.04326923076923077 0.04326923076923077
0 0.2127403846153846 0.49038461538461536 0.04326923076923077 0.04326923076923077
0 0.2403846153846154 0.47115384615384615 0.04326923076923077 0.04326923076923077
0 0.26802884615384615 0.45072115384615385 0.04326923076923077 0.04326923076923077
0 0.30528846153846156 0.5192307692307693 0.04326923076923077 0.04326923076923077
0 0.33052884615384615 0.5408653846153846 0.04326923076923077 0.04326923076923077
0 0.29927884615384615 0.5805288461538461 0.04326923076923077 0.04326923076923077
0 0.35336538461538464 0.5913461538461539 0.04326923076923077 0.04326923076923077
0 0.36899038461538464 0.5132211538461539 0.04326923076923077 0.04326923076923077
0 0.36899038461538464 0.43149038461538464 0.04326923076923077 0.04326923076923077
0 0.33052884615384615 0.40865384615384615 0.04326923076923077 0.04326923076923077
0 0.36538461538461536 0.47475961538461536 0.04326923076923077 0.04326923076923077
0 0.47115384615384615 0.43990384615384615 0.04326923076923077 0.04326923076923077
0 0.5877403846153846 0.39663461538461536 0.04326923076923077 0.04326923076923077
0 0.5805288461538461 0.45072115384615385 0.04326923076923077 0.04326923076923077
0 0.6310096153846154 0.39903846153846156 0.04326923076923077 0.04326923076923077
0 0.5757211538461539 0.34134615384615385 0.04326923076923077 0.04326923076923077
0 0.6622596153846154 0.29927884615384615 0.04326923076923077 0.04326923076923077
0 0.6995192307692307 0.3245192307692308 0.04326923076923077 0.04326923076923077
0 0.43990384615384615 0.09615384615384616 0.04326923076923077 0.04326923076923077
0 0.47115384615384615 0.052884615384615384 0.04326923076923077 0.04326923076923077
0 0.49399038461538464 0.11538461538461539 0.04326923076923077 0.04326923076923077
0 0.5492788461538461 0.11538461538461539 0.04326923076923077 0.04326923076923077
0 0.5913461538461539 0.1346153846153846 0.04326923076923077 0.04326923076923077
0 0.5805288461538461 0.06850961538461539 0.04326923076923077 0.04326923076923077
0 0.5841346153846154 0.03365384615384615 0.04326923076923077 0.04326923076923077
0 0.7788461538461539 0.29447115384615385 0.04326923076923077 0.04326923076923077
0 0.7560096153846154 0.30649038461538464 0.04326923076923077 0.04326923076923077
0 0.7560096153846154 0.34134615384615385 0.04326923076923077 0.04326923076923077
0 0.8221153846153846 0.34134615384615385 0.04326923076923077 0.04326923076923077
0 0.8413461538461539 0.36177884615384615 0.04326923076923077 0.04326923076923077
0 0.7992788461538461 0.39302884615384615 0.04326923076923077 0.04326923076923077
0 0.8509615384615384 0.39302884615384615 0.04326923076923077 0.04326923076923077
0 0.7752403846153846 0.40865384615384615 0.04326923076923077 0.04326923076923077
0 0.8185096153846154 0.46274038461538464 0.04326923076923077 0.04326923076923077
0 0.8569711538461539 0.46634615384615385 0.04326923076923077 0.04326923076923077
0 0.7992788461538461 0.49038461538461536 0.04326923076923077 0.04326923076923077
0 0.7788461538461539 0.48677884615384615 0.04326923076923077 0.04326923076923077
0 0.7632211538461539 0.43509615384615385 0.04326923076923077 0.04326923076923077
0 0.7091346153846154 0.5096153846153846 0.04326923076923077 0.04326923076923077
0 0.6899038461538461 0.5564903846153846 0.04326923076923077 0.04326923076923077
0 0.7127403846153846 0.5444711538461539 0.04326923076923077 0.04326923076923077
0 0.7632211538461539 0.5444711538461539 0.04326923076923077 0.04326923076923077
0 0.7319711538461539 0.5997596153846154 0.04326923076923077 0.04326923076923077
0 0.7439903846153846 0.6935096153846154 0.04326923076923077 0.04326923076923077
0 0.7163461538461539 0.7211538461538461 0.04326923076923077 0.04326923076923077
0 0.7716346153846154 0.6694711538461539 0.04326923076923077 0.04326923076923077
0 0.8100961538461539 0.7367788461538461 0.04326923076923077 0.04326923076923077
0 0.9158653846153846 0.7439903846153846 0.04326923076923077 0.04326923076923077
0 0.9399038461538461 0.7247596153846154 0.04326923076923077 0.04326923076923077
0 0.9350961538461539 0.7752403846153846 0.04326923076923077 0.04326923076923077
0 0.8653846153846154 0.7992788461538461 0.04326923076923077 0.04326923076923077
0 0.48677884615384615 0.13822115384615385 0.04326923076923077 0.04326923076923077