0 0.203125 0.7524038461538461 0.10576923076923077 0.10576923076923077
0 0.20552884615384615 0.7007211538461539 0.10576923076923077 0.10576923076923077
0 0.2283653846153846 0.65625 0.10576923076923077 0.10576923076923077
0 0.2620192307692308 0.6117788461538461 0.10576923076923077 0.10576923076923077
0 0.22235576923076922 0.5721153846153846 0.10576923076923077 0.10576923076923077
0 0.21514423076923078 0.5180288461538461 0.10576923076923077 0.10576923076923077
0 0.16346153846153846 0.49278846153846156 0.10576923076923077 0.10576923076923077
0 0.06850961538461539 0.4254807692307692 0.10576923076923077 0.10576923076923077
0 0.04447115384615385 0.4375 0.0889423076923077 0.10576923076923077
0 0.3245192307692308 0.7247596153846154 0.10576923076923077 0.10576923076923077
0 0.3401442307692308 0.765625 0.10576923076923077 0.10576923076923077
0 0.36177884615384615 0.6682692307692307 0.10576923076923077 0.10576923076923077
0 0.36899038461538464 0.6153846153846154 0.10576923076923077 0.10576923076923077
0 0.41586538461538464 0.5528846153846154 0.10576923076923077 0.10576923076923077
0 0.3786057692307692 0.5757211538461539 0.10576923076923077 0.10576923076923077
0 0.3401442307692308 0.5240384615384616 0.10576923076923077 0.10576923076923077
0 0.296875 0.5192307692307693 0.10576923076923077 0.10576923076923077
0 0.40384615384615385 0.42427884615384615 0.10576923076923077 0.10576923076923077
0 0.46875 0.5060096153846154 0.10576923076923077 0.10576923076923077
0 0.41586538461538464 0.5024038461538461 0.10576923076923077 0.10576923076923077
0 0.4879807692307692 0.3713942307692308 0.10576923076923077 0.10576923076923077
0 0.5384615384615384 0.3317307692307692 0.10576923076923077 0.10576923076923077
0 0.7055288461538461 0.375 0.10576923076923077 0.10576923076923077
0 0.5649038461538461 0.203125 0.10576923076923077 0.10576923076923077
0 0.5877403846153846 0.28846153846153844 0.10576923076923077 0.10576923076923077
0 0.4963942307692308 0.33413461538461536 0.10576923076923077 0.10576923076923077
0 0.25 0.43149038461538464 0.10576923076923077 0.10576923076923077
0 0.3004807692307692 0.4375 0.10576923076923077 0.10576923076923077
0 0.296875 0.4807692307692308 0.10576923076923077 0.10576923076923077
0 0.42427884615384615 0.6009615384615384 0.10576923076923077 0.10576923076923077
0 0.5036057692307693 0.43990384615384615 0.10576923076923077 0.10576923076923077