0 0.0673076923076923 0.35096153846153844 0.052884615384615384 0.052884615384615384
0 0.06009615384615385 0.37740384615384615 0.052884615384615384 0.052884615384615384
0 0.12740384615384615 0.3894230769230769 0.052884615384615384 0.052884615384615384
0 0.15865384615384615 0.41586538461538464 0.052884615384615384 0.052884615384615384
0 0.19471153846153846 0.39783653846153844 0.052884615384615384 0.052884615384615384
0 0.24759615384615385 0.42427884615384615 0.052884615384615384 0.052884615384615384
0 0.27163461538461536 0.41947115384615385 0.052884615384615384 0.052884615384615384
0 0.41947115384615385 0.5805288461538461 0.052884615384615384 0.052884615384615384
0 0.43149038461538464 0.5372596153846154 0.052884615384615384 0.052884615384615384
0 0.27403846153846156 0.49158653846153844 0.052884615384615384 0.052884615384615384
0 0.21875 0.36538461538461536 0.052884615384615384 0.052884615384615384
0 0.5084134615384616 0.5504807692307693 0.052884615384615384 0.052884615384615384
0 0.5540865384615384 0.5853365384615384 0.052884615384615384 0.052884615384615384
0 0.6021634615384616 0.5925480769230769 0.052884615384615384 0.052884615384615384
0 0.7079326923076923 0.6911057692307693 0.052884615384615384 0.052884615384615384
0 0.7752403846153846 0.7536057692307693 0.052884615384615384 0.052884615384615384
0 0.8173076923076923 0.7055288461538461 0.052884615384615384 0.052884615384615384
0 0.8401442307692307 0.7007211538461539 0.052884615384615384 0.052884615384615384
0 0.8677884615384616 0.75 0.052884615384615384 0.052884615384615384
0 0.8617788461538461 0.8677884615384616 0.052884615384615384 0.052884615384615384
0 0.8762019230769231 0.8930288461538461 0.052884615384615384 0.052884615384615384
0 0.9038461538461539 0.8942307692307693 0.052884615384615384 0.052884615384615384
0 0.6298076923076923 0.6394230769230769 0.052884615384615384 0.052884615384615384
0 0.3088942307692308 0.453125 0.052884615384615384 0.052884615384615384