0 0.22355769230769232 0.5733173076923077 0.04326923076923077 0.04326923076923077
0 0.18990384615384615 0.6586538461538461 0.04326923076923077 0.04326923076923077
0 0.2403846153846154 0.6550480769230769 0.04326923076923077 0.04326923076923077
0 0.04326923076923077 0.6935096153846154 0.04326923076923077 0.04326923076923077
0 0.29447115384615385 0.5733173076923077 0.04326923076923077 0.04326923076923077
0 0.41947115384615385 0.5384615384615384 0.04326923076923077 0.04326923076923077
0 0.48677884615384615 0.6117788461538461 0.04326923076923077 0.04326923076923077
0 0.5625 0.5865384615384616 0.04326923076923077 0.04326923076923077
0 0.59375 0.5913461538461539 0.04326923076923077 0.04326923076923077
0 0.6442307692307693 0.5709134615384616 0.04326923076923077 0.04326923076923077
0 0.6346153846153846 0.48677884615384615 0.04326923076923077 0.04326923076923077
0 0.6959134615384616 0.5733173076923077 0.04326923076923077 0.04326923076923077
0 0.7055288461538461 0.5228365384615384 0.04326923076923077 0.04326923076923077
0 0.7307692307692307 0.4483173076923077 0.04326923076923077 0.04326923076923077
0 0.7836538461538461 0.390625 0.04326923076923077 0.04326923076923077
0 0.8149038461538461 0.38221153846153844 0.04326923076923077 0.04326923076923077
0 0.8798076923076923 0.4519230769230769 0.04326923076923077 0.04326923076923077
0 0.9194711538461539 0.41225961538461536 0.04326923076923077 0.04326923076923077
0 0.40865384615384615 0.6526442307692307 0.04326923076923077 0.04326923076923077
0 0.46033653846153844 0.6995192307692307 0.04326923076923077 0.04326923076923077
0 0.48197115384615385 0.71875 0.04326923076923077 0.04326923076923077
0 0.515625 0.6538461538461539 0.04326923076923077 0.04326923076923077
0 0.47596153846153844 0.6382211538461539 0.04326923076923077 0.04326923076923077
0 0.5180288461538461 0.7776442307692307 0.04326923076923077 0.04326923076923077
0 0.5600961538461539 0.7307692307692307 0.04326923076923077 0.04326923076923077
0 0.6334134615384616 0.8088942307692307 0.04326923076923077 0.04326923076923077
0 0.6021634615384616 0.7307692307692307 0.04326923076923077 0.04326923076923077
0 0.6310096153846154 0.8834134615384616 0.04326923076923077 0.04326923076923077
0 0.6730769230769231 0.8509615384615384 0.04326923076923077 0.04326923076923077
0 0.6298076923076923 0.9495192307692307 0.04326923076923077 0.04326923076923077
0 0.7415865384615384 0.9002403846153846 0.04326923076923077 0.04326923076923077
0 0.7319711538461539 0.9795673076923077 0.04326923076923077 0.040865384615384616
0 0.7259615384615384 0.9302884615384616 0.04326923076923077 0.04326923076923077
0 0.6610576923076923 0.9194711538461539 0.04326923076923077 0.04326923076923077
0 0.5120192307692307 0.7067307692307693 0.04326923076923077 0.04326923076923077
0 0.6129807692307693 0.828125 0.04326923076923077 0.04326923076923077
0 0.28966346153846156 0.49278846153846156 0.04326923076923077 0.04326923076923077
0 0.3004807692307692 0.4170673076923077 0.04326923076923077 0.04326923076923077
0 0.359375 0.43149038461538464 0.04326923076923077 0.04326923076923077
0 0.3401442307692308 0.3161057692307692 0.04326923076923077 0.04326923076923077
0 0.3954326923076923 0.30649038461538464 0.04326923076923077 0.04326923076923077
0 0.36538461538461536 0.21153846153846154 0.04326923076923077 0.04326923076923077
0 0.39903846153846156 0.2620192307692308 0.04326923076923077 0.04326923076923077
0 0.33774038461538464 0.19831730769230768 0.04326923076923077 0.04326923076923077
0 0.3004807692307692 0.15745192307692307 0.04326923076923077 0.04326923076923077
0 0.328125 0.12740384615384615 0.04326923076923077 0.04326923076923077
0 0.37259615384615385 0.09495192307692307 0.04326923076923077 0.04326923076923077
0 0.4254807692307692 0.109375 0.04326923076923077 0.04326923076923077
0 0.45072115384615385 0.07572115384615384 0.04326923076923077 0.04326923076923077
0 0.43509615384615385 0.036057692307692304 0.04326923076923077 0.04326923076923077
0 0.35336538461538464 0.4963942307692308 0.04326923076923077 0.04326923076923077
0 0.3389423076923077 0.5216346153846154 0.04326923076923077 0.04326923076923077
0 0.41466346153846156 0.07572115384615384 0.04326923076923077 0.04326923076923077