0 0.3317307692307692 0.08173076923076923 0.10576923076923077 0.10576923076923077
0 0.43028846153846156 0.04447115384615385 0.10576923076923077 0.0889423076923077
0 0.3870192307692308 0.12860576923076922 0.10576923076923077 0.10576923076923077
0 0.40625 0.1778846153846154 0.10576923076923077 0.10576923076923077
0 0.5132211538461539 0.12860576923076922 0.10576923076923077 0.10576923076923077
0 0.515625 0.21875 0.10576923076923077 0.10576923076923077
0 0.44471153846153844 0.2692307692307692 0.10576923076923077 0.10576923076923077
0 0.43149038461538464 0.3317307692307692 0.10576923076923077 0.10576923076923077
0 0.46153846153846156 0.45552884615384615 0.10576923076923077 0.10576923076923077
0 0.5384615384615384 0.36538461538461536 0.10576923076923077 0.10576923076923077
0 0.4651442307692308 0.5661057692307693 0.10576923076923077 0.10576923076923077
0 0.5288461538461539 0.5685096153846154 0.10576923076923077 0.10576923076923077
0 0.5552884615384616 0.5865384615384616 0.10576923076923077 0.10576923076923077
0 0.5997596153846154 0.5745192307692307 0.10576923076923077 0.10576923076923077