0 0.0889423076923077 0.3449519230769231 0.04927884615384615 0.04927884615384615
0 0.17427884615384615 0.4375 0.04927884615384615 0.04927884615384615
0 0.24879807692307693 0.4182692307692308 0.04927884615384615 0.04927884615384615
0 0.3088942307692308 0.43028846153846156 0.04927884615384615 0.04927884615384615
0 0.2439903846153846 0.4807692307692308 0.04927884615384615 0.04927884615384615
0 0.265625 0.5084134615384616 0.04927884615384615 0.04927884615384615
0 0.31009615384615385 0.5264423076923077 0.04927884615384615 0.04927884615384615
0 0.3269230769230769 0.5600961538461539 0.04927884615384615 0.04927884615384615
0 0.38100961538461536 0.5384615384615384 0.04927884615384615 0.04927884615384615
0 0.38461538461538464 0.6105769230769231 0.04927884615384615 0.04927884615384615
0 0.39663461538461536 0.6274038461538461 0.04927884615384615 0.04927884615384615
0 0.42427884615384615 0.5769230769230769 0.04927884615384615 0.04927884615384615
0 0.5180288461538461 0.59375 0.04927884615384615 0.04927884615384615
0 0.4639423076923077 0.6478365384615384 0.04927884615384615 0.04927884615384615
0 0.5072115384615384 0.6923076923076923 0.04927884615384615 0.04927884615384615
0 0.5649038461538461 0.6153846153846154 0.04927884615384615 0.04927884615384615
0 0.6165865384615384 0.7355769230769231 0.04927884615384615 0.04927884615384615
0 0.6177884615384616 0.6586538461538461 0.04927884615384615 0.04927884615384615
0 0.6502403846153846 0.6502403846153846 0.04927884615384615 0.04927884615384615
0 0.7007211538461539 0.6526442307692307 0.04927884615384615 0.04927884615384615
0 0.7163461538461539 0.7307692307692307 0.04927884615384615 0.04927884615384615
0 0.78125 0.7524038461538461 0.04927884615384615 0.04927884615384615
0 0.6117788461538461 0.6971153846153846 0.04927884615384615 0.04927884615384615
0 0.6490384615384616 0.7367788461538461 0.04927884615384615 0.04927884615384615