0 0.125 0.1971153846153846 0.04326923076923077 0.04326923076923077
0 0.20552884615384615 0.2776442307692308 0.04326923076923077 0.04326923076923077
0 0.16346153846153846 0.33052884615384615 0.04326923076923077 0.04326923076923077
0 0.25240384615384615 0.30288461538461536 0.04326923076923077 0.04326923076923077
0 0.2247596153846154 0.23197115384615385 0.04326923076923077 0.04326923076923077
0 0.22115384615384615 0.1935096153846154 0.04326923076923077 0.04326923076923077
0 0.2620192307692308 0.23197115384615385 0.04326923076923077 0.04326923076923077
0 0.1875 0.11177884615384616 0.04326923076923077 0.04326923076923077
0 0.2091346153846154 0.39302884615384615 0.04326923076923077 0.04326923076923077
0 0.34615384615384615 0.6430288461538461 0.04326923076923077 0.04326923076923077
0 0.44711538461538464 0.6586538461538461 0.04326923076923077 0.04326923076923077
0 0.546875 0.6117788461538461 0.04326923076923077 0.04326923076923077
0 0.6754807692307693 0.6213942307692307 0.04326923076923077 0.04326923076923077
0 0.7716346153846154 0.515625 0.04326923076923077 0.04326923076923077
0 0.828125 0.49759615384615385 0.04326923076923077 0.04326923076923077
0 0.8677884615384616 0.45552884615384615 0.04326923076923077 0.04326923076923077
0 0.8822115384615384 0.47475961538461536 0.04326923076923077 0.04326923076923077
0 0.6694711538461539 0.3401442307692308 0.04326923076923077 0.04326923076923077
0 0.6153846153846154 0.15264423076923078 0.04326923076923077 0.04326923076923077
0 0.6490384615384616 0.12139423076923077 0.04326923076923077 0.04326923076923077
0 0.5528846153846154 0.09615384615384616 0.04326923076923077 0.04326923076923077
0 0.5757211538461539 0.17548076923076922 0.04326923076923077 0.04326923076923077
0 0.6370192307692307 0.4026442307692308 0.04326923076923077 0.04326923076923077
0 0.6442307692307693 0.4651442307692308 0.04326923076923077 0.04326923076923077
0 0.6538461538461539 0.44350961538461536 0.04326923076923077 0.04326923076923077
0 0.609375 0.4098557692307692 0.04326923076923077 0.04326923076923077
0 0.6538461538461539 0.234375 0.04326923076923077 0.04326923076923077