0 0.9471153846153846 0.5625 0.10576923076923077 0.10576923076923077
0 0.8725961538461539 0.5216346153846154 0.10576923076923077 0.10576923076923077
0 0.9471153846153846 0.47475961538461536 0.10576923076923077 0.10576923076923077
0 0.7908653846153846 0.5180288461538461 0.10576923076923077 0.10576923076923077
0 0.7884615384615384 0.5625 0.10576923076923077 0.10576923076923077
0 0.7247596153846154 0.5757211538461539 0.10576923076923077 0.10576923076923077
0 0.7367788461538461 0.44711538461538464 0.10576923076923077 0.10576923076923077
0 0.7944711538461539 0.42427884615384615 0.10576923076923077 0.10576923076923077
0 0.8617788461538461 0.4098557692307692 0.10576923076923077 0.10576923076923077
0 0.6694711538461539 0.546875 0.10576923076923077 0.10576923076923077
0 0.6382211538461539 0.4879807692307692 0.10576923076923077 0.10576923076923077
0 0.578125 0.5240384615384616 0.10576923076923077 0.10576923076923077
0 0.453125 0.5120192307692307 0.10576923076923077 0.10576923076923077
0 0.41346153846153844 0.5276442307692307 0.10576923076923077 0.10576923076923077
0 0.3473557692307692 0.5060096153846154 0.10576923076923077 0.10576923076923077
0 0.6033653846153846 0.46274038461538464 0.10576923076923077 0.10576923076923077