0 0.3449519230769231 0.9387019230769231 0.04927884615384615 0.04927884615384615
0 0.37259615384615385 0.9663461538461539 0.04927884615384615 0.04927884615384615
0 0.34975961538461536 0.8774038461538461 0.04927884615384615 0.04927884615384615
0 0.3485576923076923 0.8497596153846154 0.04927884615384615 0.04927884615384615
0 0.34615384615384615 0.8052884615384616 0.04927884615384615 0.04927884615384615
0 0.5144230769230769 0.8786057692307693 0.04927884615384615 0.04927884615384615
0 0.3557692307692308 0.7235576923076923 0.04927884615384615 0.04927884615384615
0 0.33052884615384615 0.7091346153846154 0.04927884615384615 0.04927884615384615
0 0.25240384615384615 0.5144230769230769 0.04927884615384615 0.04927884615384615
0 0.2403846153846154 0.49278846153846156 0.04927884615384615 0.04927884615384615
0 0.23197115384615385 0.4495192307692308 0.04927884615384615 0.04927884615384615
0 0.2091346153846154 0.40384615384615385 0.04927884615384615 0.04927884615384615
0 0.20793269230769232 0.27163461538461536 0.04927884615384615 0.04927884615384615
0 0.2283653846153846 0.1622596153846154 0.04927884615384615 0.04927884615384615
0 0.1971153846153846 0.08653846153846154 0.04927884615384615 0.04927884615384615
0 0.265625 0.07211538461538461 0.04927884615384615 0.04927884615384615
0 0.20673076923076922 0.020432692307692308 0.04927884615384615 0.040865384615384616
0 0.6310096153846154 0.8197115384615384 0.04927884615384615 0.04927884615384615
0 0.6646634615384616 0.8112980769230769 0.04927884615384615 0.04927884615384615
0 0.5817307692307693 0.7740384615384616 0.04927884615384615 0.04927884615384615
0 0.6069711538461539 0.7632211538461539 0.04927884615384615 0.04927884615384615
0 0.6490384615384616 0.7560096153846154 0.04927884615384615 0.04927884615384615
0 0.6598557692307693 0.7247596153846154 0.04927884615384615 0.04927884615384615
0 0.6826923076923077 0.7211538461538461 0.04927884615384615 0.04927884615384615
0 0.7163461538461539 0.6947115384615384 0.04927884615384615 0.04927884615384615
0 0.703125 0.6658653846153846 0.04927884615384615 0.04927884615384615
0 0.7740384615384616 0.7512019230769231 0.04927884615384615 0.04927884615384615
0 0.8004807692307693 0.7475961538461539 0.04927884615384615 0.04927884615384615
0 0.8052884615384616 0.7211538461538461 0.04927884615384615 0.04927884615384615
0 0.8401442307692307 0.6790865384615384 0.04927884615384615 0.04927884615384615
0 0.9038461538461539 0.6742788461538461 0.04927884615384615 0.04927884615384615
0 0.890625 0.6274038461538461 0.04927884615384615 0.04927884615384615
0 0.9807692307692307 0.6117788461538461 0.038461538461538464 0.04927884615384615