0 0.22115384615384615 0.9158653846153846 0.04326923076923077 0.04326923076923077
0 0.27163461538461536 0.9627403846153846 0.04326923076923077 0.04326923076923077
0 0.12740384615384615 0.8305288461538461 0.04326923076923077 0.04326923076923077
0 0.11899038461538461 0.7872596153846154 0.04326923076923077 0.04326923076923077
0 0.1622596153846154 0.7788461538461539 0.04326923076923077 0.04326923076923077
0 0.32572115384615385 0.8930288461538461 0.04326923076923077 0.04326923076923077
0 0.40384615384615385 0.8725961538461539 0.04326923076923077 0.04326923076923077
0 0.44711538461538464 0.9002403846153846 0.04326923076923077 0.04326923076923077
0 0.37259615384615385 0.8028846153846154 0.04326923076923077 0.04326923076923077
0 0.29927884615384615 0.8341346153846154 0.04326923076923077 0.04326923076923077
0 0.29447115384615385 0.7632211538461539 0.04326923076923077 0.04326923076923077
0 0.28725961538461536 0.7163461538461539 0.04326923076923077 0.04326923076923077
0 0.27524038461538464 0.6899038461538461 0.04326923076923077 0.04326923076923077
0 0.35336538461538464 0.6658653846153846 0.04326923076923077 0.04326923076923077
0 0.31009615384615385 0.6310096153846154 0.04326923076923077 0.04326923076923077
0 0.25240384615384615 0.6466346153846154 0.04326923076923077 0.04326923076923077
0 0.25600961538461536 0.6153846153846154 0.04326923076923077 0.04326923076923077
0 0.2403846153846154 0.5961538461538461 0.04326923076923077 0.04326923076923077
0 0.31850961538461536 0.5805288461538461 0.04326923076923077 0.04326923076923077
0 0.2403846153846154 0.5600961538461539 0.04326923076923077 0.04326923076923077
0 0.25240384615384615 0.5132211538461539 0.04326923076923077 0.04326923076923077
0 0.27163461538461536 0.5408653846153846 0.04326923076923077 0.04326923076923077
0 0.28365384615384615 0.5132211538461539 0.04326923076923077 0.04326923076923077
0 0.26322115384615385 0.47115384615384615 0.04326923076923077 0.04326923076923077
0 0.2247596153846154 0.49759615384615385 0.04326923076923077 0.04326923076923077
0 0.18990384615384615 0.44711538461538464 0.04326923076923077 0.04326923076923077
0 0.18990384615384615 0.41947115384615385 0.04326923076923077 0.04326923076923077
0 0.1814903846153846 0.38100961538461536 0.04326923076923077 0.04326923076923077
0 0.2247596153846154 0.38461538461538464 0.04326923076923077 0.04326923076923077
0 0.2283653846153846 0.29447115384615385 0.04326923076923077 0.04326923076923077
0 0.1622596153846154 0.31490384615384615 0.04326923076923077 0.04326923076923077
0 0.18990384615384615 0.30649038461538464 0.04326923076923077 0.04326923076923077
0 0.18509615384615385 0.2403846153846154 0.04326923076923077 0.04326923076923077
0 0.13822115384615385 0.1935096153846154 0.04326923076923077 0.04326923076923077
0 0.1502403846153846 0.1502403846153846 0.04326923076923077 0.04326923076923077
0 0.1875 0.1935096153846154 0.04326923076923077 0.04326923076923077
0 0.09615384615384616 0.12259615384615384 0.04326923076923077 0.04326923076923077
0 0.09975961538461539 0.08413461538461539 0.04326923076923077 0.04326923076923077
0 0.1778846153846154 0.10697115384615384 0.04326923076923077 0.04326923076923077
0 0.17548076923076922 0.08653846153846154 0.04326923076923077 0.04326923076923077
0 0.13822115384615385 0.03365384615384615 0.04326923076923077 0.04326923076923077
0 0.20072115384615385 0.27884615384615385 0.04326923076923077 0.04326923076923077
0 0.5913461538461539 0.8497596153846154 0.04326923076923077 0.04326923076923077
0 0.6538461538461539 0.8725961538461539 0.04326923076923077 0.04326923076923077
0 0.6814903846153846 0.8774038461538461 0.04326923076923077 0.04326923076923077
0 0.7091346153846154 0.9278846153846154 0.04326923076923077 0.04326923076923077
0 0.7367788461538461 0.9002403846153846 0.04326923076923077 0.04326923076923077
0 0.7319711538461539 0.8221153846153846 0.04326923076923077 0.04326923076923077
0 0.7716346153846154 0.8028846153846154 0.04326923076923077 0.04326923076923077
0 0.7524038461538461 0.7596153846153846 0.04326923076923077 0.04326923076923077
0 0.6694711538461539 0.7007211538461539 0.04326923076923077 0.04326923076923077
0 0.6658653846153846 0.6346153846153846 0.04326923076923077 0.04326923076923077
0 0.6502403846153846 0.6153846153846154 0.04326923076923077 0.04326923076923077
0 0.5288461538461539 0.5997596153846154 0.04326923076923077 0.04326923076923077
0 0.5180288461538461 0.5805288461538461 0.04326923076923077 0.04326923076923077
0 0.5180288461538461 0.5132211538461539 0.04326923076923077 0.04326923076923077
0 0.49759615384615385 0.49399038461538464 0.04326923076923077 0.04326923076923077
0 0.47475961538461536 0.5180288461538461 0.04326923076923077 0.04326923076923077
0 0.45072115384615385 0.47115384615384615 0.04326923076923077 0.04326923076923077
0 0.40024038461538464 0.40384615384615385 0.04326923076923077 0.04326923076923077
0 0.7319711538461539 0.6310096153846154 0.04326923076923077 0.04326923076923077
0 0.7475961538461539 0.5997596153846154 0.04326923076923077 0.04326923076923077
0 0.7524038461538461 0.5564903846153846 0.04326923076923077 0.04326923076923077
0 0.7091346153846154 0.5288461538461539 0.04326923076923077 0.04326923076923077
0 0.7283653846153846 0.47475961538461536 0.04326923076923077 0.04326923076923077
0 0.7632211538461539 0.49038461538461536 0.04326923076923077 0.04326923076923077
0 0.7716346153846154 0.46274038461538464 0.04326923076923077 0.04326923076923077
0 0.7596153846153846 0.30288461538461536 0.04326923076923077 0.04326923076923077
0 0.7439903846153846 0.36177884615384615 0.04326923076923077 0.04326923076923077
0 0.7788461538461539 0.41947115384615385 0.04326923076923077 0.04326923076923077
0 0.7524038461538461 0.40024038461538464 0.04326923076923077 0.04326923076923077
0 0.7908653846153846 0.36899038461538464 0.04326923076923077 0.04326923076923077
0 0.8305288461538461 0.27524038461538464 0.04326923076923077 0.04326923076923077
0 0.8221153846153846 0.23197115384615385 0.04326923076923077 0.04326923076923077
0 0.7596153846153846 0.2283653846153846 0.04326923076923077 0.04326923076923077
0 0.8028846153846154 0.1971153846153846 0.04326923076923077 0.04326923076923077
0 0.7944711538461539 0.15865384615384615 0.04326923076923077 0.04326923076923077
0 0.8185096153846154 0.12740384615384615 0.04326923076923077 0.04326923076923077
0 0.8149038461538461 0.07211538461538461 0.04326923076923077 0.04326923076923077
0 0.8533653846153846 0.09134615384615384 0.04326923076923077 0.04326923076923077