0 0.32572115384615385 0.019230769230769232 0.04927884615384615 0.038461538461538464
0 0.35096153846153844 0.038461538461538464 0.04927884615384615 0.04927884615384615
0 0.38461538461538464 0.055288461538461536 0.04927884615384615 0.04927884615384615
0 0.3605769230769231 0.07572115384615384 0.04927884615384615 0.04927884615384615
0 0.32091346153846156 0.06129807692307692 0.04927884615384615 0.04927884615384615
0 0.4266826923076923 0.09975961538461539 0.04927884615384615 0.04927884615384615
0 0.35697115384615385 0.1466346153846154 0.04927884615384615 0.04927884615384615
0 0.35096153846153844 0.18269230769230768 0.04927884615384615 0.04927884615384615
0 0.3762019230769231 0.2091346153846154 0.04927884615384615 0.04927884615384615
0 0.4230769230769231 0.18028846153846154 0.04927884615384615 0.04927884615384615
0 0.35216346153846156 0.265625 0.04927884615384615 0.04927884615384615
0 0.3173076923076923 0.2439903846153846 0.04927884615384615 0.04927884615384615
0 0.4182692307692308 0.28365384615384615 0.04927884615384615 0.04927884615384615
0 0.3137019230769231 0.31009615384615385 0.04927884615384615 0.04927884615384615
0 0.36177884615384615 0.32091346153846156 0.04927884615384615 0.04927884615384615
0 0.3329326923076923 0.33774038461538464 0.04927884615384615 0.04927884615384615
0 0.41346153846153844 0.43509615384615385 0.04927884615384615 0.04927884615384615
0 0.3545673076923077 0.38822115384615385 0.04927884615384615 0.04927884615384615
0 0.41466346153846156 0.5673076923076923 0.04927884615384615 0.04927884615384615
0 0.45913461538461536 0.6081730769230769 0.04927884615384615 0.04927884615384615
0 0.5420673076923077 0.6814903846153846 0.04927884615384615 0.04927884615384615
0 0.546875 0.6141826923076923 0.04927884615384615 0.04927884615384615
0 0.5240384615384616 0.7091346153846154 0.04927884615384615 0.04927884615384615
0 0.5612980769230769 0.7307692307692307 0.04927884615384615 0.04927884615384615
0 0.5492788461538461 0.7992788461538461 0.04927884615384615 0.04927884615384615
0 0.6117788461538461 0.8353365384615384 0.04927884615384615 0.04927884615384615
0 0.6322115384615384 0.8125 0.04927884615384615 0.04927884615384615
0 0.6526442307692307 0.8677884615384616 0.04927884615384615 0.04927884615384615
0 0.7283653846153846 0.9387019230769231 0.04927884615384615 0.04927884615384615
0 0.7475961538461539 0.9663461538461539 0.04927884615384615 0.04927884615384615
0 0.6646634615384616 0.9002403846153846 0.04927884615384615 0.04927884615384615
0 0.39302884615384615 0.46634615384615385 0.04927884615384615 0.04927884615384615