0 0.019230769230769232 0.6514423076923077 0.038461538461538464 0.052884615384615384
0 0.021634615384615384 0.5961538461538461 0.04326923076923077 0.052884615384615384
0 0.08413461538461539 0.6262019230769231 0.052884615384615384 0.052884615384615384
0 0.06850961538461539 0.5336538461538461 0.052884615384615384 0.052884615384615384
0 0.13221153846153846 0.5264423076923077 0.052884615384615384 0.052884615384615384
0 0.15865384615384615 0.5048076923076923 0.052884615384615384 0.052884615384615384
0 0.15865384615384615 0.5757211538461539 0.052884615384615384 0.052884615384615384
0 0.16706730769230768 0.5480769230769231 0.052884615384615384 0.052884615384615384
0 0.20552884615384615 0.5336538461538461 0.052884615384615384 0.052884615384615384
0 0.2860576923076923 0.49038461538461536 0.052884615384615384 0.052884615384615384
0 0.21995192307692307 0.44711538461538464 0.052884615384615384 0.052884615384615384
0 0.17548076923076922 0.41225961538461536 0.052884615384615384 0.052884615384615384
0 0.2283653846153846 0.36899038461538464 0.052884615384615384 0.052884615384615384
0 0.3269230769230769 0.4206730769230769 0.052884615384615384 0.052884615384615384
0 0.3605769230769231 0.40865384615384615 0.052884615384615384 0.052884615384615384
0 0.40865384615384615 0.3870192307692308 0.052884615384615384 0.052884615384615384
0 0.39302884615384615 0.34975961538461536 0.052884615384615384 0.052884615384615384
0 0.33052884615384615 0.3641826923076923 0.052884615384615384 0.052884615384615384
0 0.3112980769230769 0.33653846153846156 0.052884615384615384 0.052884615384615384
0 0.2860576923076923 0.37740384615384615 0.052884615384615384 0.052884615384615384
0 0.3713942307692308 0.3161057692307692 0.052884615384615384 0.052884615384615384
0 0.41466346153846156 0.25721153846153844 0.052884615384615384 0.052884615384615384
0 0.47836538461538464 0.2800480769230769 0.052884615384615384 0.052884615384615384
0 0.5444711538461539 0.30408653846153844 0.052884615384615384 0.052884615384615384
0 0.5817307692307693 0.32211538461538464 0.052884615384615384 0.052884615384615384
0 0.6177884615384616 0.33052884615384615 0.052884615384615384 0.052884615384615384
0 0.6598557692307693 0.3245192307692308 0.052884615384615384 0.052884615384615384
0 0.5769230769230769 0.35096153846153844 0.052884615384615384 0.052884615384615384
0 0.59375 0.39903846153846156 0.052884615384615384 0.052884615384615384
0 0.6177884615384616 0.4050480769230769 0.052884615384615384 0.052884615384615384
0 0.6430288461538461 0.4375 0.052884615384615384 0.052884615384615384
0 0.7139423076923077 0.43149038461538464 0.052884615384615384 0.052884615384615384
0 0.6694711538461539 0.47115384615384615 0.052884615384615384 0.052884615384615384
0 0.6670673076923077 0.5240384615384616 0.052884615384615384 0.052884615384615384
0 0.7127403846153846 0.53125 0.052884615384615384 0.052884615384615384
0 0.7548076923076923 0.46153846153846156 0.052884615384615384 0.052884615384615384
0 0.7704326923076923 0.5877403846153846 0.052884615384615384 0.052884615384615384
0 0.7944711538461539 0.6225961538461539 0.052884615384615384 0.052884615384615384
0 0.8401442307692307 0.5805288461538461 0.052884615384615384 0.052884615384615384
0 0.8677884615384616 0.5552884615384616 0.052884615384615384 0.052884615384615384
0 0.8725961538461539 0.5973557692307693 0.052884615384615384 0.052884615384615384
0 0.7848557692307693 0.6574519230769231 0.052884615384615384 0.052884615384615384
0 0.9519230769230769 0.6286057692307693 0.052884615384615384 0.052884615384615384
0 0.8221153846153846 0.6682692307692307 0.052884615384615384 0.052884615384615384
0 0.828125 0.7163461538461539 0.052884615384615384 0.052884615384615384
0 0.9146634615384616 0.6814903846153846 0.052884615384615384 0.052884615384615384
0 0.9194711538461539 0.7223557692307693 0.052884615384615384 0.052884615384615384
0 0.8125 0.7884615384615384 0.052884615384615384 0.052884615384615384
0 0.8064903846153846 0.828125 0.052884615384615384 0.052884615384615384
0 0.8713942307692307 0.8762019230769231 0.052884615384615384 0.052884615384615384
0 0.9074519230769231 0.8605769230769231 0.052884615384615384 0.052884615384615384
0 0.8774038461538461 0.8149038461538461 0.052884615384615384 0.052884615384615384
0 0.8822115384615384 0.7632211538461539 0.052884615384615384 0.052884615384615384
0 0.9567307692307693 0.7055288461538461 0.052884615384615384 0.052884615384615384
0 0.8137019230769231 0.5504807692307693 0.052884615384615384 0.052884615384615384
0 0.2247596153846154 0.4879807692307692 0.052884615384615384 0.052884615384615384
0 0.23677884615384615 0.40625 0.052884615384615384 0.052884615384615384