0 0.06610576923076923 0.17548076923076922 0.052884615384615384 0.052884615384615384
0 0.22716346153846154 0.18389423076923078 0.052884615384615384 0.052884615384615384
0 0.26322115384615385 0.021634615384615384 0.052884615384615384 0.04326923076923077
0 0.27884615384615385 0.08173076923076923 0.052884615384615384 0.052884615384615384
0 0.32211538461538464 0.08533653846153846 0.052884615384615384 0.052884615384615384
0 0.22115384615384615 0.34134615384615385 0.052884615384615384 0.052884615384615384
0 0.2644230769230769 0.30649038461538464 0.052884615384615384 0.052884615384615384
0 0.3269230769230769 0.35096153846153844 0.052884615384615384 0.052884615384615384
0 0.31490384615384615 0.44591346153846156 0.052884615384615384 0.052884615384615384
0 0.33413461538461536 0.4110576923076923 0.052884615384615384 0.052884615384615384
0 0.38822115384615385 0.43990384615384615 0.052884615384615384 0.052884615384615384
0 0.41586538461538464 0.47115384615384615 0.052884615384615384 0.052884615384615384
0 0.33653846153846156 0.6213942307692307 0.052884615384615384 0.052884615384615384
0 0.3641826923076923 0.5757211538461539 0.052884615384615384 0.052884615384615384
0 0.45913461538461536 0.6742788461538461 0.052884615384615384 0.052884615384615384
0 0.6694711538461539 0.8149038461538461 0.052884615384615384 0.052884615384615384
0 0.6899038461538461 0.7788461538461539 0.052884615384615384 0.052884615384615384
0 0.6418269230769231 0.9663461538461539 0.052884615384615384 0.052884615384615384
0 0.7223557692307693 0.9627403846153846 0.052884615384615384 0.052884615384615384