0 0.7007211538461539 0.9038461538461539 0.04326923076923077 0.04326923076923077
0 0.47115384615384615 0.8461538461538461 0.04326923076923077 0.04326923076923077
0 0.42427884615384615 0.7632211538461539 0.04326923076923077 0.04326923076923077
0 0.40024038461538464 0.7788461538461539 0.04326923076923077 0.04326923076923077
0 0.38822115384615385 0.7091346153846154 0.04326923076923077 0.04326923076923077
0 0.28725961538461536 0.5492788461538461 0.04326923076923077 0.04326923076923077
0 0.28365384615384615 0.5060096153846154 0.04326923076923077 0.04326923076923077
0 0.25600961538461536 0.5060096153846154 0.04326923076923077 0.04326923076923077
0 0.23677884615384615 0.47115384615384615 0.04326923076923077 0.04326923076923077
0 0.25961538461538464 0.45552884615384615 0.04326923076923077 0.04326923076923077
0 0.27524038461538464 0.43990384615384615 0.04326923076923077 0.04326923076923077
0 0.29086538461538464 0.41225961538461536 0.04326923076923077 0.04326923076923077
0 0.26322115384615385 0.40024038461538464 0.04326923076923077 0.04326923076923077
0 0.22115384615384615 0.39663461538461536 0.04326923076923077 0.04326923076923077
0 0.28365384615384615 0.34134615384615385 0.04326923076923077 0.04326923076923077
0 0.27163461538461536 0.31850961538461536 0.04326923076923077 0.04326923076923077
0 0.20072115384615385 0.35336538461538464 0.04326923076923077 0.04326923076923077
0 0.18509615384615385 0.32572115384615385 0.04326923076923077 0.04326923076923077
0 0.23677884615384615 0.25600961538461536 0.04326923076923077 0.04326923076923077
0 0.23677884615384615 0.23197115384615385 0.04326923076923077 0.04326923076923077
0 0.2127403846153846 0.1935096153846154 0.04326923076923077 0.04326923076923077
0 0.18990384615384615 0.1502403846153846 0.04326923076923077 0.04326923076923077
0 0.23197115384615385 0.17427884615384615 0.04326923076923077 0.04326923076923077
0 0.25600961538461536 0.12259615384615384 0.04326923076923077 0.04326923076923077
0 0.30288461538461536 0.1502403846153846 0.04326923076923077 0.04326923076923077
0 0.2932692307692308 0.1778846153846154 0.04326923076923077 0.04326923076923077
0 0.32211538461538464 0.26802884615384615 0.04326923076923077 0.04326923076923077
0 0.33413461538461536 0.2283653846153846 0.04326923076923077 0.04326923076923077
0 0.38461538461538464 0.29086538461538464 0.04326923076923077 0.04326923076923077
0 0.41225961538461536 0.26322115384615385 0.04326923076923077 0.04326923076923077
0 0.43149038461538464 0.22115384615384615 0.04326923076923077 0.04326923076923077
0 0.48677884615384615 0.25600961538461536 0.04326923076923077 0.04326923076923077
0 0.42427884615384615 0.29927884615384615 0.04326923076923077 0.04326923076923077
0 0.43990384615384615 0.31850961538461536 0.04326923076923077 0.04326923076923077
0 0.44350961538461536 0.34975961538461536 0.04326923076923077 0.04326923076923077
0 0.4723557692307692 0.29086538461538464 0.04326923076923077 0.04326923076923077
0 0.5288461538461539 0.30649038461538464 0.04326923076923077 0.04326923076923077
0 0.5600961538461539 0.34134615384615385 0.04326923076923077 0.04326923076923077
0 0.5180288461538461 0.34975961538461536 0.04326923076923077 0.04326923076923077
0 0.6117788461538461 0.41225961538461536 0.04326923076923077 0.04326923076923077
0 0.6538461538461539 0.41947115384615385 0.04326923076923077 0.04326923076923077
0 0.2403846153846154 0.8810096153846154 0.04326923076923077 0.04326923076923077
0 0.2247596153846154 0.8221153846153846 0.04326923076923077 0.04326923076923077
0 0.1658653846153846 0.8257211538461539 0.04326923076923077 0.04326923076923077
0 0.24759615384615385 0.7403846153846154 0.04326923076923077 0.04326923076923077
0 0.234375 0.7007211538461539 0.04326923076923077 0.04326923076923077
0 0.15384615384615385 0.7163461538461539 0.04326923076923077 0.04326923076923077
0 0.12740384615384615 0.6899038461538461 0.04326923076923077 0.04326923076923077
0 0.13822115384615385 0.6622596153846154 0.04326923076923077 0.04326923076923077
0 0.18990384615384615 0.6586538461538461 0.04326923076923077 0.04326923076923077
0 0.2127403846153846 0.6502403846153846 0.04326923076923077 0.04326923076923077
0 0.13822115384615385 0.6033653846153846 0.04326923076923077 0.04326923076923077
0 0.1346153846153846 0.5564903846153846 0.04326923076923077 0.04326923076923077
0 0.18990384615384615 0.5336538461538461 0.04326923076923077 0.04326923076923077