0 0.43149038461538464 0.8677884615384616 0.10576923076923077 0.10576923076923077
0 0.5060096153846154 0.9038461538461539 0.10576923076923077 0.10576923076923077
0 0.5372596153846154 0.8930288461538461 0.10576923076923077 0.10576923076923077
0 0.5336538461538461 0.7740384615384616 0.10576923076923077 0.10576923076923077
0 0.75 0.5913461538461539 0.10576923076923077 0.10576923076923077
0 0.7247596153846154 0.40384615384615385 0.10576923076923077 0.10576923076923077
0 0.5817307692307693 0.2932692307692308 0.10576923076923077 0.10576923076923077
0 0.59375 0.421875 0.10576923076923077 0.10576923076923077
0 0.5504807692307693 0.28725961538461536 0.10576923076923077 0.10576923076923077
0 0.5192307692307693 0.2620192307692308 0.10576923076923077 0.10576923076923077
0 0.46153846153846156 0.2127403846153846 0.10576923076923077 0.10576923076923077
0 0.4411057692307692 0.16947115384615385 0.10576923076923077 0.10576923076923077
0 0.4098557692307692 0.15384615384615385 0.10576923076923077 0.10576923076923077
0 0.22115384615384615 0.04447115384615385 0.10576923076923077 0.0889423076923077