0 0.2283653846153846 0.17548076923076922 0.04326923076923077 0.04326923076923077
0 0.1778846153846154 0.27884615384615385 0.04326923076923077 0.04326923076923077
0 0.1658653846153846 0.15985576923076922 0.04326923076923077 0.04326923076923077
0 0.3713942307692308 0.23197115384615385 0.04326923076923077 0.04326923076923077
0 0.4026442307692308 0.29927884615384615 0.04326923076923077 0.04326923076923077
0 0.43509615384615385 0.31009615384615385 0.04326923076923077 0.04326923076923077
0 0.484375 0.29086538461538464 0.04326923076923077 0.04326923076923077
0 0.44350961538461536 0.36899038461538464 0.04326923076923077 0.04326923076923077
0 0.40384615384615385 0.43149038461538464 0.04326923076923077 0.04326923076923077
0 0.29086538461538464 0.2283653846153846 0.04326923076923077 0.04326923076923077
0 0.41346153846153844 0.32572115384615385 0.04326923076923077 0.04326923076923077
0 0.40024038461538464 0.47475961538461536 0.04326923076923077 0.04326923076923077
0 0.06971153846153846 0.22596153846153846 0.04326923076923077 0.04326923076923077
0 0.65625 0.4807692307692308 0.04326923076923077 0.04326923076923077
0 0.6274038461538461 0.47836538461538464 0.04326923076923077 0.04326923076923077
0 0.5096153846153846 0.5600961538461539 0.04326923076923077 0.04326923076923077
0 0.3088942307692308 0.5588942307692307 0.04326923076923077 0.04326923076923077
0 0.6850961538461539 0.9122596153846154 0.04326923076923077 0.04326923076923077
0 0.6971153846153846 0.8870192307692307 0.04326923076923077 0.04326923076923077
0 0.5913461538461539 0.8317307692307693 0.04326923076923077 0.04326923076923077
0 0.4723557692307692 0.7307692307692307 0.04326923076923077 0.04326923076923077