0 0.06370192307692307 0.3245192307692308 0.04927884615384615 0.04927884615384615
0 0.06971153846153846 0.3870192307692308 0.04927884615384615 0.04927884615384615
0 0.11778846153846154 0.36177884615384615 0.04927884615384615 0.04927884615384615
0 0.11778846153846154 0.40865384615384615 0.04927884615384615 0.04927884615384615
0 0.17668269230769232 0.4519230769230769 0.04927884615384615 0.04927884615384615
0 0.15745192307692307 0.4098557692307692 0.04927884615384615 0.04927884615384615
0 0.23918269230769232 0.4567307692307692 0.04927884615384615 0.04927884615384615
0 0.23918269230769232 0.4951923076923077 0.04927884615384615 0.04927884615384615
0 0.28365384615384615 0.45913461538461536 0.04927884615384615 0.04927884615384615
0 0.30528846153846156 0.46274038461538464 0.04927884615384615 0.04927884615384615
0 0.29927884615384615 0.4375 0.04927884615384615 0.04927884615384615
0 0.33052884615384615 0.4891826923076923 0.04927884615384615 0.04927884615384615
0 0.36177884615384615 0.44471153846153844 0.04927884615384615 0.04927884615384615
0 0.41225961538461536 0.46153846153846156 0.04927884615384615 0.04927884615384615
0 0.28846153846153844 0.41586538461538464 0.04927884615384615 0.04927884615384615
0 0.4182692307692308 0.5240384615384616 0.04927884615384615 0.04927884615384615
0 0.42427884615384615 0.5576923076923077 0.04927884615384615 0.04927884615384615
0 0.5168269230769231 0.6694711538461539 0.04927884615384615 0.04927884615384615
0 0.5492788461538461 0.6911057692307693 0.04927884615384615 0.04927884615384615
0 0.6009615384615384 0.703125 0.04927884615384615 0.04927884615384615
0 0.7391826923076923 0.7319711538461539 0.04927884615384615 0.04927884615384615
0 0.7764423076923077 0.7115384615384616 0.04927884615384615 0.04927884615384615
0 0.8125 0.71875 0.04927884615384615 0.04927884615384615
0 0.8509615384615384 0.7115384615384616 0.04927884615384615 0.04927884615384615
0 0.921875 0.6947115384615384 0.04927884615384615 0.04927884615384615
0 0.9050480769230769 0.7163461538461539 0.04927884615384615 0.04927884615384615
0 0.9302884615384616 0.7151442307692307 0.04927884615384615 0.04927884615384615
0 0.8677884615384616 0.7692307692307693 0.04927884615384615 0.04927884615384615
0 0.8822115384615384 0.7572115384615384 0.04927884615384615 0.04927884615384615
0 0.8942307692307693 0.78125 0.04927884615384615 0.04927884615384615
0 0.8257211538461539 0.7487980769230769 0.04927884615384615 0.04927884615384615
0 0.6730769230769231 0.71875 0.04927884615384615 0.04927884615384615
0 0.45913461538461536 0.5492788461538461 0.04927884615384615 0.04927884615384615
0 0.49278846153846156 0.59375 0.04927884615384615 0.04927884615384615
0 0.5120192307692307 0.6189903846153846 0.04927884615384615 0.04927884615384615
0 0.5360576923076923 0.6382211538461539 0.04927884615384615 0.04927884615384615
0 0.5757211538461539 0.6754807692307693 0.04927884615384615 0.04927884615384615