0 0.234375 0.5384615384615384 0.10576923076923077 0.10576923076923077
0 0.27163461538461536 0.46274038461538464 0.10576923076923077 0.10576923076923077
0 0.3088942307692308 0.4254807692307692 0.10576923076923077 0.10576923076923077
0 0.265625 0.38461538461538464 0.10576923076923077 0.10576923076923077
0 0.3557692307692308 0.46634615384615385 0.10576923076923077 0.10576923076923077
0 0.3870192307692308 0.47836538461538464 0.10576923076923077 0.10576923076923077
0 0.45072115384615385 0.45552884615384615 0.10576923076923077 0.10576923076923077
0 0.38461538461538464 0.5444711538461539 0.10576923076923077 0.10576923076923077
0 0.1935096153846154 0.5252403846153846 0.10576923076923077 0.10576923076923077
0 0.5132211538461539 0.5276442307692307 0.10576923076923077 0.10576923076923077
0 0.5384615384615384 0.47596153846153844 0.10576923076923077 0.10576923076923077
0 0.5757211538461539 0.46634615384615385 0.10576923076923077 0.10576923076923077
0 0.6995192307692307 0.6286057692307693 0.10576923076923077 0.10576923076923077
0 0.625 0.6814903846153846 0.10576923076923077 0.10576923076923077
0 0.6286057692307693 0.7127403846153846 0.10576923076923077 0.10576923076923077
0 0.5588942307692307 0.7439903846153846 0.10576923076923077 0.10576923076923077
0 0.5180288461538461 0.7680288461538461 0.10576923076923077 0.10576923076923077
0 0.4963942307692308 0.7379807692307693 0.10576923076923077 0.10576923076923077