0 0.8653846153846154 0.5685096153846154 0.04927884615384615 0.04927884615384615
0 0.8028846153846154 0.5805288461538461 0.04927884615384615 0.04927884615384615
0 0.7680288461538461 0.5600961538461539 0.04927884615384615 0.04927884615384615
0 0.7355769230769231 0.5060096153846154 0.04927884615384615 0.04927884615384615
0 0.7019230769230769 0.4807692307692308 0.04927884615384615 0.04927884615384615
0 0.6382211538461539 0.5012019230769231 0.04927884615384615 0.04927884615384615
0 0.6754807692307693 0.44471153846153844 0.04927884615384615 0.04927884615384615
0 0.6514423076923077 0.41346153846153844 0.04927884615384615 0.04927884615384615
0 0.7367788461538461 0.43028846153846156 0.04927884615384615 0.04927884615384615
0 0.6069711538461539 0.36177884615384615 0.04927884615384615 0.04927884615384615
0 0.5264423076923077 0.3629807692307692 0.04927884615384615 0.04927884615384615
0 0.7560096153846154 0.5901442307692307 0.04927884615384615 0.04927884615384615
0 0.7872596153846154 0.5132211538461539 0.04927884615384615 0.04927884615384615
0 0.7944711538461539 0.7884615384615384 0.04927884615384615 0.04927884615384615
0 0.8004807692307693 0.7427884615384616 0.04927884615384615 0.04927884615384615
0 0.8509615384615384 0.7451923076923077 0.04927884615384615 0.04927884615384615
0 0.8016826923076923 0.6466346153846154 0.04927884615384615 0.04927884615384615
0 0.7752403846153846 0.6778846153846154 0.04927884615384615 0.04927884615384615
0 0.8040865384615384 0.6754807692307693 0.04927884615384615 0.04927884615384615
0 0.8990384615384616 0.7283653846153846 0.04927884615384615 0.04927884615384615
0 0.7259615384615384 0.6971153846153846 0.04927884615384615 0.04927884615384615
0 0.7403846153846154 0.7524038461538461 0.04927884615384615 0.04927884615384615
0 0.6971153846153846 0.7596153846153846 0.04927884615384615 0.04927884615384615
0 0.6766826923076923 0.7680288461538461 0.04927884615384615 0.04927884615384615
0 0.6322115384615384 0.7740384615384616 0.04927884615384615 0.04927884615384615
0 0.6286057692307693 0.7992788461538461 0.04927884615384615 0.04927884615384615
0 0.5360576923076923 0.7379807692307693 0.04927884615384615 0.04927884615384615
0 0.6177884615384616 0.703125 0.04927884615384615 0.04927884615384615
0 0.4951923076923077 0.7980769230769231 0.04927884615384615 0.04927884615384615
0 0.45072115384615385 0.7788461538461539 0.04927884615384615 0.04927884615384615
0 0.3918269230769231 0.6694711538461539 0.04927884615384615 0.04927884615384615
0 0.39903846153846156 0.7007211538461539 0.04927884615384615 0.04927884615384615
0 0.36778846153846156 0.6971153846153846 0.04927884615384615 0.04927884615384615
0 0.3954326923076923 0.7956730769230769 0.04927884615384615 0.04927884615384615
0 0.38461538461538464 0.7560096153846154 0.04927884615384615 0.04927884615384615
0 0.44350961538461536 0.7043269230769231 0.04927884615384615 0.04927884615384615
0 0.2668269230769231 0.6850961538461539 0.04927884615384615 0.04927884615384615
0 0.28846153846153844 0.6670673076923077 0.04927884615384615 0.04927884615384615
0 0.27524038461538464 0.7475961538461539 0.04927884615384615 0.04927884615384615
0 0.16466346153846154 0.7788461538461539 0.04927884615384615 0.04927884615384615
0 0.14903846153846154 0.7536057692307693 0.04927884615384615 0.04927884615384615
0 0.056490384615384616 0.7043269230769231 0.04927884615384615 0.04927884615384615
0 0.09014423076923077 0.7007211538461539 0.04927884615384615 0.04927884615384615
0 0.04567307692307692 0.6346153846153846 0.04927884615384615 0.04927884615384615