0 0.765625 0.796875 0.052884615384615384 0.052884615384615384
0 0.7524038461538461 0.7632211538461539 0.052884615384615384 0.052884615384615384
0 0.7728365384615384 0.6358173076923077 0.052884615384615384 0.052884615384615384
0 0.7355769230769231 0.5805288461538461 0.052884615384615384 0.052884615384615384
0 0.7716346153846154 0.5168269230769231 0.052884615384615384 0.052884615384615384
0 0.6754807692307693 0.6454326923076923 0.052884615384615384 0.052884615384615384
0 0.6658653846153846 0.5384615384615384 0.052884615384615384 0.052884615384615384
0 0.6995192307692307 0.3629807692307692 0.052884615384615384 0.052884615384615384
0 0.6430288461538461 0.4338942307692308 0.052884615384615384 0.052884615384615384
0 0.6225961538461539 0.359375 0.052884615384615384 0.052884615384615384
0 0.6189903846153846 0.3016826923076923 0.052884615384615384 0.052884615384615384
0 0.6237980769230769 0.24759615384615385 0.052884615384615384 0.052884615384615384
0 0.5997596153846154 0.1346153846153846 0.052884615384615384 0.052884615384615384
0 0.6514423076923077 0.32211538461538464 0.052884615384615384 0.052884615384615384
0 0.6153846153846154 0.6117788461538461 0.052884615384615384 0.052884615384615384
0 0.5757211538461539 0.6394230769230769 0.052884615384615384 0.052884615384615384
0 0.5120192307692307 0.5637019230769231 0.052884615384615384 0.052884615384615384
0 0.46153846153846156 0.5552884615384616 0.052884615384615384 0.052884615384615384
0 0.47836538461538464 0.4375 0.052884615384615384 0.052884615384615384
0 0.37259615384615385 0.39302884615384615 0.052884615384615384 0.052884615384615384
0 0.39783653846153844 0.5168269230769231 0.052884615384615384 0.052884615384615384
0 0.5540865384615384 0.5913461538461539 0.052884615384615384 0.052884615384615384
0 0.515625 0.6009615384615384 0.052884615384615384 0.052884615384615384
0 0.7307692307692307 0.9699519230769231 0.052884615384615384 0.052884615384615384
0 0.6911057692307693 0.953125 0.052884615384615384 0.052884615384615384
0 0.6694711538461539 0.9783653846153846 0.052884615384615384 0.04326923076923077
0 0.5817307692307693 0.90625 0.052884615384615384 0.052884615384615384
0 0.5204326923076923 0.8185096153846154 0.052884615384615384 0.052884615384615384
0 0.47596153846153844 0.7800480769230769 0.052884615384615384 0.052884615384615384
0 0.41586538461538464 0.7680288461538461 0.052884615384615384 0.052884615384615384
0 0.3786057692307692 0.7115384615384616 0.052884615384615384 0.052884615384615384
0 0.35216346153846156 0.6117788461538461 0.052884615384615384 0.052884615384615384
0 0.41586538461538464 0.6129807692307693 0.052884615384615384 0.052884615384615384
0 0.38822115384615385 0.5625 0.052884615384615384 0.052884615384615384
0 0.2932692307692308 0.5024038461538461 0.052884615384615384 0.052884615384615384
0 0.30408653846153844 0.29927884615384615 0.052884615384615384 0.052884615384615384
0 0.3125 0.2536057692307692 0.052884615384615384 0.052884615384615384
0 0.2283653846153846 0.2692307692307692 0.052884615384615384 0.052884615384615384
0 0.20793269230769232 0.18509615384615385 0.052884615384615384 0.052884615384615384
0 0.23677884615384615 0.1466346153846154 0.052884615384615384 0.052884615384615384
0 0.24759615384615385 0.10216346153846154 0.052884615384615384 0.052884615384615384
0 0.27163461538461536 0.43028846153846156 0.052884615384615384 0.052884615384615384
0 0.35697115384615385 0.7824519230769231 0.052884615384615384 0.052884615384615384
0 0.3016826923076923 0.8485576923076923 0.052884615384615384 0.052884615384615384
0 0.2548076923076923 0.8413461538461539 0.052884615384615384 0.052884615384615384
0 0.22115384615384615 0.84375 0.052884615384615384 0.052884615384615384
0 0.16947115384615385 0.8581730769230769 0.052884615384615384 0.052884615384615384
0 0.16105769230769232 0.8293269230769231 0.052884615384615384 0.052884615384615384
0 0.028846153846153848 0.8449519230769231 0.052884615384615384 0.052884615384615384