0 0.4495192307692308 0.6947115384615384 0.10576923076923077 0.10576923076923077
0 0.46634615384615385 0.7247596153846154 0.10576923076923077 0.10576923076923077
0 0.5072115384615384 0.7067307692307693 0.10576923076923077 0.10576923076923077
0 0.5 0.6177884615384616 0.10576923076923077 0.10576923076923077
0 0.6213942307692307 0.5384615384615384 0.10576923076923077 0.10576923076923077
0 0.6213942307692307 0.5805288461538461 0.10576923076923077 0.10576923076923077
0 0.5492788461538461 0.5288461538461539 0.10576923076923077 0.10576923076923077
0 0.5697115384615384 0.4723557692307692 0.10576923076923077 0.10576923076923077
0 0.5 0.46153846153846156 0.10576923076923077 0.10576923076923077
0 0.5805288461538461 0.3713942307692308 0.10576923076923077 0.10576923076923077
0 0.65625 0.390625 0.10576923076923077 0.10576923076923077
0 0.5661057692307693 0.31009615384615385 0.10576923076923077 0.10576923076923077
0 0.578125 0.25961538461538464 0.10576923076923077 0.10576923076923077
0 0.6622596153846154 0.2848557692307692 0.10576923076923077 0.10576923076923077
0 0.6129807692307693 0.22596153846153846 0.10576923076923077 0.10576923076923077
0 0.6382211538461539 0.16826923076923078 0.10576923076923077 0.10576923076923077
0 0.6802884615384616 0.19951923076923078 0.10576923076923077 0.10576923076923077
0 0.5685096153846154 0.5901442307692307 0.10576923076923077 0.10576923076923077