0 0.04567307692307692 0.42908653846153844 0.04326923076923077 0.04326923076923077
0 0.14182692307692307 0.4074519230769231 0.04326923076923077 0.04326923076923077
0 0.13701923076923078 0.33052884615384615 0.04326923076923077 0.04326923076923077
0 0.19471153846153846 0.3245192307692308 0.04326923076923077 0.04326923076923077
0 0.28125 0.40865384615384615 0.04326923076923077 0.04326923076923077
0 0.33413461538461536 0.39663461538461536 0.04326923076923077 0.04326923076923077
0 0.37740384615384615 0.43990384615384615 0.04326923076923077 0.04326923076923077
0 0.3713942307692308 0.3473557692307692 0.04326923076923077 0.04326923076923077
0 0.35096153846153844 0.3125 0.04326923076923077 0.04326923076923077
0 0.45552884615384615 0.359375 0.04326923076923077 0.04326923076923077
0 0.5276442307692307 0.4423076923076923 0.04326923076923077 0.04326923076923077
0 0.5384615384615384 0.3701923076923077 0.04326923076923077 0.04326923076923077
0 0.5721153846153846 0.35336538461538464 0.04326923076923077 0.04326923076923077
0 0.6346153846153846 0.35697115384615385 0.04326923076923077 0.04326923076923077
0 0.6694711538461539 0.375 0.04326923076923077 0.04326923076923077
0 0.7055288461538461 0.4026442307692308 0.04326923076923077 0.04326923076923077
0 0.6670673076923077 0.484375 0.04326923076923077 0.04326923076923077
0 0.7427884615384616 0.42908653846153844 0.04326923076923077 0.04326923076923077
0 0.703125 0.5048076923076923 0.04326923076923077 0.04326923076923077
0 0.7572115384615384 0.4831730769230769 0.04326923076923077 0.04326923076923077
0 0.7920673076923077 0.5132211538461539 0.04326923076923077 0.04326923076923077
0 0.8305288461538461 0.5600961538461539 0.04326923076923077 0.04326923076923077
0 0.7692307692307693 0.5997596153846154 0.04326923076923077 0.04326923076923077
0 0.8834134615384616 0.6262019230769231 0.04326923076923077 0.04326923076923077
0 0.7992788461538461 0.6418269230769231 0.04326923076923077 0.04326923076923077
0 0.8617788461538461 0.7019230769230769 0.04326923076923077 0.04326923076923077
0 0.8305288461538461 0.7487980769230769 0.04326923076923077 0.04326923076923077
0 0.8413461538461539 0.7824519230769231 0.04326923076923077 0.04326923076923077
0 0.9302884615384616 0.8004807692307693 0.04326923076923077 0.04326923076923077