0 0.8834134615384616 0.32211538461538464 0.04326923076923077 0.04326923076923077
0 0.7463942307692307 0.36177884615384615 0.04326923076923077 0.04326923076923077
0 0.7331730769230769 0.3762019230769231 0.04326923076923077 0.04326923076923077
0 0.7055288461538461 0.36538461538461536 0.04326923076923077 0.04326923076923077
0 0.6466346153846154 0.3137019230769231 0.04326923076923077 0.04326923076923077
0 0.48677884615384615 0.3870192307692308 0.04326923076923077 0.04326923076923077
0 0.4483173076923077 0.38221153846153844 0.04326923076923077 0.04326923076923077
0 0.38221153846153844 0.3858173076923077 0.04326923076923077 0.04326923076923077
0 0.25961538461538464 0.3605769230769231 0.04326923076923077 0.04326923076923077
0 0.22115384615384615 0.4014423076923077 0.04326923076923077 0.04326923076923077
0 0.2548076923076923 0.47115384615384615 0.04326923076923077 0.04326923076923077
0 0.18870192307692307 0.546875 0.04326923076923077 0.04326923076923077
0 0.15625 0.49399038461538464 0.04326923076923077 0.04326923076923077
0 0.10096153846153846 0.5180288461538461 0.04326923076923077 0.04326923076923077
0 0.13221153846153846 0.47836538461538464 0.04326923076923077 0.04326923076923077
0 0.11658653846153846 0.5637019230769231 0.04326923076923077 0.04326923076923077
0 0.3245192307692308 0.39783653846153844 0.04326923076923077 0.04326923076923077
0 0.7427884615384616 0.2668269230769231 0.04326923076923077 0.04326923076923077
0 0.7572115384615384 0.1935096153846154 0.04326923076923077 0.04326923076923077
0 0.7163461538461539 0.1935096153846154 0.04326923076923077 0.04326923076923077
0 0.6899038461538461 0.12620192307692307 0.04326923076923077 0.04326923076923077
0 0.6730769230769231 0.09615384615384616 0.04326923076923077 0.04326923076923077
0 0.765625 0.11778846153846154 0.04326923076923077 0.04326923076923077
0 0.7259615384615384 0.28846153846153844 0.04326923076923077 0.04326923076923077
0 0.8617788461538461 0.45552884615384615 0.04326923076923077 0.04326923076923077
0 0.8257211538461539 0.46634615384615385 0.04326923076923077 0.04326923076923077
0 0.7235576923076923 0.45072115384615385 0.04326923076923077 0.04326923076923077
0 0.7355769230769231 0.48677884615384615 0.04326923076923077 0.04326923076923077
0 0.6959134615384616 0.5252403846153846 0.04326923076923077 0.04326923076923077
0 0.6850961538461539 0.5673076923076923 0.04326923076923077 0.04326923076923077
0 0.7139423076923077 0.6298076923076923 0.04326923076923077 0.04326923076923077
0 0.5745192307692307 0.6430288461538461 0.04326923076923077 0.04326923076923077
0 0.5829326923076923 0.6021634615384616 0.04326923076923077 0.04326923076923077
0 0.49759615384615385 0.6346153846153846 0.04326923076923077 0.04326923076923077
0 0.5180288461538461 0.6466346153846154 0.04326923076923077 0.04326923076923077
0 0.6430288461538461 0.6370192307692307 0.04326923076923077 0.04326923076923077
0 0.41225961538461536 0.8221153846153846 0.04326923076923077 0.04326923076923077
0 0.4014423076923077 0.7704326923076923 0.04326923076923077 0.04326923076923077
0 0.3918269230769231 0.8798076923076923 0.04326923076923077 0.04326923076923077
0 0.35096153846153844 0.859375 0.04326923076923077 0.04326923076923077
0 0.21875 0.78125 0.04326923076923077 0.04326923076923077
0 0.25240384615384615 0.8713942307692307 0.04326923076923077 0.04326923076923077
0 0.625 0.5697115384615384 0.04326923076923077 0.04326923076923077
0 0.14903846153846154 0.7980769230769231 0.04326923076923077 0.04326923076923077