0 0.9134615384615384 0.08653846153846154 0.046875 0.046875
0 0.8473557692307693 0.08052884615384616 0.046875 0.046875
0 0.7716346153846154 0.10697115384615384 0.046875 0.046875
0 0.7379807692307693 0.17427884615384615 0.046875 0.046875
0 0.6838942307692307 0.17427884615384615 0.046875 0.046875
0 0.6177884615384616 0.140625 0.046875 0.046875
0 0.6538461538461539 0.19951923076923078 0.046875 0.046875
0 0.45913461538461536 0.2283653846153846 0.046875 0.046875
0 0.421875 0.32572115384615385 0.046875 0.046875
0 0.4182692307692308 0.24278846153846154 0.046875 0.046875
0 0.3125 0.34375 0.046875 0.046875
0 0.9182692307692307 0.18389423076923078 0.046875 0.046875
0 0.796875 0.17427884615384615 0.046875 0.046875
0 0.7740384615384616 0.17548076923076922 0.046875 0.046875
0 0.8305288461538461 0.2091346153846154 0.046875 0.046875
0 0.828125 0.25 0.046875 0.046875
0 0.7259615384615384 0.26322115384615385 0.046875 0.046875
0 0.6814903846153846 0.22596153846153846 0.046875 0.046875
0 0.6634615384615384 0.31009615384615385 0.046875 0.046875
0 0.578125 0.296875 0.046875 0.046875
0 0.5901442307692307 0.46153846153846156 0.046875 0.046875
0 0.5685096153846154 0.515625 0.046875 0.046875
0 0.5552884615384616 0.5408653846153846 0.046875 0.046875
0 0.5348557692307693 0.5661057692307693 0.046875 0.046875
0 0.5276442307692307 0.5901442307692307 0.046875 0.046875
0 0.47836538461538464 0.5564903846153846 0.046875 0.046875
0 0.49759615384615385 0.47596153846153844 0.046875 0.046875
0 0.4651442307692308 0.6117788461538461 0.046875 0.046875
0 0.28125 0.8028846153846154 0.046875 0.046875
0 0.234375 0.8653846153846154 0.046875 0.046875
0 0.11298076923076923 0.9350961538461539 0.046875 0.046875
0 0.43990384615384615 0.7620192307692307 0.046875 0.046875