0 0.15985576923076922 0.9026442307692307 0.10576923076923077 0.10576923076923077
0 0.14423076923076922 0.7788461538461539 0.10576923076923077 0.10576923076923077
0 0.21153846153846154 0.78125 0.10576923076923077 0.10576923076923077
0 0.1971153846153846 0.7307692307692307 0.10576923076923077 0.10576923076923077
0 0.23197115384615385 0.7572115384615384 0.10576923076923077 0.10576923076923077
0 0.2620192307692308 0.7716346153846154 0.10576923076923077 0.10576923076923077
0 0.33653846153846156 0.7403846153846154 0.10576923076923077 0.10576923076923077
0 0.3786057692307692 0.7379807692307693 0.10576923076923077 0.10576923076923077
0 0.4338942307692308 0.7992788461538461 0.10576923076923077 0.10576923076923077
0 0.3786057692307692 0.7848557692307693 0.10576923076923077 0.10576923076923077
0 0.6153846153846154 0.6586538461538461 0.10576923076923077 0.10576923076923077
0 0.625 0.5877403846153846 0.10576923076923077 0.10576923076923077
0 0.578125 0.6322115384615384 0.10576923076923077 0.10576923076923077
0 0.71875 0.5180288461538461 0.10576923076923077 0.10576923076923077
0 0.7379807692307693 0.49038461538461536 0.10576923076923077 0.10576923076923077
0 0.7848557692307693 0.44471153846153844 0.10576923076923077 0.10576923076923077
0 0.8125 0.40384615384615385 0.10576923076923077 0.10576923076923077
0 0.8245192307692307 0.515625 0.10576923076923077 0.10576923076923077
0 0.8629807692307693 0.515625 0.10576923076923077 0.10576923076923077
0 0.8461538461538461 0.421875 0.10576923076923077 0.10576923076923077
0 0.5444711538461539 0.7007211538461539 0.10576923076923077 0.10576923076923077
0 0.5120192307692307 0.734375 0.10576923076923077 0.10576923076923077
0 0.11778846153846154 0.6430288461538461 0.10576923076923077 0.10576923076923077
0 0.15985576923076922 0.5973557692307693 0.10576923076923077 0.10576923076923077
0 0.19110576923076922 0.5757211538461539 0.10576923076923077 0.10576923076923077
0 0.23677884615384615 0.5252403846153846 0.10576923076923077 0.10576923076923077
0 0.2620192307692308 0.6153846153846154 0.10576923076923077 0.10576923076923077
0 0.22235576923076922 0.671875 0.10576923076923077 0.10576923076923077
0 0.32211538461538464 0.4182692307692308 0.10576923076923077 0.10576923076923077
0 0.34975961538461536 0.5072115384615384 0.10576923076923077 0.10576923076923077
0 0.40625 0.40865384615384615 0.10576923076923077 0.10576923076923077
0 0.4026442307692308 0.31971153846153844 0.10576923076923077 0.10576923076923077
0 0.4254807692307692 0.25961538461538464 0.10576923076923077 0.10576923076923077
0 0.44471153846153844 0.34975961538461536 0.10576923076923077 0.10576923076923077
0 0.43509615384615385 0.32572115384615385 0.10576923076923077 0.10576923076923077
0 0.46875 0.3004807692307692 0.10576923076923077 0.10576923076923077
0 0.49038461538461536 0.24278846153846154 0.10576923076923077 0.10576923076923077
0 0.43990384615384615 0.22235576923076922 0.10576923076923077 0.10576923076923077
0 0.44471153846153844 0.1875 0.10576923076923077 0.10576923076923077
0 0.625 0.08774038461538461 0.10576923076923077 0.10576923076923077
0 0.6622596153846154 0.10697115384615384 0.10576923076923077 0.10576923076923077
0 0.5552884615384616 0.04447115384615385 0.10576923076923077 0.0889423076923077
0 0.5288461538461539 0.08413461538461539 0.10576923076923077 0.10576923076923077
0 0.5685096153846154 0.07211538461538461 0.10576923076923077 0.10576923076923077