0 0.6021634615384616 0.9555288461538461 0.04927884615384615 0.04927884615384615
0 0.5372596153846154 0.859375 0.04927884615384615 0.04927884615384615
0 0.5024038461538461 0.828125 0.04927884615384615 0.04927884615384615
0 0.5372596153846154 0.7944711538461539 0.04927884615384615 0.04927884615384615
0 0.5612980769230769 0.7800480769230769 0.04927884615384615 0.04927884615384615
0 0.5973557692307693 0.7860576923076923 0.04927884615384615 0.04927884615384615
0 0.49278846153846156 0.7223557692307693 0.04927884615384615 0.04927884615384615
0 0.5516826923076923 0.6935096153846154 0.04927884615384615 0.04927884615384615
0 0.4579326923076923 0.6081730769230769 0.04927884615384615 0.04927884615384615
0 0.4338942307692308 0.5552884615384616 0.04927884615384615 0.04927884615384615
0 0.4951923076923077 0.5504807692307693 0.04927884615384615 0.04927884615384615
0 0.48677884615384615 0.5216346153846154 0.04927884615384615 0.04927884615384615
0 0.4831730769230769 0.4651442307692308 0.04927884615384615 0.04927884615384615
0 0.41346153846153844 0.4519230769230769 0.04927884615384615 0.04927884615384615
0 0.42427884615384615 0.43149038461538464 0.04927884615384615 0.04927884615384615
0 0.42427884615384615 0.38221153846153844 0.04927884615384615 0.04927884615384615
0 0.4675480769230769 0.359375 0.04927884615384615 0.04927884615384615
0 0.3942307692307692 0.30408653846153844 0.04927884615384615 0.04927884615384615
0 0.46274038461538464 0.28846153846153844 0.04927884615384615 0.04927884615384615
0 0.390625 0.23798076923076922 0.04927884615384615 0.04927884615384615
0 0.31490384615384615 0.12139423076923077 0.04927884615384615 0.04927884615384615
0 0.3449519230769231 0.039663461538461536 0.04927884615384615 0.04927884615384615
0 0.29447115384615385 0.05048076923076923 0.04927884615384615 0.04927884615384615
0 0.5793269230769231 0.6911057692307693 0.04927884615384615 0.04927884615384615
0 0.6610576923076923 0.609375 0.04927884615384615 0.04927884615384615
0 0.6310096153846154 0.5216346153846154 0.04927884615384615 0.04927884615384615
0 0.6802884615384616 0.359375 0.04927884615384615 0.04927884615384615
0 0.671875 0.3125 0.04927884615384615 0.04927884615384615
0 0.6045673076923077 0.31490384615384615 0.04927884615384615 0.04927884615384615
0 0.6177884615384616 0.2620192307692308 0.04927884615384615 0.04927884615384615
0 0.5949519230769231 0.2091346153846154 0.04927884615384615 0.04927884615384615
0 0.6490384615384616 0.15625 0.04927884615384615 0.04927884615384615
0 0.6574519230769231 0.13822115384615385 0.04927884615384615 0.04927884615384615
0 0.5709134615384616 0.055288461538461536 0.04927884615384615 0.04927884615384615