0 0.19110576923076922 0.9519230769230769 0.04326923076923077 0.04326923076923077
0 0.2091346153846154 0.9747596153846154 0.04326923076923077 0.04326923076923077
0 0.2247596153846154 0.9134615384615384 0.04326923076923077 0.04326923076923077
0 0.20552884615384615 0.8629807692307693 0.04326923076923077 0.04326923076923077
0 0.23317307692307693 0.8473557692307693 0.04326923076923077 0.04326923076923077
0 0.24639423076923078 0.7896634615384616 0.04326923076923077 0.04326923076923077
0 0.27163461538461536 0.7776442307692307 0.04326923076923077 0.04326923076923077
0 0.3125 0.8100961538461539 0.04326923076923077 0.04326923076923077
0 0.2932692307692308 0.7560096153846154 0.04326923076923077 0.04326923076923077
0 0.28725961538461536 0.7115384615384616 0.04326923076923077 0.04326923076923077
0 0.34134615384615385 0.7427884615384616 0.04326923076923077 0.04326923076923077
0 0.34975961538461536 0.6442307692307693 0.04326923076923077 0.04326923076923077
0 0.3329326923076923 0.6598557692307693 0.04326923076923077 0.04326923076923077
0 0.39302884615384615 0.6033653846153846 0.04326923076923077 0.04326923076923077
0 0.46634615384615385 0.6153846153846154 0.04326923076923077 0.04326923076923077
0 0.40625 0.6454326923076923 0.04326923076923077 0.04326923076923077
0 0.44591346153846156 0.5721153846153846 0.04326923076923077 0.04326923076923077
0 0.46153846153846156 0.5444711538461539 0.04326923076923077 0.04326923076923077
0 0.4807692307692308 0.5504807692307693 0.04326923076923077 0.04326923076923077
0 0.4543269230769231 0.5264423076923077 0.04326923076923077 0.04326923076923077
0 0.47475961538461536 0.49759615384615385 0.04326923076923077 0.04326923076923077
0 0.453125 0.48197115384615385 0.04326923076923077 0.04326923076923077
0 0.5120192307692307 0.47596153846153844 0.04326923076923077 0.04326923076923077
0 0.5084134615384616 0.44711538461538464 0.04326923076923077 0.04326923076923077
0 0.45913461538461536 0.4495192307692308 0.04326923076923077 0.04326923076923077
0 0.4675480769230769 0.43509615384615385 0.04326923076923077 0.04326923076923077
0 0.5072115384615384 0.37740384615384615 0.04326923076923077 0.04326923076923077
0 0.49399038461538464 0.3485576923076923 0.04326923076923077 0.04326923076923077
0 0.45552884615384615 0.38822115384615385 0.04326923076923077 0.04326923076923077
0 0.45552884615384615 0.3173076923076923 0.04326923076923077 0.04326923076923077
0 0.4387019230769231 0.28365384615384615 0.04326923076923077 0.04326923076923077
0 0.49399038461538464 0.3173076923076923 0.04326923076923077 0.04326923076923077
0 0.47475961538461536 0.30528846153846156 0.04326923076923077 0.04326923076923077
0 0.5036057692307693 0.24278846153846154 0.04326923076923077 0.04326923076923077
0 0.5336538461538461 0.27403846153846156 0.04326923076923077 0.04326923076923077
0 0.5180288461538461 0.20192307692307693 0.04326923076923077 0.04326923076923077
0 0.546875 0.20072115384615385 0.04326923076923077 0.04326923076923077
0 0.546875 0.17067307692307693 0.04326923076923077 0.04326923076923077
0 0.5637019230769231 0.23677884615384615 0.04326923076923077 0.04326923076923077
0 0.5336538461538461 0.23557692307692307 0.04326923076923077 0.04326923076923077
0 0.578125 0.15985576923076922 0.04326923076923077 0.04326923076923077
0 0.6081730769230769 0.15384615384615385 0.04326923076923077 0.04326923076923077
0 0.5973557692307693 0.2127403846153846 0.04326923076923077 0.04326923076923077
0 0.6225961538461539 0.21514423076923078 0.04326923076923077 0.04326923076923077
0 0.6177884615384616 0.23317307692307693 0.04326923076923077 0.04326923076923077
0 0.6658653846153846 0.21514423076923078 0.04326923076923077 0.04326923076923077
0 0.6850961538461539 0.11899038461538461 0.04326923076923077 0.04326923076923077
0 0.7067307692307693 0.12259615384615384 0.04326923076923077 0.04326923076923077
0 0.7331730769230769 0.18870192307692307 0.04326923076923077 0.04326923076923077
0 0.7367788461538461 0.16466346153846154 0.04326923076923077 0.04326923076923077
0 0.7475961538461539 0.14543269230769232 0.04326923076923077 0.04326923076923077
0 0.7680288461538461 0.12740384615384615 0.04326923076923077 0.04326923076923077
0 0.8064903846153846 0.11538461538461539 0.04326923076923077 0.04326923076923077
0 0.6658653846153846 0.12860576923076922 0.04326923076923077 0.04326923076923077