0 0.5252403846153846 0.06009615384615385 0.037259615384615384 0.037259615384615384
0 0.5180288461538461 0.07091346153846154 0.037259615384615384 0.037259615384615384
0 0.4651442307692308 0.22716346153846154 0.037259615384615384 0.037259615384615384
0 0.47115384615384615 0.265625 0.037259615384615384 0.037259615384615384
0 0.44591346153846156 0.28125 0.037259615384615384 0.037259615384615384
0 0.49759615384615385 0.28725961538461536 0.037259615384615384 0.037259615384615384
0 0.4519230769230769 0.3629807692307692 0.037259615384615384 0.037259615384615384
0 0.484375 0.38822115384615385 0.037259615384615384 0.037259615384615384
0 0.5168269230769231 0.359375 0.037259615384615384 0.037259615384615384
0 0.4951923076923077 0.49759615384615385 0.037259615384615384 0.037259615384615384
0 0.390625 0.5444711538461539 0.037259615384615384 0.037259615384615384
0 0.38100961538461536 0.5733173076923077 0.037259615384615384 0.037259615384615384
0 0.3629807692307692 0.6009615384615384 0.037259615384615384 0.037259615384615384
0 0.34615384615384615 0.6237980769230769 0.037259615384615384 0.037259615384615384
0 0.390625 0.6634615384615384 0.037259615384615384 0.037259615384615384
0 0.390625 0.6983173076923077 0.037259615384615384 0.037259615384615384
0 0.30528846153846156 0.6983173076923077 0.037259615384615384 0.037259615384615384
0 0.35336538461538464 0.7115384615384616 0.037259615384615384 0.037259615384615384
0 0.3629807692307692 0.6490384615384616 0.037259615384615384 0.037259615384615384
0 0.26322115384615385 0.6201923076923077 0.037259615384615384 0.037259615384615384
0 0.4483173076923077 0.9230769230769231 0.037259615384615384 0.037259615384615384
0 0.45913461538461536 0.8978365384615384 0.037259615384615384 0.037259615384615384
0 0.5240384615384616 0.8713942307692307 0.037259615384615384 0.037259615384615384
0 0.5552884615384616 0.8425480769230769 0.037259615384615384 0.037259615384615384
0 0.6081730769230769 0.8389423076923077 0.037259615384615384 0.037259615384615384
0 0.7007211538461539 0.8353365384615384 0.037259615384615384 0.037259615384615384
0 0.7560096153846154 0.8413461538461539 0.037259615384615384 0.037259615384615384
0 0.671875 0.8473557692307693 0.037259615384615384 0.037259615384615384
0 0.75 0.8822115384615384 0.037259615384615384 0.037259615384615384
0 0.8786057692307693 0.8016826923076923 0.037259615384615384 0.037259615384615384
0 0.9435096153846154 0.7487980769230769 0.037259615384615384 0.037259615384615384
0 0.8197115384615384 0.9014423076923077 0.037259615384615384 0.037259615384615384
0 0.8930288461538461 0.9194711538461539 0.037259615384615384 0.037259615384615384
0 0.921875 0.9074519230769231 0.037259615384615384 0.037259615384615384