0 0.14423076923076922 0.9302884615384616 0.04326923076923077 0.04326923076923077
0 0.13221153846153846 0.8581730769230769 0.04326923076923077 0.04326923076923077
0 0.21514423076923078 0.8473557692307693 0.04326923076923077 0.04326923076923077
0 0.20793269230769232 0.7740384615384616 0.04326923076923077 0.04326923076923077
0 0.13701923076923078 0.8016826923076923 0.04326923076923077 0.04326923076923077
0 0.15625 0.7728365384615384 0.04326923076923077 0.04326923076923077
0 0.25600961538461536 0.5829326923076923 0.04326923076923077 0.04326923076923077
0 0.3473557692307692 0.6141826923076923 0.04326923076923077 0.04326923076923077
0 0.26322115384615385 0.6117788461538461 0.04326923076923077 0.04326923076923077
0 0.29927884615384615 0.6322115384615384 0.04326923076923077 0.04326923076923077
0 0.24759615384615385 0.6262019230769231 0.04326923076923077 0.04326923076923077
0 0.421875 0.5769230769230769 0.04326923076923077 0.04326923076923077
0 0.4014423076923077 0.49759615384615385 0.04326923076923077 0.04326923076923077
0 0.4411057692307692 0.5024038461538461 0.04326923076923077 0.04326923076923077
0 0.41346153846153844 0.5288461538461539 0.04326923076923077 0.04326923076923077
0 0.3858173076923077 0.5504807692307693 0.04326923076923077 0.04326923076923077
0 0.4579326923076923 0.546875 0.04326923076923077 0.04326923076923077
0 0.46274038461538464 0.5336538461538461 0.04326923076923077 0.04326923076923077
0 0.5240384615384616 0.5108173076923077 0.04326923076923077 0.04326923076923077
0 0.5492788461538461 0.45072115384615385 0.04326923076923077 0.04326923076923077
0 0.6177884615384616 0.4891826923076923 0.04326923076923077 0.04326923076923077
0 0.6382211538461539 0.49158653846153844 0.04326923076923077 0.04326923076923077
0 0.6610576923076923 0.49278846153846156 0.04326923076923077 0.04326923076923077
0 0.6526442307692307 0.44591346153846156 0.04326923076923077 0.04326923076923077
0 0.7211538461538461 0.48197115384615385 0.04326923076923077 0.04326923076923077
0 0.75 0.47475961538461536 0.04326923076923077 0.04326923076923077
0 0.8125 0.4795673076923077 0.04326923076923077 0.04326923076923077
0 0.8221153846153846 0.39903846153846156 0.04326923076923077 0.04326923076923077
0 0.8389423076923077 0.44471153846153844 0.04326923076923077 0.04326923076923077
0 0.7644230769230769 0.4266826923076923 0.04326923076923077 0.04326923076923077
0 0.9399038461538461 0.36778846153846156 0.04326923076923077 0.04326923076923077
0 0.9399038461538461 0.40865384615384615 0.04326923076923077 0.04326923076923077
0 0.921875 0.4326923076923077 0.04326923076923077 0.04326923076923077
0 0.203125 0.5288461538461539 0.04326923076923077 0.04326923076923077
0 0.18389423076923078 0.43990384615384615 0.04326923076923077 0.04326923076923077
0 0.18509615384615385 0.40865384615384615 0.04326923076923077 0.04326923076923077
0 0.1346153846153846 0.4074519230769231 0.04326923076923077 0.04326923076923077
0 0.20673076923076922 0.35697115384615385 0.04326923076923077 0.04326923076923077
0 0.1935096153846154 0.3269230769230769 0.04326923076923077 0.04326923076923077
0 0.09615384615384616 0.07572115384615384 0.04326923076923077 0.04326923076923077
0 0.051682692307692304 0.0733173076923077 0.04326923076923077 0.04326923076923077