0 0.5540865384615384 0.46033653846153844 0.04927884615384615 0.04927884615384615
0 0.09615384615384616 0.48197115384615385 0.04927884615384615 0.04927884615384615
0 0.054086538461538464 0.5144230769230769 0.04927884615384615 0.04927884615384615
0 0.21995192307692307 0.48197115384615385 0.04927884615384615 0.04927884615384615
0 0.09014423076923077 0.5408653846153846 0.04927884615384615 0.04927884615384615
0 0.2800480769230769 0.5204326923076923 0.04927884615384615 0.04927884615384615
0 0.3016826923076923 0.5192307692307693 0.04927884615384615 0.04927884615384615
0 0.32572115384615385 0.5180288461538461 0.04927884615384615 0.04927884615384615
0 0.3233173076923077 0.5384615384615384 0.04927884615384615 0.04927884615384615
0 0.31490384615384615 0.49759615384615385 0.04927884615384615 0.04927884615384615
0 0.24759615384615385 0.5288461538461539 0.04927884615384615 0.04927884615384615
0 0.38100961538461536 0.4699519230769231 0.04927884615384615 0.04927884615384615
0 0.49399038461538464 0.4266826923076923 0.04927884615384615 0.04927884615384615
0 0.5204326923076923 0.41586538461538464 0.04927884615384615 0.04927884615384615
0 0.046875 0.5336538461538461 0.04927884615384615 0.04927884615384615
0 0.6225961538461539 0.39302884615384615 0.04927884615384615 0.04927884615384615
0 0.6358173076923077 0.38461538461538464 0.04927884615384615 0.04927884615384615
0 0.6610576923076923 0.3713942307692308 0.04927884615384615 0.04927884615384615
0 0.6538461538461539 0.33413461538461536 0.04927884615384615 0.04927884615384615
0 0.6959134615384616 0.3581730769230769 0.04927884615384615 0.04927884615384615
0 0.7980769230769231 0.32572115384615385 0.04927884615384615 0.04927884615384615
0 0.8377403846153846 0.31971153846153844 0.04927884615384615 0.04927884615384615
0 0.4579326923076923 0.46033653846153844 0.04927884615384615 0.04927884615384615
0 0.8882211538461539 0.28365384615384615 0.04927884615384615 0.04927884615384615
0 0.09735576923076923 0.8161057692307693 0.04927884615384615 0.04927884615384615
0 0.07451923076923077 0.7992788461538461 0.04927884615384615 0.04927884615384615
0 0.06850961538461539 0.7848557692307693 0.04927884615384615 0.04927884615384615
0 0.06009615384615385 0.7524038461538461 0.04927884615384615 0.04927884615384615
0 0.02283653846153846 0.796875 0.04447115384615385 0.04927884615384615
0 0.055288461538461536 0.828125 0.04927884615384615 0.04927884615384615
0 0.25721153846153844 0.5444711538461539 0.04927884615384615 0.04927884615384615