0 0.45552884615384615 0.06610576923076923 0.038461538461538464 0.038461538461538464
0 0.3894230769230769 0.11899038461538461 0.038461538461538464 0.038461538461538464
0 0.3870192307692308 0.17067307692307693 0.038461538461538464 0.038461538461538464
0 0.4651442307692308 0.18389423076923078 0.038461538461538464 0.038461538461538464
0 0.3786057692307692 0.203125 0.038461538461538464 0.038461538461538464
0 0.39903846153846156 0.22115384615384615 0.038461538461538464 0.038461538461538464
0 0.38100961538461536 0.30649038461538464 0.038461538461538464 0.038461538461538464
0 0.31009615384615385 0.32211538461538464 0.038461538461538464 0.038461538461538464
0 0.33533653846153844 0.3918269230769231 0.038461538461538464 0.038461538461538464
0 0.328125 0.7247596153846154 0.038461538461538464 0.038461538461538464
0 0.30528846153846156 0.7475961538461539 0.038461538461538464 0.038461538461538464
0 0.4074519230769231 0.8004807692307693 0.038461538461538464 0.038461538461538464
0 0.4206730769230769 0.8269230769230769 0.038461538461538464 0.038461538461538464
0 0.3125 0.8173076923076923 0.038461538461538464 0.038461538461538464
0 0.3485576923076923 0.8605769230769231 0.038461538461538464 0.038461538461538464
0 0.27403846153846156 0.8725961538461539 0.038461538461538464 0.038461538461538464
0 0.234375 0.7475961538461539 0.038461538461538464 0.038461538461538464
0 0.3557692307692308 0.5540865384615384 0.038461538461538464 0.038461538461538464
0 0.45072115384615385 0.5492788461538461 0.038461538461538464 0.038461538461538464
0 0.27524038461538464 0.5372596153846154 0.038461538461538464 0.038461538461538464