0 0.75 0.8689903846153846 0.052884615384615384 0.052884615384615384
0 0.7283653846153846 0.8629807692307693 0.052884615384615384 0.052884615384615384
0 0.6274038461538461 0.7355769230769231 0.052884615384615384 0.052884615384615384
0 0.6862980769230769 0.7259615384615384 0.052884615384615384 0.052884615384615384
0 0.5504807692307693 0.6887019230769231 0.052884615384615384 0.052884615384615384
0 0.5012019230769231 0.6310096153846154 0.052884615384615384 0.052884615384615384
0 0.578125 0.5637019230769231 0.052884615384615384 0.052884615384615384
0 0.4699519230769231 0.4699519230769231 0.052884615384615384 0.052884615384615384
0 0.44471153846153844 0.42788461538461536 0.052884615384615384 0.052884615384615384
0 0.484375 0.43149038461538464 0.052884615384615384 0.052884615384615384
0 0.5336538461538461 0.4362980769230769 0.052884615384615384 0.052884615384615384
0 0.6586538461538461 0.28966346153846156 0.052884615384615384 0.052884615384615384
0 0.7728365384615384 0.31009615384615385 0.052884615384615384 0.052884615384615384
0 0.7992788461538461 0.39663461538461536 0.052884615384615384 0.052884615384615384
0 0.8293269230769231 0.40865384615384615 0.052884615384615384 0.052884615384615384
0 0.7163461538461539 0.7932692307692307 0.052884615384615384 0.052884615384615384
0 0.5805288461538461 0.6634615384615384 0.052884615384615384 0.052884615384615384
0 0.5288461538461539 0.5576923076923077 0.052884615384615384 0.052884615384615384