0 0.8822115384615384 0.9110576923076923 0.04927884615384615 0.04927884615384615
0 0.9134615384615384 0.9302884615384616 0.04927884615384615 0.04927884615384615
0 0.9350961538461539 0.9290865384615384 0.04927884615384615 0.04927884615384615
0 0.9555288461538461 0.8677884615384616 0.04927884615384615 0.04927884615384615
0 0.8966346153846154 0.8774038461538461 0.04927884615384615 0.04927884615384615
0 0.9507211538461539 0.8173076923076923 0.04927884615384615 0.04927884615384615
0 0.921875 0.8257211538461539 0.04927884615384615 0.04927884615384615
0 0.9086538461538461 0.7920673076923077 0.04927884615384615 0.04927884615384615
0 0.9387019230769231 0.7944711538461539 0.04927884615384615 0.04927884615384615
0 0.8954326923076923 0.7211538461538461 0.04927884615384615 0.04927884615384615
0 0.9038461538461539 0.7091346153846154 0.04927884615384615 0.04927884615384615
0 0.8918269230769231 0.6983173076923077 0.04927884615384615 0.04927884615384615
0 0.921875 0.7752403846153846 0.04927884615384615 0.04927884615384615
0 0.8028846153846154 0.6322115384615384 0.04927884615384615 0.04927884615384615
0 0.7752403846153846 0.5576923076923077 0.04927884615384615 0.04927884615384615
0 0.7451923076923077 0.5372596153846154 0.04927884615384615 0.04927884615384615
0 0.7560096153846154 0.5432692307692307 0.04927884615384615 0.04927884615384615
0 0.7608173076923077 0.5985576923076923 0.04927884615384615 0.04927884615384615
0 0.7944711538461539 0.5769230769230769 0.04927884615384615 0.04927884615384615
0 0.7115384615384616 0.5024038461538461 0.04927884615384615 0.04927884615384615
0 0.7223557692307693 0.5757211538461539 0.04927884615384615 0.04927884615384615
0 0.6850961538461539 0.5240384615384616 0.04927884615384615 0.04927884615384615
0 0.7776442307692307 0.625 0.04927884615384615 0.04927884615384615
0 0.49759615384615385 0.46634615384615385 0.04927884615384615 0.04927884615384615
0 0.46153846153846156 0.4050480769230769 0.04927884615384615 0.04927884615384615
0 0.4411057692307692 0.3161057692307692 0.04927884615384615 0.04927884615384615
0 0.41947115384615385 0.32572115384615385 0.04927884615384615 0.04927884615384615
0 0.40024038461538464 0.29086538461538464 0.04927884615384615 0.04927884615384615
0 0.3317307692307692 0.09495192307692307 0.04927884615384615 0.04927884615384615
0 0.3581730769230769 0.1346153846153846 0.04927884615384615 0.04927884615384615
0 0.32572115384615385 0.1141826923076923 0.04927884615384615 0.04927884615384615
0 0.37259615384615385 0.17427884615384615 0.04927884615384615 0.04927884615384615
0 0.6778846153846154 0.7800480769230769 0.04927884615384615 0.04927884615384615
0 0.6177884615384616 0.7536057692307693 0.04927884615384615 0.04927884615384615
0 0.6322115384615384 0.7199519230769231 0.04927884615384615 0.04927884615384615
0 0.6442307692307693 0.703125 0.04927884615384615 0.04927884615384615
0 0.6850961538461539 0.6875 0.04927884615384615 0.04927884615384615
0 0.6875 0.7103365384615384 0.04927884615384615 0.04927884615384615
0 0.6742788461538461 0.6490384615384616 0.04927884615384615 0.04927884615384615
0 0.6971153846153846 0.6478365384615384 0.04927884615384615 0.04927884615384615
0 0.6490384615384616 0.6694711538461539 0.04927884615384615 0.04927884615384615
0 0.6225961538461539 0.6526442307692307 0.04927884615384615 0.04927884615384615
0 0.6346153846153846 0.6045673076923077 0.04927884615384615 0.04927884615384615
0 0.6225961538461539 0.546875 0.04927884615384615 0.04927884615384615
0 0.6646634615384616 0.49038461538461536 0.04927884615384615 0.04927884615384615
0 0.6742788461538461 0.47716346153846156 0.04927884615384615 0.04927884615384615
0 0.6850961538461539 0.4567307692307692 0.04927884615384615 0.04927884615384615
0 0.625 0.47475961538461536 0.04927884615384615 0.04927884615384615
0 0.6322115384615384 0.44350961538461536 0.04927884615384615 0.04927884615384615
0 0.6706730769230769 0.42788461538461536 0.04927884615384615 0.04927884615384615
0 0.6165865384615384 0.20072115384615385 0.04927884615384615 0.04927884615384615
0 0.5793269230769231 0.1875 0.04927884615384615 0.04927884615384615
0 0.5612980769230769 0.1466346153846154 0.04927884615384615 0.04927884615384615
0 0.5600961538461539 0.11899038461538461 0.04927884615384615 0.04927884615384615
0 0.5492788461538461 0.09375 0.04927884615384615 0.04927884615384615
0 0.6033653846153846 0.15745192307692307 0.04927884615384615 0.04927884615384615
0 0.59375 0.056490384615384616 0.04927884615384615 0.04927884615384615
0 0.5877403846153846 0.04447115384615385 0.04927884615384615 0.04927884615384615
0 0.5444711538461539 0.07211538461538461 0.04927884615384615 0.04927884615384615
0 0.640625 0.33653846153846156 0.04927884615384615 0.04927884615384615
0 0.6574519230769231 0.3918269230769231 0.04927884615384615 0.04927884615384615
0 0.5048076923076923 0.8461538461538461 0.04927884615384615 0.04927884615384615
0 0.48677884615384615 0.7944711538461539 0.04927884615384615 0.04927884615384615
0 0.4266826923076923 0.7848557692307693 0.04927884615384615 0.04927884615384615
0 0.41947115384615385 0.7740384615384616 0.04927884615384615 0.04927884615384615
0 0.36177884615384615 0.7427884615384616 0.04927884615384615 0.04927884615384615
0 0.35336538461538464 0.7223557692307693 0.04927884615384615 0.04927884615384615
0 0.34975961538461536 0.6598557692307693 0.04927884615384615 0.04927884615384615
0 0.33052884615384615 0.6466346153846154 0.04927884615384615 0.04927884615384615
0 0.31009615384615385 0.6742788461538461 0.04927884615384615 0.04927884615384615
0 0.27403846153846156 0.6694711538461539 0.04927884615384615 0.04927884615384615
0 0.2824519230769231 0.5997596153846154 0.04927884615384615 0.04927884615384615
0 0.23677884615384615 0.5961538461538461 0.04927884615384615 0.04927884615384615
0 0.19471153846153846 0.5673076923076923 0.04927884615384615 0.04927884615384615
0 0.2283653846153846 0.5504807692307693 0.04927884615384615 0.04927884615384615
0 0.29447115384615385 0.6574519230769231 0.04927884615384615 0.04927884615384615
0 0.8533653846153846 0.5120192307692307 0.04927884615384615 0.04927884615384615
0 0.8677884615384616 0.4807692307692308 0.04927884615384615 0.04927884615384615
0 0.8185096153846154 0.44471153846153844 0.04927884615384615 0.04927884615384615
0 0.890625 0.4098557692307692 0.04927884615384615 0.04927884615384615
0 0.6634615384615384 0.6189903846153846 0.04927884615384615 0.04927884615384615