0 0.96875 0.29086538461538464 0.046875 0.046875
0 0.8617788461538461 0.33413461538461536 0.046875 0.046875
0 0.7632211538461539 0.36538461538461536 0.046875 0.046875
0 0.7127403846153846 0.390625 0.046875 0.046875
0 0.7596153846153846 0.4375 0.046875 0.046875
0 0.7115384615384616 0.453125 0.046875 0.046875
0 0.6598557692307693 0.41225961538461536 0.046875 0.046875
0 0.6754807692307693 0.47115384615384615 0.046875 0.046875
0 0.6586538461538461 0.4495192307692308 0.046875 0.046875
0 0.6274038461538461 0.4182692307692308 0.046875 0.046875
0 0.5913461538461539 0.5024038461538461 0.046875 0.046875
0 0.5 0.5432692307692307 0.046875 0.046875
0 0.47475961538461536 0.5240384615384616 0.046875 0.046875
0 0.3473557692307692 0.5408653846153846 0.046875 0.046875
0 0.3942307692307692 0.6213942307692307 0.046875 0.046875
0 0.34975961538461536 0.671875 0.046875 0.046875
0 0.2932692307692308 0.6057692307692307 0.046875 0.046875
0 0.19110576923076922 0.78125 0.046875 0.046875
0 0.15865384615384615 0.828125 0.046875 0.046875
0 0.09615384615384616 0.7848557692307693 0.046875 0.046875
0 0.11298076923076923 0.9350961538461539 0.046875 0.046875
0 0.7740384615384616 0.390625 0.046875 0.046875
0 0.9086538461538461 0.359375 0.046875 0.046875