0 0.9411057692307693 0.7608173076923077 0.04927884615384615 0.04927884615384615
0 0.9194711538461539 0.7175480769230769 0.04927884615384615 0.04927884615384615
0 0.8810096153846154 0.75 0.04927884615384615 0.04927884615384615
0 0.8569711538461539 0.5961538461538461 0.04927884615384615 0.04927884615384615
0 0.9242788461538461 0.47716346153846156 0.04927884615384615 0.04927884615384615
0 0.8822115384615384 0.5096153846153846 0.04927884615384615 0.04927884615384615
0 0.8245192307692307 0.44591346153846156 0.04927884615384615 0.04927884615384615
0 0.7884615384615384 0.43028846153846156 0.04927884615384615 0.04927884615384615
0 0.7596153846153846 0.4266826923076923 0.04927884615384615 0.04927884615384615
0 0.7367788461538461 0.41586538461538464 0.04927884615384615 0.04927884615384615
0 0.6286057692307693 0.47115384615384615 0.04927884615384615 0.04927884615384615
0 0.6310096153846154 0.4110576923076923 0.04927884615384615 0.04927884615384615
0 0.6610576923076923 0.3942307692307692 0.04927884615384615 0.04927884615384615
0 0.6802884615384616 0.38221153846153844 0.04927884615384615 0.04927884615384615
0 0.5997596153846154 0.4807692307692308 0.04927884615384615 0.04927884615384615
0 0.5444711538461539 0.42908653846153844 0.04927884615384615 0.04927884615384615
0 0.5889423076923077 0.4411057692307692 0.04927884615384615 0.04927884615384615
0 0.48677884615384615 0.44350961538461536 0.04927884615384615 0.04927884615384615
0 0.5 0.4014423076923077 0.04927884615384615 0.04927884615384615
0 0.44350961538461536 0.3713942307692308 0.04927884615384615 0.04927884615384615
0 0.45913461538461536 0.38221153846153844 0.04927884615384615 0.04927884615384615
0 0.41947115384615385 0.4014423076923077 0.04927884615384615 0.04927884615384615
0 0.4182692307692308 0.3449519230769231 0.04927884615384615 0.04927884615384615
0 0.40384615384615385 0.3449519230769231 0.04927884615384615 0.04927884615384615
0 0.3137019230769231 0.33052884615384615 0.04927884615384615 0.04927884615384615
0 0.3293269230769231 0.3233173076923077 0.04927884615384615 0.04927884615384615
0 0.31490384615384615 0.35216346153846156 0.04927884615384615 0.04927884615384615
0 0.27884615384615385 0.34134615384615385 0.04927884615384615 0.04927884615384615
0 0.27163461538461536 0.31490384615384615 0.04927884615384615 0.04927884615384615
0 0.20072115384615385 0.31490384615384615 0.04927884615384615 0.04927884615384615
0 0.5276442307692307 0.4375 0.04927884615384615 0.04927884615384615
0 0.28846153846153844 0.5552884615384616 0.04927884615384615 0.04927884615384615
0 0.052884615384615384 0.7163461538461539 0.04927884615384615 0.04927884615384615
0 0.037259615384615384 0.6694711538461539 0.04927884615384615 0.04927884615384615
0 0.09615384615384616 0.6947115384615384 0.04927884615384615 0.04927884615384615
0 0.3713942307692308 0.7259615384615384 0.04927884615384615 0.04927884615384615
0 0.40024038461538464 0.7055288461538461 0.04927884615384615 0.04927884615384615
0 0.28365384615384615 0.6213942307692307 0.04927884615384615 0.04927884615384615
0 0.31971153846153844 0.6322115384615384 0.04927884615384615 0.04927884615384615