0 0.5564903846153846 0.7680288461538461 0.046875 0.046875
0 0.33774038461538464 0.30288461538461536 0.046875 0.046875
0 0.31850961538461536 0.33413461538461536 0.046875 0.046875
0 0.41947115384615385 0.41947115384615385 0.046875 0.046875
0 0.45072115384615385 0.5060096153846154 0.046875 0.046875
0 0.4026442307692308 0.5132211538461539 0.046875 0.046875
0 0.41947115384615385 0.5600961538461539 0.046875 0.046875
0 0.36177884615384615 0.44711538461538464 0.046875 0.046875
0 0.24278846153846154 0.2848557692307692 0.046875 0.046875
0 0.5877403846153846 0.6117788461538461 0.046875 0.046875
0 0.49759615384615385 0.6153846153846154 0.046875 0.046875
0 0.5504807692307693 0.6875 0.046875 0.046875
0 0.5961538461538461 0.8377403846153846 0.046875 0.046875
0 0.6225961538461539 0.8810096153846154 0.046875 0.046875
0 0.6622596153846154 0.9122596153846154 0.046875 0.046875
0 0.625 0.9314903846153846 0.046875 0.046875
0 0.3317307692307692 0.37740384615384615 0.046875 0.046875