0 0.8100961538461539 0.7788461538461539 0.052884615384615384 0.052884615384615384
0 0.7608173076923077 0.7319711538461539 0.052884615384615384 0.052884615384615384
0 0.7091346153846154 0.7740384615384616 0.052884615384615384 0.052884615384615384
0 0.7427884615384616 0.7716346153846154 0.052884615384615384 0.052884615384615384
0 0.7596153846153846 0.8088942307692307 0.052884615384615384 0.052884615384615384
0 0.5612980769230769 0.7584134615384616 0.052884615384615384 0.052884615384615384
0 0.5336538461538461 0.7427884615384616 0.052884615384615384 0.052884615384615384
0 0.4855769230769231 0.7692307692307693 0.052884615384615384 0.052884615384615384
0 0.3401442307692308 0.6418269230769231 0.052884615384615384 0.052884615384615384
0 0.2980769230769231 0.6189903846153846 0.052884615384615384 0.052884615384615384
0 0.36177884615384615 0.5805288461538461 0.052884615384615384 0.052884615384615384
0 0.40865384615384615 0.5697115384615384 0.052884615384615384 0.052884615384615384
0 0.36899038461538464 0.5216346153846154 0.052884615384615384 0.052884615384615384
0 0.42427884615384615 0.4951923076923077 0.052884615384615384 0.052884615384615384
0 0.4543269230769231 0.38822115384615385 0.052884615384615384 0.052884615384615384
0 0.45552884615384615 0.35216346153846156 0.052884615384615384 0.052884615384615384
0 0.43990384615384615 0.2692307692307692 0.052884615384615384 0.052884615384615384
0 0.4110576923076923 0.17427884615384615 0.052884615384615384 0.052884615384615384
0 0.3894230769230769 0.0985576923076923 0.052884615384615384 0.052884615384615384
0 0.40625 0.11538461538461539 0.052884615384615384 0.052884615384615384
0 0.43509615384615385 0.028846153846153848 0.052884615384615384 0.052884615384615384
0 0.5865384615384616 0.8149038461538461 0.052884615384615384 0.052884615384615384