0 0.17548076923076922 0.421875 0.10576923076923077 0.10576923076923077
0 0.2127403846153846 0.36177884615384615 0.10576923076923077 0.10576923076923077
0 0.23197115384615385 0.40865384615384615 0.10576923076923077 0.10576923076923077
0 0.38100961538461536 0.39903846153846156 0.10576923076923077 0.10576923076923077
0 0.36899038461538464 0.36899038461538464 0.10576923076923077 0.10576923076923077
0 0.5588942307692307 0.31850961538461536 0.10576923076923077 0.10576923076923077
0 0.9435096153846154 0.11177884615384616 0.10576923076923077 0.10576923076923077
0 0.25240384615384615 0.8533653846153846 0.10576923076923077 0.10576923076923077
0 0.32211538461538464 0.6033653846153846 0.10576923076923077 0.10576923076923077
0 0.296875 0.7872596153846154 0.10576923076923077 0.10576923076923077
0 0.7367788461538461 0.8497596153846154 0.10576923076923077 0.10576923076923077
0 0.7740384615384616 0.8689903846153846 0.10576923076923077 0.10576923076923077
0 0.07451923076923077 0.35697115384615385 0.10576923076923077 0.10576923076923077
0 0.125 0.36177884615384615 0.10576923076923077 0.10576923076923077
0 0.4411057692307692 0.3161057692307692 0.10576923076923077 0.10576923076923077
0 0.41947115384615385 0.38461538461538464 0.10576923076923077 0.10576923076923077
0 0.6117788461538461 0.34375 0.10576923076923077 0.10576923076923077
0 0.6310096153846154 0.25600961538461536 0.10576923076923077 0.10576923076923077
0 0.6622596153846154 0.25600961538461536 0.10576923076923077 0.10576923076923077
0 0.8185096153846154 0.2247596153846154 0.10576923076923077 0.10576923076923077
0 0.04927884615384615 0.6911057692307693 0.09735576923076923 0.10576923076923077
0 0.078125 0.7163461538461539 0.10576923076923077 0.10576923076923077
0 0.27524038461538464 0.7596153846153846 0.10576923076923077 0.10576923076923077
0 0.3317307692307692 0.6658653846153846 0.10576923076923077 0.10576923076923077
0 0.30649038461538464 0.6225961538461539 0.10576923076923077 0.10576923076923077
0 0.43149038461538464 0.7007211538461539 0.10576923076923077 0.10576923076923077
0 0.40384615384615385 0.6694711538461539 0.10576923076923077 0.10576923076923077
0 0.421875 0.6129807692307693 0.10576923076923077 0.10576923076923077
0 0.45552884615384615 0.6225961538461539 0.10576923076923077 0.10576923076923077
0 0.6153846153846154 0.6778846153846154 0.10576923076923077 0.10576923076923077
0 0.6622596153846154 0.6189903846153846 0.10576923076923077 0.10576923076923077
0 0.7367788461538461 0.9086538461538461 0.10576923076923077 0.10576923076923077
0 0.23076923076923078 0.7776442307692307 0.10576923076923077 0.10576923076923077
0 0.6213942307692307 0.734375 0.10576923076923077 0.10576923076923077