0 0.375 0.5805288461538461 0.04927884615384615 0.04927884615384615
0 0.4206730769230769 0.6274038461538461 0.04927884615384615 0.04927884615384615
0 0.4723557692307692 0.5528846153846154 0.04927884615384615 0.04927884615384615
0 0.44471153846153844 0.5180288461538461 0.04927884615384615 0.04927884615384615
0 0.4699519230769231 0.5012019230769231 0.04927884615384615 0.04927884615384615
0 0.4254807692307692 0.4951923076923077 0.04927884615384615 0.04927884615384615
0 0.4963942307692308 0.4735576923076923 0.04927884615384615 0.04927884615384615
0 0.546875 0.43509615384615385 0.04927884615384615 0.04927884615384615
0 0.5588942307692307 0.5 0.04927884615384615 0.04927884615384615
0 0.6430288461538461 0.48677884615384615 0.04927884615384615 0.04927884615384615
0 0.6033653846153846 0.3701923076923077 0.04927884615384615 0.04927884615384615
0 0.6490384615384616 0.39663461538461536 0.04927884615384615 0.04927884615384615
0 0.6959134615384616 0.4362980769230769 0.04927884615384615 0.04927884615384615
0 0.6959134615384616 0.4110576923076923 0.04927884615384615 0.04927884615384615
0 0.7163461538461539 0.40865384615384615 0.04927884615384615 0.04927884615384615
0 0.7475961538461539 0.3942307692307692 0.04927884615384615 0.04927884615384615
0 0.6490384615384616 0.34134615384615385 0.04927884615384615 0.04927884615384615
0 0.7776442307692307 0.29927884615384615 0.04927884615384615 0.04927884615384615
0 0.40625 0.8930288461538461 0.04927884615384615 0.04927884615384615
0 0.359375 0.8389423076923077 0.04927884615384615 0.04927884615384615
0 0.41586538461538464 0.8100961538461539 0.04927884615384615 0.04927884615384615
0 0.44350961538461536 0.8064903846153846 0.04927884615384615 0.04927884615384615
0 0.43509615384615385 0.8822115384615384 0.04927884615384615 0.04927884615384615
0 0.45072115384615385 0.8774038461538461 0.04927884615384615 0.04927884615384615
0 0.5384615384615384 0.8413461538461539 0.04927884615384615 0.04927884615384615
0 0.515625 0.8137019230769231 0.04927884615384615 0.04927884615384615
0 0.49038461538461536 0.7728365384615384 0.04927884615384615 0.04927884615384615
0 0.5817307692307693 0.7283653846153846 0.04927884615384615 0.04927884615384615
0 0.12740384615384615 0.8365384615384616 0.04927884615384615 0.04927884615384615
0 0.10096153846153846 0.859375 0.04927884615384615 0.04927884615384615
0 0.021634615384615384 0.9038461538461539 0.04326923076923077 0.04927884615384615
0 0.15625 0.8245192307692307 0.04927884615384615 0.04927884615384615
0 0.25721153846153844 0.7379807692307693 0.04927884615384615 0.04927884615384615
0 0.29927884615384615 0.7620192307692307 0.04927884615384615 0.04927884615384615
0 0.9375 0.38221153846153844 0.04927884615384615 0.04927884615384615
0 0.9495192307692307 0.36177884615384615 0.04927884615384615 0.04927884615384615
0 0.8966346153846154 0.8725961538461539 0.04927884615384615 0.04927884615384615
0 0.9375 0.7680288461538461 0.04927884615384615 0.04927884615384615
0 0.9278846153846154 0.9399038461538461 0.04927884615384615 0.04927884615384615
0 0.2283653846153846 0.47475961538461536 0.04927884615384615 0.04927884615384615