0 0.7367788461538461 0.9338942307692307 0.03485576923076923 0.03485576923076923
0 0.5769230769230769 0.8076923076923077 0.03485576923076923 0.03485576923076923
0 0.5132211538461539 0.875 0.03485576923076923 0.03485576923076923
0 0.4963942307692308 0.8569711538461539 0.03485576923076923 0.03485576923076923
0 0.46875 0.8725961538461539 0.03485576923076923 0.03485576923076923
0 0.4483173076923077 0.84375 0.03485576923076923 0.03485576923076923
0 0.3858173076923077 0.8521634615384616 0.03485576923076923 0.03485576923076923
0 0.36177884615384615 0.8353365384615384 0.03485576923076923 0.03485576923076923
0 0.31009615384615385 0.8173076923076923 0.03485576923076923 0.03485576923076923
0 0.40384615384615385 0.7908653846153846 0.03485576923076923 0.03485576923076923
0 0.6862980769230769 0.7896634615384616 0.03485576923076923 0.03485576923076923
0 0.6502403846153846 0.7367788461538461 0.03485576923076923 0.03485576923076923
0 0.6394230769230769 0.6634615384615384 0.03485576923076923 0.03485576923076923
0 0.6225961538461539 0.7067307692307693 0.03485576923076923 0.03485576923076923
0 0.7007211538461539 0.6286057692307693 0.03485576923076923 0.03485576923076923
0 0.7055288461538461 0.5925480769230769 0.03485576923076923 0.03485576923076923
0 0.6382211538461539 0.5228365384615384 0.03485576923076923 0.03485576923076923
0 0.6826923076923077 0.5180288461538461 0.03485576923076923 0.03485576923076923
0 0.6995192307692307 0.48677884615384615 0.03485576923076923 0.03485576923076923
0 0.6802884615384616 0.47115384615384615 0.03485576923076923 0.03485576923076923
0 0.6850961538461539 0.43028846153846156 0.03485576923076923 0.03485576923076923
0 0.6586538461538461 0.41225961538461536 0.03485576923076923 0.03485576923076923
0 0.6225961538461539 0.4326923076923077 0.03485576923076923 0.03485576923076923
0 0.6899038461538461 0.33653846153846156 0.03485576923076923 0.03485576923076923
0 0.6225961538461539 0.3137019230769231 0.03485576923076923 0.03485576923076923
0 0.6826923076923077 0.3076923076923077 0.03485576923076923 0.03485576923076923
0 0.6153846153846154 0.2620192307692308 0.03485576923076923 0.03485576923076923
0 0.671875 0.24759615384615385 0.03485576923076923 0.03485576923076923
0 0.6814903846153846 0.21153846153846154 0.03485576923076923 0.03485576923076923
0 0.6033653846153846 0.22115384615384615 0.03485576923076923 0.03485576923076923
0 0.6189903846153846 0.11538461538461539 0.03485576923076923 0.03485576923076923
0 0.6274038461538461 0.06610576923076923 0.03485576923076923 0.03485576923076923
0 0.6899038461538461 0.0829326923076923 0.03485576923076923 0.03485576923076923
0 0.7524038461538461 0.06490384615384616 0.03485576923076923 0.03485576923076923
0 0.6947115384615384 0.019230769230769232 0.03485576923076923 0.03485576923076923
0 0.7055288461538461 0.10817307692307693 0.03485576923076923 0.03485576923076923
0 0.6742788461538461 0.5420673076923077 0.03485576923076923 0.03485576923076923