0 0.6274038461538461 0.8966346153846154 0.052884615384615384 0.052884615384615384
0 0.6622596153846154 0.8425480769230769 0.052884615384615384 0.052884615384615384
0 0.546875 0.8052884615384616 0.052884615384615384 0.052884615384615384
0 0.5492788461538461 0.7211538461538461 0.052884615384615384 0.052884615384615384
0 0.5913461538461539 0.7163461538461539 0.052884615384615384 0.052884615384615384
0 0.47115384615384615 0.6802884615384616 0.052884615384615384 0.052884615384615384
0 0.38100961538461536 0.4567307692307692 0.052884615384615384 0.052884615384615384
0 0.44711538461538464 0.42427884615384615 0.052884615384615384 0.052884615384615384
0 0.5612980769230769 0.28725961538461536 0.052884615384615384 0.052884615384615384
0 0.5600961538461539 0.3545673076923077 0.052884615384615384 0.052884615384615384
0 0.6069711538461539 0.7788461538461539 0.052884615384615384 0.052884615384615384
0 0.6298076923076923 0.7788461538461539 0.052884615384615384 0.052884615384615384
0 0.4230769230769231 0.6225961538461539 0.052884615384615384 0.052884615384615384
0 0.5384615384615384 0.6778846153846154 0.052884615384615384 0.052884615384615384
0 0.5024038461538461 0.6502403846153846 0.052884615384615384 0.052884615384615384