0 0.2127403846153846 0.6778846153846154 0.046875 0.046875
0 0.2439903846153846 0.6538461538461539 0.046875 0.046875
0 0.328125 0.5552884615384616 0.046875 0.046875
0 0.3401442307692308 0.41586538461538464 0.046875 0.046875
0 0.32572115384615385 0.38100961538461536 0.046875 0.046875
0 0.375 0.34975961538461536 0.046875 0.046875
0 0.38100961538461536 0.34615384615384615 0.046875 0.046875
0 0.41947115384615385 0.32211538461538464 0.046875 0.046875
0 0.7992788461538461 0.39302884615384615 0.046875 0.046875
0 0.7836538461538461 0.37259615384615385 0.046875 0.046875
0 0.24639423076923078 0.6935096153846154 0.046875 0.046875
0 0.25240384615384615 0.7151442307692307 0.046875 0.046875
0 0.33413461538461536 0.6598557692307693 0.046875 0.046875
0 0.29927884615384615 0.6225961538461539 0.046875 0.046875
0 0.28846153846153844 0.5805288461538461 0.046875 0.046875
0 0.30528846153846156 0.5721153846153846 0.046875 0.046875
0 0.3088942307692308 0.41947115384615385 0.046875 0.046875
0 0.29927884615384615 0.39302884615384615 0.046875 0.046875
0 0.31490384615384615 0.33774038461538464 0.046875 0.046875
0 0.29086538461538464 0.36538461538461536 0.046875 0.046875
0 0.30649038461538464 0.44471153846153844 0.046875 0.046875