0 0.5612980769230769 0.5709134615384616 0.052884615384615384 0.052884615384615384
0 0.6201923076923077 0.6033653846153846 0.052884615384615384 0.052884615384615384
0 0.8389423076923077 0.8185096153846154 0.052884615384615384 0.052884615384615384
0 0.28966346153846156 0.296875 0.052884615384615384 0.052884615384615384
0 0.16947115384615385 0.15144230769230768 0.052884615384615384 0.052884615384615384
0 0.13822115384615385 0.06490384615384616 0.052884615384615384 0.052884615384615384
0 0.10336538461538461 0.037259615384615384 0.052884615384615384 0.052884615384615384
0 0.22115384615384615 0.5180288461538461 0.052884615384615384 0.052884615384615384
0 0.2764423076923077 0.8509615384615384 0.052884615384615384 0.052884615384615384
0 0.33653846153846156 0.8557692307692307 0.052884615384615384 0.052884615384615384
0 0.29927884615384615 0.6899038461538461 0.052884615384615384 0.052884615384615384
0 0.32572115384615385 0.6057692307692307 0.052884615384615384 0.052884615384615384
0 0.2608173076923077 0.32572115384615385 0.052884615384615384 0.052884615384615384
0 0.7163461538461539 0.7151442307692307 0.052884615384615384 0.052884615384615384