0 0.32572115384615385 0.671875 0.04927884615384615 0.04927884615384615
0 0.2932692307692308 0.65625 0.04927884615384615 0.04927884615384615
0 0.2776442307692308 0.6742788461538461 0.04927884615384615 0.04927884615384615
0 0.2608173076923077 0.7259615384615384 0.04927884615384615 0.04927884615384615
0 0.28846153846153844 0.7163461538461539 0.04927884615384615 0.04927884615384615
0 0.32572115384615385 0.7079326923076923 0.04927884615384615 0.04927884615384615
0 0.390625 0.7355769230769231 0.04927884615384615 0.04927884615384615
0 0.41346153846153844 0.6454326923076923 0.04927884615384615 0.04927884615384615
0 0.43509615384615385 0.6322115384615384 0.04927884615384615 0.04927884615384615
0 0.45552884615384615 0.6117788461538461 0.04927884615384615 0.04927884615384615
0 0.43990384615384615 0.6862980769230769 0.04927884615384615 0.04927884615384615
0 0.46153846153846156 0.6802884615384616 0.04927884615384615 0.04927884615384615
0 0.4963942307692308 0.671875 0.04927884615384615 0.04927884615384615
0 0.5060096153846154 0.6574519230769231 0.04927884615384615 0.04927884615384615
0 0.5216346153846154 0.6442307692307693 0.04927884615384615 0.04927884615384615
0 0.4987980769230769 0.6298076923076923 0.04927884615384615 0.04927884615384615
0 0.5384615384615384 0.6274038461538461 0.04927884615384615 0.04927884615384615
0 0.5564903846153846 0.5600961538461539 0.04927884615384615 0.04927884615384615
0 0.5985576923076923 0.6057692307692307 0.04927884615384615 0.04927884615384615
0 0.6153846153846154 0.5516826923076923 0.04927884615384615 0.04927884615384615
0 0.6382211538461539 0.5961538461538461 0.04927884615384615 0.04927884615384615
0 0.6694711538461539 0.5817307692307693 0.04927884615384615 0.04927884615384615
0 0.7524038461538461 0.5540865384615384 0.04927884615384615 0.04927884615384615
0 0.7788461538461539 0.5108173076923077 0.04927884615384615 0.04927884615384615
0 0.8545673076923077 0.5072115384615384 0.04927884615384615 0.04927884615384615
0 0.8918269230769231 0.47596153846153844 0.04927884615384615 0.04927884615384615
0 0.9254807692307693 0.40865384615384615 0.04927884615384615 0.04927884615384615
0 0.7211538461538461 0.5288461538461539 0.04927884615384615 0.04927884615384615
0 0.203125 0.32572115384615385 0.04927884615384615 0.04927884615384615
0 0.21634615384615385 0.296875 0.04927884615384615 0.04927884615384615
0 0.4963942307692308 0.625 0.04927884615384615 0.04927884615384615