0 0.2668269230769231 0.13221153846153846 0.052884615384615384 0.052884615384615384
0 0.34615384615384615 0.16466346153846154 0.052884615384615384 0.052884615384615384
0 0.5649038461538461 0.054086538461538464 0.052884615384615384 0.052884615384615384
0 0.6201923076923077 0.15865384615384615 0.052884615384615384 0.052884615384615384
0 0.5769230769230769 0.3317307692307692 0.052884615384615384 0.052884615384615384
0 0.6442307692307693 0.3425480769230769 0.052884615384615384 0.052884615384615384
0 0.5612980769230769 0.43990384615384615 0.052884615384615384 0.052884615384615384
0 0.515625 0.48197115384615385 0.052884615384615384 0.052884615384615384
0 0.5649038461538461 0.6033653846153846 0.052884615384615384 0.052884615384615384
0 0.5204326923076923 0.5757211538461539 0.052884615384615384 0.052884615384615384
0 0.5973557692307693 0.6514423076923077 0.052884615384615384 0.052884615384615384
0 0.43509615384615385 0.6959134615384616 0.052884615384615384 0.052884615384615384
0 0.640625 0.8365384615384616 0.052884615384615384 0.052884615384615384
0 0.5973557692307693 0.9182692307692307 0.052884615384615384 0.052884615384615384
0 0.5865384615384616 0.9699519230769231 0.052884615384615384 0.052884615384615384
0 0.6129807692307693 0.9399038461538461 0.052884615384615384 0.052884615384615384
0 0.6274038461538461 0.5288461538461539 0.052884615384615384 0.052884615384615384
0 0.41346153846153844 0.11177884615384616 0.052884615384615384 0.052884615384615384