0 0.3401442307692308 0.7908653846153846 0.046875 0.046875
0 0.26802884615384615 0.7524038461538461 0.046875 0.046875
0 0.40384615384615385 0.6947115384615384 0.046875 0.046875
0 0.42788461538461536 0.7055288461538461 0.046875 0.046875
0 0.4411057692307692 0.6802884615384616 0.046875 0.046875
0 0.5120192307692307 0.5384615384615384 0.046875 0.046875
0 0.6598557692307693 0.4182692307692308 0.046875 0.046875
0 0.765625 0.4098557692307692 0.046875 0.046875
0 0.7992788461538461 0.33653846153846156 0.046875 0.046875
0 0.25961538461538464 0.8401442307692307 0.046875 0.046875
0 0.23197115384615385 0.8413461538461539 0.046875 0.046875
0 0.31971153846153844 0.84375 0.046875 0.046875