0 0.13221153846153846 0.4963942307692308 0.04927884615384615 0.04927884615384615
0 0.2439903846153846 0.47716346153846156 0.04927884615384615 0.04927884615384615
0 0.12980769230769232 0.5348557692307693 0.04927884615384615 0.04927884615384615
0 0.1971153846153846 0.5384615384615384 0.04927884615384615 0.04927884615384615
0 0.21033653846153846 0.5360576923076923 0.04927884615384615 0.04927884615384615
0 0.33533653846153844 0.4375 0.04927884615384615 0.04927884615384615
0 0.38221153846153844 0.41346153846153844 0.04927884615384615 0.04927884615384615
0 0.4110576923076923 0.484375 0.04927884615384615 0.04927884615384615
0 0.45072115384615385 0.44711538461538464 0.04927884615384615 0.04927884615384615
0 0.5132211538461539 0.4338942307692308 0.04927884615384615 0.04927884615384615
0 0.4807692307692308 0.43509615384615385 0.04927884615384615 0.04927884615384615
0 0.5024038461538461 0.4735576923076923 0.04927884615384615 0.04927884615384615
0 0.5288461538461539 0.47115384615384615 0.04927884615384615 0.04927884615384615
0 0.5600961538461539 0.47115384615384615 0.04927884615384615 0.04927884615384615
0 0.5757211538461539 0.47836538461538464 0.04927884615384615 0.04927884615384615
0 0.6346153846153846 0.4639423076923077 0.04927884615384615 0.04927884615384615
0 0.6430288461538461 0.48677884615384615 0.04927884615384615 0.04927884615384615
0 0.6947115384615384 0.5060096153846154 0.04927884615384615 0.04927884615384615
0 0.7115384615384616 0.5180288461538461 0.04927884615384615 0.04927884615384615
0 0.8533653846153846 0.5216346153846154 0.04927884615384615 0.04927884615384615
0 0.8798076923076923 0.5396634615384616 0.04927884615384615 0.04927884615384615
0 0.8846153846153846 0.5649038461538461 0.04927884615384615 0.04927884615384615
0 0.6742788461538461 0.5072115384615384 0.04927884615384615 0.04927884615384615
0 0.3329326923076923 0.48197115384615385 0.04927884615384615 0.04927884615384615
0 0.9122596153846154 0.7247596153846154 0.04927884615384615 0.04927884615384615
0 0.6658653846153846 0.13701923076923078 0.04927884615384615 0.04927884615384615
0 0.7680288461538461 0.18028846153846154 0.04927884615384615 0.04927884615384615
0 0.7307692307692307 0.09615384615384616 0.04927884615384615 0.04927884615384615
0 0.6598557692307693 0.078125 0.04927884615384615 0.04927884615384615