0 0.2764423076923077 0.14302884615384615 0.052884615384615384 0.052884615384615384
0 0.35697115384615385 0.14182692307692307 0.052884615384615384 0.052884615384615384
0 0.5853365384615384 0.08052884615384616 0.052884615384615384 0.052884615384615384
0 0.6550480769230769 0.22596153846153846 0.052884615384615384 0.052884615384615384
0 0.5901442307692307 0.35336538461538464 0.052884615384615384 0.052884615384615384
0 0.6899038461538461 0.35697115384615385 0.052884615384615384 0.052884615384615384
0 0.6069711538461539 0.4387019230769231 0.052884615384615384 0.052884615384615384
0 0.5853365384615384 0.6478365384615384 0.052884615384615384 0.052884615384615384
0 0.5300480769230769 0.6262019230769231 0.052884615384615384 0.052884615384615384
0 0.6274038461538461 0.7524038461538461 0.052884615384615384 0.052884615384615384
0 0.609375 0.7740384615384616 0.052884615384615384 0.052884615384615384
0 0.6322115384615384 0.9122596153846154 0.052884615384615384 0.052884615384615384
0 0.6262019230769231 0.8365384615384616 0.052884615384615384 0.052884615384615384
0 0.41466346153846156 0.1310096153846154 0.052884615384615384 0.052884615384615384
0 0.5661057692307693 0.33653846153846156 0.052884615384615384 0.052884615384615384
0 0.6117788461538461 0.6274038461538461 0.052884615384615384 0.052884615384615384
0 0.7007211538461539 0.41947115384615385 0.052884615384615384 0.052884615384615384