0 0.8846153846153846 0.28725961538461536 0.046875 0.046875
0 0.7319711538461539 0.38461538461538464 0.046875 0.046875
0 0.6814903846153846 0.421875 0.046875 0.046875
0 0.6971153846153846 0.49759615384615385 0.046875 0.046875
0 0.6538461538461539 0.5096153846153846 0.046875 0.046875
0 0.6189903846153846 0.45552884615384615 0.046875 0.046875
0 0.6069711538461539 0.5336538461538461 0.046875 0.046875
0 0.5961538461538461 0.5072115384615384 0.046875 0.046875
0 0.5721153846153846 0.47836538461538464 0.046875 0.046875
0 0.5492788461538461 0.546875 0.046875 0.046875
0 0.48677884615384615 0.5913461538461539 0.046875 0.046875
0 0.46274038461538464 0.5649038461538461 0.046875 0.046875
0 0.43509615384615385 0.6322115384615384 0.046875 0.046875
0 0.39903846153846156 0.6526442307692307 0.046875 0.046875
0 0.2848557692307692 0.6382211538461539 0.046875 0.046875
0 0.16947115384615385 0.8774038461538461 0.046875 0.046875
0 0.10697115384615384 0.8497596153846154 0.046875 0.046875
0 0.11538461538461539 0.96875 0.046875 0.046875
0 0.7475961538461539 0.41586538461538464 0.046875 0.046875
0 0.8882211538461539 0.34615384615384615 0.046875 0.046875