0 0.22115384615384615 0.8413461538461539 0.046875 0.046875
0 0.14302884615384615 0.8725961538461539 0.046875 0.046875
0 0.1502403846153846 0.7475961538461539 0.046875 0.046875
0 0.15985576923076922 0.6971153846153846 0.046875 0.046875
0 0.1658653846153846 0.6322115384615384 0.046875 0.046875
0 0.2091346153846154 0.5685096153846154 0.046875 0.046875
0 0.2283653846153846 0.5336538461538461 0.046875 0.046875
0 0.27403846153846156 0.578125 0.046875 0.046875
0 0.30288461538461536 0.5072115384615384 0.046875 0.046875
0 0.27403846153846156 0.5192307692307693 0.046875 0.046875
0 0.34975961538461536 0.4182692307692308 0.046875 0.046875
0 0.29927884615384615 0.33052884615384615 0.046875 0.046875
0 0.30288461538461536 0.296875 0.046875 0.046875
0 0.390625 0.171875 0.046875 0.046875
0 0.40384615384615385 0.25961538461538464 0.046875 0.046875
0 0.30649038461538464 0.38100961538461536 0.046875 0.046875
0 0.5877403846153846 0.36538461538461536 0.046875 0.046875
0 0.6189903846153846 0.40024038461538464 0.046875 0.046875
0 0.6069711538461539 0.37259615384615385 0.046875 0.046875
0 0.5997596153846154 0.5024038461538461 0.046875 0.046875
0 0.5865384615384616 0.5252403846153846 0.046875 0.046875
0 0.5817307692307693 0.546875 0.046875 0.046875
0 0.6033653846153846 0.5757211538461539 0.046875 0.046875
0 0.6538461538461539 0.5492788461538461 0.046875 0.046875
0 0.5865384615384616 0.6430288461538461 0.046875 0.046875
0 0.6225961538461539 0.7055288461538461 0.046875 0.046875
0 0.6069711538461539 0.6274038461538461 0.046875 0.046875
0 0.6586538461538461 0.5036057692307693 0.046875 0.046875
0 0.7379807692307693 0.49278846153846156 0.046875 0.046875
0 0.7283653846153846 0.5060096153846154 0.046875 0.046875
0 0.7836538461538461 0.49399038461538464 0.046875 0.046875
0 0.7632211538461539 0.5408653846153846 0.046875 0.046875
0 0.8569711538461539 0.5444711538461539 0.046875 0.046875
0 0.8617788461538461 0.5817307692307693 0.046875 0.046875
0 0.9471153846153846 0.5588942307692307 0.046875 0.046875
0 0.7283653846153846 0.45072115384615385 0.046875 0.046875
0 0.234375 0.6838942307692307 0.046875 0.046875