0 0.6153846153846154 0.026442307692307692 0.03485576923076923 0.03485576923076923
0 0.640625 0.08653846153846154 0.03485576923076923 0.03485576923076923
0 0.7055288461538461 0.12139423076923077 0.03485576923076923 0.03485576923076923
0 0.7740384615384616 0.16466346153846154 0.03485576923076923 0.03485576923076923
0 0.5769230769230769 0.33052884615384615 0.03485576923076923 0.03485576923076923
0 0.5733173076923077 0.36538461538461536 0.03485576923076923 0.03485576923076923
0 0.5889423076923077 0.39783653846153844 0.03485576923076923 0.03485576923076923
0 0.5216346153846154 0.49158653846153844 0.03485576923076923 0.03485576923076923
0 0.5661057692307693 0.546875 0.03485576923076923 0.03485576923076923
0 0.5276442307692307 0.6213942307692307 0.03485576923076923 0.03485576923076923
0 0.5204326923076923 0.5889423076923077 0.03485576923076923 0.03485576923076923
0 0.5036057692307693 0.5637019230769231 0.03485576923076923 0.03485576923076923
0 0.5084134615384616 0.7379807692307693 0.03485576923076923 0.03485576923076923
0 0.5060096153846154 0.8088942307692307 0.03485576923076923 0.03485576923076923
0 0.5288461538461539 0.8245192307692307 0.03485576923076923 0.03485576923076923
0 0.45552884615384615 0.8966346153846154 0.03485576923076923 0.03485576923076923
0 0.5 0.9086538461538461 0.03485576923076923 0.03485576923076923
0 0.4519230769230769 0.8461538461538461 0.03485576923076923 0.03485576923076923
0 0.5685096153846154 0.43990384615384615 0.03485576923076923 0.03485576923076923