0 0.06009615384615385 0.9086538461538461 0.08653846153846154 0.08653846153846154
0 0.08052884615384616 0.8401442307692307 0.08653846153846154 0.08653846153846154
0 0.15865384615384615 0.8004807692307693 0.08653846153846154 0.08653846153846154
0 0.15264423076923078 0.765625 0.08653846153846154 0.08653846153846154
0 0.16947115384615385 0.6947115384615384 0.08653846153846154 0.08653846153846154
0 0.20552884615384615 0.7475961538461539 0.08653846153846154 0.08653846153846154
0 0.2127403846153846 0.7211538461538461 0.08653846153846154 0.08653846153846154
0 0.22115384615384615 0.6899038461538461 0.08653846153846154 0.08653846153846154
0 0.21153846153846154 0.6658653846153846 0.08653846153846154 0.08653846153846154
0 0.27884615384615385 0.6370192307692307 0.08653846153846154 0.08653846153846154
0 0.27884615384615385 0.6622596153846154 0.08653846153846154 0.08653846153846154
0 0.3245192307692308 0.6225961538461539 0.08653846153846154 0.08653846153846154
0 0.34615384615384615 0.625 0.08653846153846154 0.08653846153846154
0 0.42427884615384615 0.5757211538461539 0.08653846153846154 0.08653846153846154
0 0.5276442307692307 0.53125 0.08653846153846154 0.08653846153846154
0 0.515625 0.5072115384615384 0.08653846153846154 0.08653846153846154
0 0.5625 0.47115384615384615 0.08653846153846154 0.08653846153846154
0 0.6430288461538461 0.45072115384615385 0.08653846153846154 0.08653846153846154
0 0.6899038461538461 0.40024038461538464 0.08653846153846154 0.08653846153846154
0 0.6694711538461539 0.36899038461538464 0.08653846153846154 0.08653846153846154
0 0.6117788461538461 0.45072115384615385 0.08653846153846154 0.08653846153846154
0 0.5877403846153846 0.44350961538461536 0.08653846153846154 0.08653846153846154
0 0.7439903846153846 0.34615384615384615 0.08653846153846154 0.08653846153846154
0 0.7475961538461539 0.30288461538461536 0.08653846153846154 0.08653846153846154
0 0.7872596153846154 0.25600961538461536 0.08653846153846154 0.08653846153846154
0 0.8028846153846154 0.18509615384615385 0.08653846153846154 0.08653846153846154
0 0.8569711538461539 0.1935096153846154 0.08653846153846154 0.08653846153846154
0 0.8221153846153846 0.11899038461538461 0.08653846153846154 0.08653846153846154
0 0.8713942307692307 0.12740384615384615 0.08653846153846154 0.08653846153846154
0 0.8185096153846154 0.34615384615384615 0.08653846153846154 0.08653846153846154
0 0.8413461538461539 0.37740384615384615 0.08653846153846154 0.08653846153846154
0 0.7992788461538461 0.43149038461538464 0.08653846153846154 0.08653846153846154
0 0.8064903846153846 0.44711538461538464 0.08653846153846154 0.08653846153846154
0 0.7992788461538461 0.5180288461538461 0.08653846153846154 0.08653846153846154
0 0.7908653846153846 0.48197115384615385 0.08653846153846154 0.08653846153846154
0 0.8257211538461539 0.47836538461538464 0.08653846153846154 0.08653846153846154
0 0.7752403846153846 0.5913461538461539 0.08653846153846154 0.08653846153846154
0 0.7836538461538461 0.6153846153846154 0.08653846153846154 0.08653846153846154
0 0.7872596153846154 0.6382211538461539 0.08653846153846154 0.08653846153846154
0 0.8341346153846154 0.6069711538461539 0.08653846153846154 0.08653846153846154
0 0.8341346153846154 0.6586538461538461 0.08653846153846154 0.08653846153846154
0 0.8461538461538461 0.5492788461538461 0.08653846153846154 0.08653846153846154
0 0.8221153846153846 0.6814903846153846 0.08653846153846154 0.08653846153846154
0 0.7680288461538461 0.6742788461538461 0.08653846153846154 0.08653846153846154
0 0.7836538461538461 0.6935096153846154 0.08653846153846154 0.08653846153846154
0 0.8064903846153846 0.7319711538461539 0.08653846153846154 0.08653846153846154
0 0.8149038461538461 0.7836538461538461 0.08653846153846154 0.08653846153846154
0 0.7716346153846154 0.8377403846153846 0.08653846153846154 0.08653846153846154
0 0.7403846153846154 0.8725961538461539 0.08653846153846154 0.08653846153846154
0 0.7716346153846154 0.9399038461538461 0.08653846153846154 0.08653846153846154