0 0.8052884615384616 0.16826923076923078 0.04927884615384615 0.04927884615384615
0 0.6670673076923077 0.19471153846153846 0.04927884615384615 0.04927884615384615
0 0.6670673076923077 0.28125 0.04927884615384615 0.04927884615384615
0 0.6862980769230769 0.31009615384615385 0.04927884615384615 0.04927884615384615
0 0.7487980769230769 0.28365384615384615 0.04927884615384615 0.04927884615384615
0 0.7620192307692307 0.2091346153846154 0.04927884615384615 0.04927884615384615
0 0.7644230769230769 0.23798076923076922 0.04927884615384615 0.04927884615384615
0 0.7896634615384616 0.25721153846153844 0.04927884615384615 0.04927884615384615
0 0.6009615384615384 0.31850961538461536 0.04927884615384615 0.04927884615384615
0 0.546875 0.23197115384615385 0.04927884615384615 0.04927884615384615
0 0.5757211538461539 0.24759615384615385 0.04927884615384615 0.04927884615384615
0 0.3942307692307692 0.18629807692307693 0.04927884615384615 0.04927884615384615
0 0.4050480769230769 0.31850961538461536 0.04927884615384615 0.04927884615384615
0 0.4483173076923077 0.33533653846153844 0.04927884615384615 0.04927884615384615
0 0.453125 0.21634615384615385 0.04927884615384615 0.04927884615384615
0 0.5540865384615384 0.3233173076923077 0.04927884615384615 0.04927884615384615
0 0.7319711538461539 0.5144230769230769 0.04927884615384615 0.04927884615384615
0 0.78125 0.4675480769230769 0.04927884615384615 0.04927884615384615
0 0.8076923076923077 0.5661057692307693 0.04927884615384615 0.04927884615384615
0 0.8137019230769231 0.6177884615384616 0.04927884615384615 0.04927884615384615
0 0.7367788461538461 0.640625 0.04927884615384615 0.04927884615384615
0 0.6742788461538461 0.78125 0.04927884615384615 0.04927884615384615
0 0.6346153846153846 0.8245192307692307 0.04927884615384615 0.04927884615384615
0 0.7524038461538461 0.8341346153846154 0.04927884615384615 0.04927884615384615
0 0.7247596153846154 0.7944711538461539 0.04927884615384615 0.04927884615384615
0 0.7415865384615384 0.7776442307692307 0.04927884615384615 0.04927884615384615
0 0.8137019230769231 0.8317307692307693 0.04927884615384615 0.04927884615384615
0 0.6262019230769231 0.9242788461538461 0.04927884615384615 0.04927884615384615