0 0.6911057692307693 0.6009615384615384 0.04927884615384615 0.04927884615384615
0 0.7235576923076923 0.44591346153846156 0.04927884615384615 0.04927884615384615
0 0.7439903846153846 0.5 0.04927884615384615 0.04927884615384615
0 0.6971153846153846 0.4567307692307692 0.04927884615384615 0.04927884615384615
0 0.6682692307692307 0.4110576923076923 0.04927884615384615 0.04927884615384615
0 0.6574519230769231 0.3557692307692308 0.04927884615384615 0.04927884615384615
0 0.6742788461538461 0.3173076923076923 0.04927884615384615 0.04927884615384615
0 0.7139423076923077 0.31971153846153844 0.04927884615384615 0.04927884615384615
0 0.7091346153846154 0.28365384615384615 0.04927884615384615 0.04927884615384615
0 0.6814903846153846 0.27163461538461536 0.04927884615384615 0.04927884615384615
0 0.7211538461538461 0.24519230769230768 0.04927884615384615 0.04927884615384615
0 0.24639423076923078 0.09375 0.04927884615384615 0.04927884615384615
0 0.21634615384615385 0.15384615384615385 0.04927884615384615 0.04927884615384615
0 0.2980769230769231 0.15745192307692307 0.04927884615384615 0.04927884615384615
0 0.30528846153846156 0.17307692307692307 0.04927884615384615 0.04927884615384615
0 0.3125 0.19591346153846154 0.04927884615384615 0.04927884615384615
0 0.3293269230769231 0.3137019230769231 0.04927884615384615 0.04927884615384615
0 0.3112980769230769 0.45072115384615385 0.04927884615384615 0.04927884615384615
0 0.3918269230769231 0.4182692307692308 0.04927884615384615 0.04927884615384615
0 0.39903846153846156 0.37740384615384615 0.04927884615384615 0.04927884615384615
0 0.38341346153846156 0.46875 0.04927884615384615 0.04927884615384615
0 0.4170673076923077 0.47115384615384615 0.04927884615384615 0.04927884615384615
0 0.34134615384615385 0.5012019230769231 0.04927884615384615 0.04927884615384615
0 0.3425480769230769 0.5444711538461539 0.04927884615384615 0.04927884615384615
0 0.3485576923076923 0.5625 0.04927884615384615 0.04927884615384615
0 0.3545673076923077 0.5877403846153846 0.04927884615384615 0.04927884615384615
0 0.38341346153846156 0.5805288461538461 0.04927884615384615 0.04927884615384615
0 0.39903846153846156 0.6262019230769231 0.04927884615384615 0.04927884615384615
0 0.47115384615384615 0.7451923076923077 0.04927884615384615 0.04927884615384615
0 0.43509615384615385 0.6550480769230769 0.04927884615384615 0.04927884615384615
0 0.7067307692307693 0.20072115384615385 0.04927884615384615 0.04927884615384615