0 0.4891826923076923 0.9471153846153846 0.04326923076923077 0.04326923076923077
0 0.46274038461538464 0.9098557692307693 0.04326923076923077 0.04326923076923077
0 0.45072115384615385 0.8653846153846154 0.04326923076923077 0.04326923076923077
0 0.49278846153846156 0.8497596153846154 0.04326923076923077 0.04326923076923077
0 0.5216346153846154 0.8858173076923077 0.04326923076923077 0.04326923076923077
0 0.5504807692307693 0.8990384615384616 0.04326923076923077 0.04326923076923077
0 0.4579326923076923 0.8185096153846154 0.04326923076923077 0.04326923076923077
0 0.47475961538461536 0.7776442307692307 0.04326923076923077 0.04326923076923077
0 0.47475961538461536 0.7259615384615384 0.04326923076923077 0.04326923076923077
0 0.41346153846153844 0.7836538461538461 0.04326923076923077 0.04326923076923077
0 0.40384615384615385 0.7127403846153846 0.04326923076923077 0.04326923076923077
0 0.40384615384615385 0.6586538461538461 0.04326923076923077 0.04326923076923077
0 0.45552884615384615 0.6550480769230769 0.04326923076923077 0.04326923076923077
0 0.3762019230769231 0.5745192307692307 0.04326923076923077 0.04326923076923077
0 0.4110576923076923 0.5384615384615384 0.04326923076923077 0.04326923076923077
0 0.4326923076923077 0.5600961538461539 0.04326923076923077 0.04326923076923077
0 0.39302884615384615 0.5540865384615384 0.04326923076923077 0.04326923076923077
0 0.34615384615384615 0.5240384615384616 0.04326923076923077 0.04326923076923077
0 0.31971153846153844 0.4987980769230769 0.04326923076923077 0.04326923076923077
0 0.2512019230769231 0.4411057692307692 0.04326923076923077 0.04326923076923077
0 0.2512019230769231 0.38221153846153844 0.04326923076923077 0.04326923076923077
0 0.28846153846153844 0.42427884615384615 0.04326923076923077 0.04326923076923077
0 0.32091346153846156 0.47716346153846156 0.04326923076923077 0.04326923076923077
0 0.171875 0.4050480769230769 0.04326923076923077 0.04326923076923077
0 0.20793269230769232 0.3317307692307692 0.04326923076923077 0.04326923076923077
0 0.1778846153846154 0.27884615384615385 0.04326923076923077 0.04326923076923077
0 0.10096153846153846 0.27163461538461536 0.04326923076923077 0.04326923076923077
0 0.203125 0.18990384615384615 0.04326923076923077 0.04326923076923077
0 0.18028846153846154 0.20072115384615385 0.04326923076923077 0.04326923076923077
0 0.23677884615384615 0.1814903846153846 0.04326923076923077 0.04326923076923077
0 0.3004807692307692 0.21995192307692307 0.04326923076923077 0.04326923076923077
0 0.2920673076923077 0.18629807692307693 0.04326923076923077 0.04326923076923077
0 0.2848557692307692 0.16346153846153846 0.04326923076923077 0.04326923076923077
0 0.34134615384615385 0.22596153846153846 0.04326923076923077 0.04326923076923077
0 0.3858173076923077 0.23798076923076922 0.04326923076923077 0.04326923076923077
0 0.38822115384615385 0.21153846153846154 0.04326923076923077 0.04326923076923077
0 0.484375 0.20552884615384615 0.04326923076923077 0.04326923076923077
0 0.5180288461538461 0.22115384615384615 0.04326923076923077 0.04326923076923077
0 0.5420673076923077 0.2091346153846154 0.04326923076923077 0.04326923076923077
0 0.5048076923076923 0.16105769230769232 0.04326923076923077 0.04326923076923077
0 0.5336538461538461 0.15865384615384615 0.04326923076923077 0.04326923076923077
0 0.5865384615384616 0.18509615384615385 0.04326923076923077 0.04326923076923077
0 0.6334134615384616 0.16826923076923078 0.04326923076923077 0.04326923076923077
0 0.65625 0.14302884615384615 0.04326923076923077 0.04326923076923077
0 0.6935096153846154 0.18509615384615385 0.04326923076923077 0.04326923076923077
0 0.7163461538461539 0.16466346153846154 0.04326923076923077 0.04326923076923077
0 0.6586538461538461 0.18990384615384615 0.04326923076923077 0.04326923076923077
0 0.7355769230769231 0.14903846153846154 0.04326923076923077 0.04326923076923077
0 0.7295673076923077 0.10096153846153846 0.04326923076923077 0.04326923076923077
0 0.7487980769230769 0.0829326923076923 0.04326923076923077 0.04326923076923077
0 0.7884615384615384 0.12620192307692307 0.04326923076923077 0.04326923076923077
0 0.8076923076923077 0.1141826923076923 0.04326923076923077 0.04326923076923077
0 0.8076923076923077 0.06490384615384616 0.04326923076923077 0.04326923076923077
0 0.7788461538461539 0.14302884615384615 0.04326923076923077 0.04326923076923077
0 0.8509615384615384 0.12259615384615384 0.04326923076923077 0.04326923076923077
0 0.8629807692307693 0.09134615384615384 0.04326923076923077 0.04326923076923077
0 0.8569711538461539 0.05048076923076923 0.04326923076923077 0.04326923076923077
0 0.8894230769230769 0.03485576923076923 0.04326923076923077 0.04326923076923077
0 0.5757211538461539 0.17307692307692307 0.04326923076923077 0.04326923076923077
0 0.6045673076923077 0.14302884615384615 0.04326923076923077 0.04326923076923077
0 0.4543269230769231 0.15985576923076922 0.04326923076923077 0.04326923076923077
0 0.4338942307692308 0.171875 0.04326923076923077 0.04326923076923077
0 0.9783653846153846 0.027644230769230768 0.04326923076923077 0.04326923076923077
0 0.9579326923076923 0.0625 0.04326923076923077 0.04326923076923077
0 0.9314903846153846 0.08413461538461539 0.04326923076923077 0.04326923076923077
0 0.15865384615384615 0.4387019230769231 0.04326923076923077 0.04326923076923077
0 0.11177884615384616 0.41586538461538464 0.04326923076923077 0.04326923076923077
0 0.42427884615384615 0.6610576923076923 0.04326923076923077 0.04326923076923077