0 0.3173076923076923 0.8569711538461539 0.04326923076923077 0.04326923076923077
0 0.28846153846153844 0.8149038461538461 0.04326923076923077 0.04326923076923077
0 0.27403846153846156 0.8581730769230769 0.04326923076923077 0.04326923076923077
0 0.4411057692307692 0.7980769230769231 0.04326923076923077 0.04326923076923077
0 0.49038461538461536 0.7920673076923077 0.04326923076923077 0.04326923076923077
0 0.4567307692307692 0.7355769230769231 0.04326923076923077 0.04326923076923077
0 0.41225961538461536 0.7524038461538461 0.04326923076923077 0.04326923076923077
0 0.5240384615384616 0.7367788461538461 0.04326923076923077 0.04326923076923077
0 0.48677884615384615 0.6850961538461539 0.04326923076923077 0.04326923076923077
0 0.5120192307692307 0.6610576923076923 0.04326923076923077 0.04326923076923077
0 0.5540865384615384 0.6442307692307693 0.04326923076923077 0.04326923076923077
0 0.5865384615384616 0.6213942307692307 0.04326923076923077 0.04326923076923077
0 0.5913461538461539 0.6478365384615384 0.04326923076923077 0.04326923076923077
0 0.5480769230769231 0.6887019230769231 0.04326923076923077 0.04326923076923077
0 0.6274038461538461 0.6069711538461539 0.04326923076923077 0.04326923076923077
0 0.7199519230769231 0.6177884615384616 0.04326923076923077 0.04326923076923077
0 0.6754807692307693 0.5024038461538461 0.04326923076923077 0.04326923076923077
0 0.6802884615384616 0.4807692307692308 0.04326923076923077 0.04326923076923077
0 0.7487980769230769 0.5060096153846154 0.04326923076923077 0.04326923076923077
0 0.7680288461538461 0.4795673076923077 0.04326923076923077 0.04326923076923077
0 0.7788461538461539 0.4483173076923077 0.04326923076923077 0.04326923076923077
0 0.7295673076923077 0.43149038461538464 0.04326923076923077 0.04326923076923077
0 0.7211538461538461 0.53125 0.04326923076923077 0.04326923076923077
0 0.7632211538461539 0.40625 0.04326923076923077 0.04326923076923077
0 0.8112980769230769 0.31850961538461536 0.04326923076923077 0.04326923076923077
0 0.8052884615384616 0.3701923076923077 0.04326923076923077 0.04326923076923077
0 0.7487980769230769 0.32572115384615385 0.04326923076923077 0.04326923076923077
0 0.7487980769230769 0.2644230769230769 0.04326923076923077 0.04326923076923077
0 0.7259615384615384 0.10817307692307693 0.04326923076923077 0.04326923076923077
0 0.7944711538461539 0.22355769230769232 0.04326923076923077 0.04326923076923077
0 0.7836538461538461 0.19831730769230768 0.04326923076923077 0.04326923076923077
0 0.7740384615384616 0.1466346153846154 0.04326923076923077 0.04326923076923077
0 0.203125 0.8725961538461539 0.04326923076923077 0.04326923076923077
0 0.22235576923076922 0.8834134615384616 0.04326923076923077 0.04326923076923077
0 0.7680288461538461 0.08774038461538461 0.04326923076923077 0.04326923076923077
0 0.765625 0.046875 0.04326923076923077 0.04326923076923077
0 0.8076923076923077 0.007211538461538462 0.04326923076923077 0.014423076923076924
0 0.8449519230769231 0.06971153846153846 0.04326923076923077 0.04326923076923077