0 0.9314903846153846 0.3713942307692308 0.037259615384615384 0.037259615384615384
0 0.8461538461538461 0.40384615384615385 0.037259615384615384 0.037259615384615384
0 0.8341346153846154 0.36778846153846156 0.037259615384615384 0.037259615384615384
0 0.8185096153846154 0.4026442307692308 0.037259615384615384 0.037259615384615384
0 0.7980769230769231 0.4050480769230769 0.037259615384615384 0.037259615384615384
0 0.7560096153846154 0.36658653846153844 0.037259615384615384 0.037259615384615384
0 0.7944711538461539 0.35096153846153844 0.037259615384615384 0.037259615384615384
0 0.7956730769230769 0.3293269230769231 0.037259615384615384 0.037259615384615384
0 0.7788461538461539 0.31490384615384615 0.037259615384615384 0.037259615384615384
0 0.7596153846153846 0.3161057692307692 0.037259615384615384 0.037259615384615384
0 0.7115384615384616 0.33653846153846156 0.037259615384615384 0.037259615384615384
0 0.6850961538461539 0.33653846153846156 0.037259615384615384 0.037259615384615384
0 0.6814903846153846 0.36177884615384615 0.037259615384615384 0.037259615384615384
0 0.6526442307692307 0.33653846153846156 0.037259615384615384 0.037259615384615384
0 0.6394230769230769 0.3173076923076923 0.037259615384615384 0.037259615384615384
0 0.6466346153846154 0.28365384615384615 0.037259615384615384 0.037259615384615384
0 0.6069711538461539 0.28846153846153844 0.037259615384615384 0.037259615384615384
0 0.5733173076923077 0.27403846153846156 0.037259615384615384 0.037259615384615384
0 0.5456730769230769 0.2403846153846154 0.037259615384615384 0.037259615384615384
0 0.5336538461538461 0.21634615384615385 0.037259615384615384 0.037259615384615384
0 0.5649038461538461 0.2091346153846154 0.037259615384615384 0.037259615384615384
0 0.49278846153846156 0.17908653846153846 0.037259615384615384 0.037259615384615384
0 0.6189903846153846 0.23197115384615385 0.037259615384615384 0.037259615384615384
0 0.5252403846153846 0.16706730769230768 0.037259615384615384 0.037259615384615384
0 0.5144230769230769 0.15504807692307693 0.037259615384615384 0.037259615384615384
0 0.5228365384615384 0.12740384615384615 0.037259615384615384 0.037259615384615384
0 0.5492788461538461 0.09134615384615384 0.037259615384615384 0.037259615384615384
0 0.47836538461538464 0.12259615384615384 0.037259615384615384 0.037259615384615384
0 0.5288461538461539 0.06009615384615385 0.037259615384615384 0.037259615384615384
0 0.5829326923076923 0.16706730769230768 0.037259615384615384 0.037259615384615384
0 0.6021634615384616 0.21754807692307693 0.037259615384615384 0.037259615384615384
0 0.5600961538461539 0.13341346153846154 0.037259615384615384 0.037259615384615384
0 0.8461538461538461 0.6814903846153846 0.037259615384615384 0.037259615384615384
0 0.8966346153846154 0.6742788461538461 0.037259615384615384 0.037259615384615384
0 0.8377403846153846 0.7007211538461539 0.037259615384615384 0.037259615384615384
0 0.828125 0.7175480769230769 0.037259615384615384 0.037259615384615384
0 0.9134615384615384 0.8161057692307693 0.037259615384615384 0.037259615384615384
0 0.9314903846153846 0.8449519230769231 0.037259615384615384 0.037259615384615384
0 0.9122596153846154 0.8677884615384616 0.037259615384615384 0.037259615384615384
0 0.9158653846153846 0.9086538461538461 0.037259615384615384 0.037259615384615384
0 0.9338942307692307 0.9242788461538461 0.037259615384615384 0.037259615384615384
0 0.9711538461538461 0.96875 0.037259615384615384 0.037259615384615384
0 0.8257211538461539 0.8257211538461539 0.037259615384615384 0.037259615384615384
0 0.8413461538461539 0.8112980769230769 0.037259615384615384 0.037259615384615384
0 0.8677884615384616 0.8100961538461539 0.037259615384615384 0.037259615384615384
0 0.8413461538461539 0.8846153846153846 0.037259615384615384 0.037259615384615384
0 0.8762019230769231 0.9026442307692307 0.037259615384615384 0.037259615384615384
0 0.8653846153846154 0.9278846153846154 0.037259615384615384 0.037259615384615384
0 0.828125 0.9447115384615384 0.037259615384615384 0.037259615384615384
0 0.8305288461538461 0.9086538461538461 0.037259615384615384 0.037259615384615384
0 0.8701923076923077 0.9759615384615384 0.037259615384615384 0.037259615384615384
0 0.7524038461538461 0.640625 0.037259615384615384 0.037259615384615384
0 0.7596153846153846 0.6706730769230769 0.037259615384615384 0.037259615384615384
0 0.6935096153846154 0.6322115384615384 0.037259615384615384 0.037259615384615384
0 0.6466346153846154 0.7055288461538461 0.037259615384615384 0.037259615384615384
0 0.5625 0.7067307692307693 0.037259615384615384 0.037259615384615384
0 0.5228365384615384 0.7115384615384616 0.037259615384615384 0.037259615384615384
0 0.49038461538461536 0.7680288461538461 0.037259615384615384 0.037259615384615384
0 0.45552884615384615 0.6983173076923077 0.037259615384615384 0.037259615384615384
0 0.37740384615384615 0.7403846153846154 0.037259615384615384 0.037259615384615384
0 0.36177884615384615 0.7932692307692307 0.037259615384615384 0.037259615384615384
0 0.33413461538461536 0.7463942307692307 0.037259615384615384 0.037259615384615384
0 0.40024038461538464 0.7740384615384616 0.037259615384615384 0.037259615384615384
0 0.30649038461538464 0.765625 0.037259615384615384 0.037259615384615384
0 0.34134615384615385 0.8052884615384616 0.037259615384615384 0.037259615384615384
0 0.2091346153846154 0.7908653846153846 0.037259615384615384 0.037259615384615384
0 0.18028846153846154 0.8161057692307693 0.037259615384615384 0.037259615384615384
0 0.0985576923076923 0.8413461538461539 0.037259615384615384 0.037259615384615384
0 0.10336538461538461 0.8665865384615384 0.037259615384615384 0.037259615384615384
0 0.0889423076923077 0.8810096153846154 0.037259615384615384 0.037259615384615384
0 0.06850961538461539 0.875 0.037259615384615384 0.037259615384615384
0 0.15384615384615385 0.8473557692307693 0.037259615384615384 0.037259615384615384
0 0.41225961538461536 0.7127403846153846 0.037259615384615384 0.037259615384615384
0 0.40384615384615385 0.7211538461538461 0.037259615384615384 0.037259615384615384
0 0.3629807692307692 0.7175480769230769 0.037259615384615384 0.037259615384615384
0 0.3918269230769231 0.6814903846153846 0.037259615384615384 0.037259615384615384
0 0.36899038461538464 0.6694711538461539 0.037259615384615384 0.037259615384615384
0 0.33413461538461536 0.6778846153846154 0.037259615384615384 0.037259615384615384
0 0.31490384615384615 0.6658653846153846 0.037259615384615384 0.037259615384615384
0 0.2439903846153846 0.6394230769230769 0.037259615384615384 0.037259615384615384
0 0.2283653846153846 0.6310096153846154 0.037259615384615384 0.037259615384615384
0 0.2127403846153846 0.6310096153846154 0.037259615384615384 0.037259615384615384
0 0.47836538461538464 0.6850961538461539 0.037259615384615384 0.037259615384615384
0 0.28725961538461536 0.7908653846153846 0.037259615384615384 0.037259615384615384
0 0.19471153846153846 0.6225961538461539 0.037259615384615384 0.037259615384615384
0 0.17427884615384615 0.6177884615384616 0.037259615384615384 0.037259615384615384
0 0.1622596153846154 0.6033653846153846 0.037259615384615384 0.037259615384615384
0 0.28725961538461536 0.6502403846153846 0.037259615384615384 0.037259615384615384