0 0.018028846153846152 0.5877403846153846 0.03485576923076923 0.04927884615384615
0 0.037259615384615384 0.49038461538461536 0.04927884615384615 0.04927884615384615
0 0.057692307692307696 0.5060096153846154 0.04927884615384615 0.04927884615384615
0 0.09134615384615384 0.5709134615384616 0.04927884615384615 0.04927884615384615
0 0.15985576923076922 0.5300480769230769 0.04927884615384615 0.04927884615384615
0 0.14423076923076922 0.5625 0.04927884615384615 0.04927884615384615
0 0.23798076923076922 0.5024038461538461 0.04927884615384615 0.04927884615384615
0 0.3701923076923077 0.6550480769230769 0.04927884615384615 0.04927884615384615
0 0.36177884615384615 0.5697115384615384 0.04927884615384615 0.04927884615384615
0 0.4098557692307692 0.5901442307692307 0.04927884615384615 0.04927884615384615
0 0.41947115384615385 0.6274038461538461 0.04927884615384615 0.04927884615384615
0 0.4423076923076923 0.6394230769230769 0.04927884615384615 0.04927884615384615
0 0.47115384615384615 0.6370192307692307 0.04927884615384615 0.04927884615384615
0 0.46153846153846156 0.5997596153846154 0.04927884615384615 0.04927884615384615
0 0.5516826923076923 0.5216346153846154 0.04927884615384615 0.04927884615384615
0 0.5096153846153846 0.5576923076923077 0.04927884615384615 0.04927884615384615
0 0.5685096153846154 0.5564903846153846 0.04927884615384615 0.04927884615384615
0 0.6598557692307693 0.5612980769230769 0.04927884615384615 0.04927884615384615
0 0.6586538461538461 0.47115384615384615 0.04927884615384615 0.04927884615384615
0 0.8617788461538461 0.4411057692307692 0.04927884615384615 0.04927884615384615
0 0.8064903846153846 0.3870192307692308 0.04927884615384615 0.04927884615384615
0 0.7668269230769231 0.43028846153846156 0.04927884615384615 0.04927884615384615
0 0.7896634615384616 0.46634615384615385 0.04927884615384615 0.04927884615384615
0 0.8461538461538461 0.36899038461538464 0.04927884615384615 0.04927884615384615
0 0.49759615384615385 0.5889423076923077 0.04927884615384615 0.04927884615384615