0 0.234375 0.8497596153846154 0.038461538461538464 0.038461538461538464
0 0.14903846153846154 0.8377403846153846 0.038461538461538464 0.038461538461538464
0 0.20552884615384615 0.8293269230769231 0.038461538461538464 0.038461538461538464
0 0.203125 0.7632211538461539 0.038461538461538464 0.038461538461538464
0 0.2439903846153846 0.7596153846153846 0.038461538461538464 0.038461538461538464
0 0.23076923076923078 0.796875 0.038461538461538464 0.038461538461538464
0 0.20192307692307693 0.7319711538461539 0.038461538461538464 0.038461538461538464
0 0.19831730769230768 0.7103365384615384 0.038461538461538464 0.038461538461538464
0 0.2247596153846154 0.6009615384615384 0.038461538461538464 0.038461538461538464
0 0.2127403846153846 0.5396634615384616 0.038461538461538464 0.038461538461538464
0 0.22716346153846154 0.5024038461538461 0.038461538461538464 0.038461538461538464
0 0.22596153846153846 0.4579326923076923 0.038461538461538464 0.038461538461538464
0 0.24759615384615385 0.4639423076923077 0.038461538461538464 0.038461538461538464
0 0.25721153846153844 0.4230769230769231 0.038461538461538464 0.038461538461538464
0 0.31490384615384615 0.3425480769230769 0.038461538461538464 0.038461538461538464
0 0.34375 0.31490384615384615 0.038461538461538464 0.038461538461538464
0 0.25961538461538464 0.3317307692307692 0.038461538461538464 0.038461538461538464
0 0.3088942307692308 0.28725961538461536 0.038461538461538464 0.038461538461538464
0 0.32211538461538464 0.27524038461538464 0.038461538461538464 0.038461538461538464
0 0.37259615384615385 0.27524038461538464 0.038461538461538464 0.038461538461538464
0 0.33413461538461536 0.25240384615384615 0.038461538461538464 0.038461538461538464
0 0.3245192307692308 0.18389423076923078 0.038461538461538464 0.038461538461538464
0 0.31971153846153844 0.15144230769230768 0.038461538461538464 0.038461538461538464
0 0.38100961538461536 0.11057692307692307 0.038461538461538464 0.038461538461538464
0 0.38100961538461536 0.18629807692307693 0.038461538461538464 0.038461538461538464
0 0.44350961538461536 0.20072115384615385 0.038461538461538464 0.038461538461538464
0 0.45913461538461536 0.21875 0.038461538461538464 0.038461538461538464
0 0.47115384615384615 0.24158653846153846 0.038461538461538464 0.038461538461538464
0 0.5096153846153846 0.21033653846153846 0.038461538461538464 0.038461538461538464
0 0.5456730769230769 0.24278846153846154 0.038461538461538464 0.038461538461538464
0 0.5564903846153846 0.2920673076923077 0.038461538461538464 0.038461538461538464
0 0.6069711538461539 0.33413461538461536 0.038461538461538464 0.038461538461538464
0 0.6201923076923077 0.27524038461538464 0.038461538461538464 0.038461538461538464
0 0.7055288461538461 0.3485576923076923 0.038461538461538464 0.038461538461538464
0 0.6742788461538461 0.3942307692307692 0.038461538461538464 0.038461538461538464
0 0.7560096153846154 0.40865384615384615 0.038461538461538464 0.038461538461538464
0 0.7163461538461539 0.42427884615384615 0.038461538461538464 0.038461538461538464
0 0.7451923076923077 0.4795673076923077 0.038461538461538464 0.038461538461538464
0 0.7632211538461539 0.5396634615384616 0.038461538461538464 0.038461538461538464
0 0.8822115384615384 0.625 0.038461538461538464 0.038461538461538464
0 0.8533653846153846 0.6346153846153846 0.038461538461538464 0.038461538461538464
0 0.8882211538461539 0.6983173076923077 0.038461538461538464 0.038461538461538464
0 0.8004807692307693 0.4891826923076923 0.038461538461538464 0.038461538461538464
0 0.41947115384615385 0.40865384615384615 0.038461538461538464 0.038461538461538464
0 0.5300480769230769 0.3942307692307692 0.038461538461538464 0.038461538461538464
0 0.5444711538461539 0.45913461538461536 0.038461538461538464 0.038461538461538464
0 0.5793269230769231 0.4567307692307692 0.038461538461538464 0.038461538461538464
0 0.6105769230769231 0.484375 0.038461538461538464 0.038461538461538464
0 0.6826923076923077 0.43990384615384615 0.038461538461538464 0.038461538461538464
0 0.7091346153846154 0.5024038461538461 0.038461538461538464 0.038461538461538464
0 0.8317307692307693 0.47836538461538464 0.038461538461538464 0.038461538461538464
0 0.9014423076923077 0.5084134615384616 0.038461538461538464 0.038461538461538464
0 0.9350961538461539 0.47596153846153844 0.038461538461538464 0.038461538461538464