0 0.07091346153846154 0.8990384615384616 0.04326923076923077 0.04326923076923077
0 0.14903846153846154 0.9086538461538461 0.04326923076923077 0.04326923076923077
0 0.2980769230769231 0.8377403846153846 0.04326923076923077 0.04326923076923077
0 0.2932692307692308 0.765625 0.04326923076923077 0.04326923076923077
0 0.39663461538461536 0.8401442307692307 0.04326923076923077 0.04326923076923077
0 0.41947115384615385 0.828125 0.04326923076923077 0.04326923076923077
0 0.3954326923076923 0.7824519230769231 0.04326923076923077 0.04326923076923077
0 0.4579326923076923 0.8365384615384616 0.04326923076923077 0.04326923076923077
0 0.47115384615384615 0.7728365384615384 0.04326923076923077 0.04326923076923077
0 0.49759615384615385 0.7896634615384616 0.04326923076923077 0.04326923076923077
0 0.5204326923076923 0.8149038461538461 0.04326923076923077 0.04326923076923077
0 0.054086538461538464 0.5745192307692307 0.04326923076923077 0.04326923076923077
0 0.234375 0.5360576923076923 0.04326923076923077 0.04326923076923077
0 0.2704326923076923 0.5276442307692307 0.04326923076923077 0.04326923076923077
0 0.3245192307692308 0.5396634615384616 0.04326923076923077 0.04326923076923077
0 0.34975961538461536 0.5072115384615384 0.04326923076923077 0.04326923076923077
0 0.40625 0.49038461538461536 0.04326923076923077 0.04326923076923077
0 0.42908653846153844 0.4795673076923077 0.04326923076923077 0.04326923076923077
0 0.3233173076923077 0.46033653846153844 0.04326923076923077 0.04326923076923077
0 0.29927884615384615 0.46634615384615385 0.04326923076923077 0.04326923076923077
0 0.3954326923076923 0.43990384615384615 0.04326923076923077 0.04326923076923077
0 0.40384615384615385 0.4579326923076923 0.04326923076923077 0.04326923076923077
0 0.4254807692307692 0.4254807692307692 0.04326923076923077 0.04326923076923077
0 0.453125 0.390625 0.04326923076923077 0.04326923076923077
0 0.5048076923076923 0.38221153846153844 0.04326923076923077 0.04326923076923077
0 0.5024038461538461 0.45552884615384615 0.04326923076923077 0.04326923076923077
0 0.5288461538461539 0.4387019230769231 0.04326923076923077 0.04326923076923077
0 0.59375 0.39903846153846156 0.04326923076923077 0.04326923076923077
0 0.5889423076923077 0.43028846153846156 0.04326923076923077 0.04326923076923077
0 0.6490384615384616 0.39903846153846156 0.04326923076923077 0.04326923076923077
0 0.6225961538461539 0.3762019230769231 0.04326923076923077 0.04326923076923077
0 0.6887019230769231 0.43149038461538464 0.04326923076923077 0.04326923076923077
0 0.734375 0.4014423076923077 0.04326923076923077 0.04326923076923077
0 0.7572115384615384 0.34975961538461536 0.04326923076923077 0.04326923076923077
0 0.7740384615384616 0.39302884615384615 0.04326923076923077 0.04326923076923077
0 0.7848557692307693 0.4254807692307692 0.04326923076923077 0.04326923076923077
0 0.8112980769230769 0.4110576923076923 0.04326923076923077 0.04326923076923077
0 0.8137019230769231 0.3425480769230769 0.04326923076923077 0.04326923076923077
0 0.8413461538461539 0.3233173076923077 0.04326923076923077 0.04326923076923077
0 0.9170673076923077 0.3076923076923077 0.04326923076923077 0.04326923076923077
0 0.9567307692307693 0.3125 0.04326923076923077 0.04326923076923077
0 0.109375 0.953125 0.04326923076923077 0.04326923076923077