0 0.9771634615384616 0.2548076923076923 0.04447115384615385 0.04927884615384615
0 0.9639423076923077 0.2620192307692308 0.04927884615384615 0.04927884615384615
0 0.9495192307692307 0.1935096153846154 0.04927884615384615 0.04927884615384615
0 0.9134615384615384 0.2283653846153846 0.04927884615384615 0.04927884615384615
0 0.9086538461538461 0.2548076923076923 0.04927884615384615 0.04927884615384615
0 0.8798076923076923 0.29086538461538464 0.04927884615384615 0.04927884615384615
0 0.8545673076923077 0.27403846153846156 0.04927884615384615 0.04927884615384615
0 0.8413461538461539 0.23557692307692307 0.04927884615384615 0.04927884615384615
0 0.8088942307692307 0.20072115384615385 0.04927884615384615 0.04927884615384615
0 0.7800480769230769 0.24879807692307693 0.04927884615384615 0.04927884615384615
0 0.7776442307692307 0.18028846153846154 0.04927884615384615 0.04927884615384615
0 0.7572115384615384 0.23317307692307693 0.04927884615384615 0.04927884615384615
0 0.7043269230769231 0.22956730769230768 0.04927884615384615 0.04927884615384615
0 0.7223557692307693 0.16947115384615385 0.04927884615384615 0.04927884615384615
0 0.7055288461538461 0.17427884615384615 0.04927884615384615 0.04927884615384615
0 0.5540865384615384 0.14543269230769232 0.04927884615384615 0.04927884615384615
0 0.4579326923076923 0.028846153846153848 0.04927884615384615 0.04927884615384615
0 0.48677884615384615 0.06490384615384616 0.04927884615384615 0.04927884615384615
0 0.6923076923076923 0.1778846153846154 0.04927884615384615 0.04927884615384615
0 0.6442307692307693 0.19951923076923078 0.04927884615384615 0.04927884615384615
0 0.6670673076923077 0.16947115384615385 0.04927884615384615 0.04927884615384615
0 0.671875 0.15384615384615385 0.04927884615384615 0.04927884615384615
0 0.7211538461538461 0.14302884615384615 0.04927884615384615 0.04927884615384615
0 0.7439903846153846 0.1310096153846154 0.04927884615384615 0.04927884615384615
0 0.6959134615384616 0.09014423076923077 0.04927884615384615 0.04927884615384615
0 0.6646634615384616 0.10576923076923077 0.04927884615384615 0.04927884615384615
0 0.7379807692307693 0.09735576923076923 0.04927884615384615 0.04927884615384615
0 0.6177884615384616 0.13942307692307693 0.04927884615384615 0.04927884615384615
0 0.6394230769230769 0.15264423076923078 0.04927884615384615 0.04927884615384615
0 0.5793269230769231 0.10216346153846154 0.04927884615384615 0.04927884615384615
0 0.5757211538461539 0.14903846153846154 0.04927884615384615 0.04927884615384615
0 0.6009615384615384 0.11658653846153846 0.04927884615384615 0.04927884615384615
0 0.5961538461538461 0.15264423076923078 0.04927884615384615 0.04927884615384615
0 0.5420673076923077 0.0889423076923077 0.04927884615384615 0.04927884615384615
0 0.47115384615384615 0.08173076923076923 0.04927884615384615 0.04927884615384615
0 0.5841346153846154 0.16706730769230768 0.04927884615384615 0.04927884615384615
0 0.8557692307692307 0.20793269230769232 0.04927884615384615 0.04927884615384615
0 0.4326923076923077 0.125 0.04927884615384615 0.04927884615384615
0 0.38341346153846156 0.17067307692307693 0.04927884615384615 0.04927884615384615
0 0.38822115384615385 0.14903846153846154 0.04927884615384615 0.04927884615384615
0 0.35697115384615385 0.19110576923076922 0.04927884615384615 0.04927884615384615
0 0.44591346153846156 0.22596153846153846 0.04927884615384615 0.04927884615384615
0 0.4326923076923077 0.18509615384615385 0.04927884615384615 0.04927884615384615
0 0.41947115384615385 0.20552884615384615 0.04927884615384615 0.04927884615384615
0 0.34134615384615385 0.23197115384615385 0.04927884615384615 0.04927884615384615
0 0.3088942307692308 0.25240384615384615 0.04927884615384615 0.04927884615384615
0 0.37259615384615385 0.2668269230769231 0.04927884615384615 0.04927884615384615
0 0.4579326923076923 0.16346153846153846 0.04927884615384615 0.04927884615384615
0 0.31850961538461536 0.33653846153846156 0.04927884615384615 0.04927884615384615
0 0.29447115384615385 0.37259615384615385 0.04927884615384615 0.04927884615384615
0 0.26802884615384615 0.296875 0.04927884615384615 0.04927884615384615
0 0.38221153846153844 0.2980769230769231 0.04927884615384615 0.04927884615384615
0 0.36899038461538464 0.3389423076923077 0.04927884615384615 0.04927884615384615
0 0.4375 0.3125 0.04927884615384615 0.04927884615384615
0 0.41225961538461536 0.40384615384615385 0.04927884615384615 0.04927884615384615
0 0.23076923076923078 0.3329326923076923 0.04927884615384615 0.04927884615384615
0 0.23677884615384615 0.36177884615384615 0.04927884615384615 0.04927884615384615
0 0.21995192307692307 0.37259615384615385 0.04927884615384615 0.04927884615384615
0 0.2644230769230769 0.38221153846153844 0.04927884615384615 0.04927884615384615
0 0.17668269230769232 0.41225961538461536 0.04927884615384615 0.04927884615384615
0 0.16105769230769232 0.4579326923076923 0.04927884615384615 0.04927884615384615
0 0.13822115384615385 0.49038461538461536 0.04927884615384615 0.04927884615384615
0 0.15865384615384615 0.5048076923076923 0.04927884615384615 0.04927884615384615
0 0.20072115384615385 0.5072115384615384 0.04927884615384615 0.04927884615384615
0 0.21634615384615385 0.49759615384615385 0.04927884615384615 0.04927884615384615
0 0.14903846153846154 0.5649038461538461 0.04927884615384615 0.04927884615384615
0 0.11177884615384616 0.6081730769230769 0.04927884615384615 0.04927884615384615
0 0.0889423076923077 0.6274038461538461 0.04927884615384615 0.04927884615384615
0 0.06129807692307692 0.6129807692307693 0.04927884615384615 0.04927884615384615
0 0.06009615384615385 0.6442307692307693 0.04927884615384615 0.04927884615384615
0 0.057692307692307696 0.7596153846153846 0.04927884615384615 0.04927884615384615
0 0.03245192307692308 0.6935096153846154 0.04927884615384615 0.04927884615384615
0 0.8774038461538461 0.24278846153846154 0.04927884615384615 0.04927884615384615
0 0.09134615384615384 0.5793269230769231 0.04927884615384615 0.04927884615384615
0 0.12740384615384615 0.6346153846153846 0.04927884615384615 0.04927884615384615
0 0.08413461538461539 0.6947115384615384 0.04927884615384615 0.04927884615384615
0 0.016826923076923076 0.7896634615384616 0.03365384615384615 0.04927884615384615
0 0.5408653846153846 0.6911057692307693 0.04927884615384615 0.04927884615384615
0 0.5673076923076923 0.6899038461538461 0.04927884615384615 0.04927884615384615
0 0.5673076923076923 0.7235576923076923 0.04927884615384615 0.04927884615384615
0 0.6105769230769231 0.7103365384615384 0.04927884615384615 0.04927884615384615
0 0.5973557692307693 0.7367788461538461 0.04927884615384615 0.04927884615384615
0 0.546875 0.7367788461538461 0.04927884615384615 0.04927884615384615
0 0.6382211538461539 0.7367788461538461 0.04927884615384615 0.04927884615384615
0 0.6550480769230769 0.78125 0.04927884615384615 0.04927884615384615
0 0.6814903846153846 0.8100961538461539 0.04927884615384615 0.04927884615384615
0 0.6694711538461539 0.828125 0.04927884615384615 0.04927884615384615
0 0.5925480769230769 0.8353365384615384 0.04927884615384615 0.04927884615384615
0 0.6117788461538461 0.8737980769230769 0.04927884615384615 0.04927884615384615
0 0.6634615384615384 0.8605769230769231 0.04927884615384615 0.04927884615384615
0 0.6694711538461539 0.9350961538461539 0.04927884615384615 0.04927884615384615
0 0.6105769230769231 0.9122596153846154 0.04927884615384615 0.04927884615384615
0 0.6117788461538461 0.953125 0.04927884615384615 0.04927884615384615
0 0.23677884615384615 0.8894230769230769 0.04927884615384615 0.04927884615384615
0 0.24759615384615385 0.8713942307692307 0.04927884615384615 0.04927884615384615
0 0.19110576923076922 0.8509615384615384 0.04927884615384615 0.04927884615384615
0 0.2091346153846154 0.84375 0.04927884615384615 0.04927884615384615
0 0.20432692307692307 0.8221153846153846 0.04927884615384615 0.04927884615384615
0 0.2668269230769231 0.8413461538461539 0.04927884615384615 0.04927884615384615
0 0.22716346153846154 0.7584134615384616 0.04927884615384615 0.04927884615384615
0 0.24278846153846154 0.7367788461538461 0.04927884615384615 0.04927884615384615
0 0.26322115384615385 0.7163461538461539 0.04927884615384615 0.04927884615384615