0 0.02403846153846154 0.5480769230769231 0.038461538461538464 0.038461538461538464
0 0.04447115384615385 0.5384615384615384 0.038461538461538464 0.038461538461538464
0 0.06490384615384616 0.5228365384615384 0.038461538461538464 0.038461538461538464
0 0.09134615384615384 0.5084134615384616 0.038461538461538464 0.038461538461538464
0 0.11057692307692307 0.48677884615384615 0.038461538461538464 0.038461538461538464
0 0.14302884615384615 0.5132211538461539 0.038461538461538464 0.038461538461538464
0 0.19110576923076922 0.42427884615384615 0.038461538461538464 0.038461538461538464
0 0.20793269230769232 0.46634615384615385 0.038461538461538464 0.038461538461538464
0 0.24278846153846154 0.4326923076923077 0.038461538461538464 0.038461538461538464
0 0.2824519230769231 0.43149038461538464 0.038461538461538464 0.038461538461538464
0 0.28125 0.40865384615384615 0.038461538461538464 0.038461538461538464
0 0.33533653846153844 0.4110576923076923 0.038461538461538464 0.038461538461538464
0 0.3762019230769231 0.4182692307692308 0.038461538461538464 0.038461538461538464
0 0.359375 0.4675480769230769 0.038461538461538464 0.038461538461538464
0 0.41346153846153844 0.47596153846153844 0.038461538461538464 0.038461538461538464
0 0.43028846153846156 0.46033653846153844 0.038461538461538464 0.038461538461538464
0 0.48677884615384615 0.46274038461538464 0.038461538461538464 0.038461538461538464
0 0.5552884615384616 0.45072115384615385 0.038461538461538464 0.038461538461538464
0 0.5240384615384616 0.4699519230769231 0.038461538461538464 0.038461538461538464
0 0.5528846153846154 0.49278846153846156 0.038461538461538464 0.038461538461538464
0 0.5865384615384616 0.5024038461538461 0.038461538461538464 0.038461538461538464
0 0.6225961538461539 0.47596153846153844 0.038461538461538464 0.038461538461538464
0 0.6766826923076923 0.46634615384615385 0.038461538461538464 0.038461538461538464
0 0.6959134615384616 0.5168269230769231 0.038461538461538464 0.038461538461538464
0 0.7211538461538461 0.45072115384615385 0.038461538461538464 0.038461538461538464
0 0.7584134615384616 0.5252403846153846 0.038461538461538464 0.038461538461538464
0 0.7824519230769231 0.49278846153846156 0.038461538461538464 0.038461538461538464
0 0.8100961538461539 0.5096153846153846 0.038461538461538464 0.038461538461538464
0 0.8197115384615384 0.4807692307692308 0.038461538461538464 0.038461538461538464
0 0.8161057692307693 0.4543269230769231 0.038461538461538464 0.038461538461538464
0 0.8629807692307693 0.4495192307692308 0.038461538461538464 0.038461538461538464
0 0.9026442307692307 0.5060096153846154 0.038461538461538464 0.038461538461538464
0 0.9122596153846154 0.453125 0.038461538461538464 0.038461538461538464
0 0.6550480769230769 0.4807692307692308 0.038461538461538464 0.038461538461538464
0 0.7680288461538461 0.46153846153846156 0.038461538461538464 0.038461538461538464
0 0.49038461538461536 0.44591346153846156 0.038461538461538464 0.038461538461538464