0 0.9182692307692307 0.25 0.046875 0.046875
0 0.84375 0.3125 0.046875 0.046875
0 0.7463942307692307 0.34375 0.046875 0.046875
0 0.6995192307692307 0.38221153846153844 0.046875 0.046875
0 0.7115384615384616 0.45552884615384615 0.046875 0.046875
0 0.6658653846153846 0.47115384615384615 0.046875 0.046875
0 0.6382211538461539 0.40625 0.046875 0.046875
0 0.6346153846153846 0.4879807692307692 0.046875 0.046875
0 0.6009615384615384 0.47596153846153844 0.046875 0.046875
0 0.5865384615384616 0.453125 0.046875 0.046875
0 0.5697115384615384 0.5072115384615384 0.046875 0.046875
0 0.5072115384615384 0.5444711538461539 0.046875 0.046875
0 0.46153846153846156 0.5288461538461539 0.046875 0.046875
0 0.39903846153846156 0.515625 0.046875 0.046875
0 0.453125 0.5865384615384616 0.046875 0.046875
0 0.4098557692307692 0.6069711538461539 0.046875 0.046875
0 0.18990384615384615 0.8052884615384616 0.046875 0.046875
0 0.15625 0.8401442307692307 0.046875 0.046875
0 0.10576923076923077 0.8088942307692307 0.046875 0.046875
0 0.08774038461538461 0.9278846153846154 0.046875 0.046875
0 0.7632211538461539 0.37259615384615385 0.046875 0.046875
0 0.9242788461538461 0.30288461538461536 0.046875 0.046875