0 0.5637019230769231 0.41225961538461536 0.052884615384615384 0.052884615384615384
0 0.6983173076923077 0.23677884615384615 0.052884615384615384 0.052884615384615384
0 0.5673076923076923 0.4723557692307692 0.052884615384615384 0.052884615384615384
0 0.31490384615384615 0.8846153846153846 0.052884615384615384 0.052884615384615384
0 0.28725961538461536 0.6947115384615384 0.052884615384615384 0.052884615384615384
0 0.3762019230769231 0.6394230769230769 0.052884615384615384 0.052884615384615384
0 0.4026442307692308 0.6201923076923077 0.052884615384615384 0.052884615384615384
0 0.37740384615384615 0.5925480769230769 0.052884615384615384 0.052884615384615384
0 0.4254807692307692 0.6430288461538461 0.052884615384615384 0.052884615384615384
0 0.40865384615384615 0.6682692307692307 0.052884615384615384 0.052884615384615384
0 0.47596153846153844 0.578125 0.052884615384615384 0.052884615384615384
0 0.5540865384615384 0.44471153846153844 0.052884615384615384 0.052884615384615384
0 0.4831730769230769 0.5072115384615384 0.052884615384615384 0.052884615384615384
0 0.5612980769230769 0.5360576923076923 0.052884615384615384 0.052884615384615384
0 0.24639423076923078 0.7740384615384616 0.052884615384615384 0.052884615384615384