0 0.19110576923076922 0.8653846153846154 0.046875 0.046875
0 0.17427884615384615 0.828125 0.046875 0.046875
0 0.17548076923076922 0.7944711538461539 0.046875 0.046875
0 0.18990384615384615 0.8028846153846154 0.046875 0.046875
0 0.22115384615384615 0.7752403846153846 0.046875 0.046875
0 0.26322115384615385 0.7788461538461539 0.046875 0.046875
0 0.30288461538461536 0.7475961538461539 0.046875 0.046875
0 0.31850961538461536 0.7211538461538461 0.046875 0.046875
0 0.29927884615384615 0.7007211538461539 0.046875 0.046875
0 0.32211538461538464 0.6899038461538461 0.046875 0.046875
0 0.36177884615384615 0.7007211538461539 0.046875 0.046875
0 0.390625 0.6850961538461539 0.046875 0.046875
0 0.38221153846153844 0.6634615384615384 0.046875 0.046875
0 0.33774038461538464 0.5913461538461539 0.046875 0.046875
0 0.31490384615384615 0.5877403846153846 0.046875 0.046875
0 0.33413461538461536 0.5408653846153846 0.046875 0.046875
0 0.3629807692307692 0.5372596153846154 0.046875 0.046875
0 0.39663461538461536 0.5216346153846154 0.046875 0.046875
0 0.39663461538461536 0.49399038461538464 0.046875 0.046875
0 0.41225961538461536 0.47475961538461536 0.046875 0.046875
0 0.43990384615384615 0.421875 0.046875 0.046875
0 0.37740384615384615 0.49759615384615385 0.046875 0.046875
0 0.34134615384615385 0.47475961538461536 0.046875 0.046875
0 0.7680288461538461 0.34615384615384615 0.046875 0.046875
0 0.7560096153846154 0.37259615384615385 0.046875 0.046875
0 0.7524038461538461 0.46274038461538464 0.046875 0.046875
0 0.765625 0.49278846153846156 0.046875 0.046875
0 0.7836538461538461 0.5132211538461539 0.046875 0.046875
0 0.8149038461538461 0.5276442307692307 0.046875 0.046875
0 0.7632211538461539 0.5408653846153846 0.046875 0.046875
0 0.7475961538461539 0.5252403846153846 0.046875 0.046875
0 0.7752403846153846 0.6069711538461539 0.046875 0.046875
0 0.7740384615384616 0.47115384615384615 0.046875 0.046875
0 0.46875 0.5504807692307693 0.046875 0.046875
0 0.421875 0.5697115384615384 0.046875 0.046875
0 0.4026442307692308 0.5504807692307693 0.046875 0.046875
0 0.5240384615384616 0.5625 0.046875 0.046875
0 0.5817307692307693 0.5973557692307693 0.046875 0.046875