0 0.6334134615384616 0.8629807692307693 0.038461538461538464 0.038461538461538464
0 0.6875 0.8533653846153846 0.038461538461538464 0.038461538461538464
0 0.6586538461538461 0.9194711538461539 0.038461538461538464 0.038461538461538464
0 0.6105769230769231 0.7055288461538461 0.038461538461538464 0.038461538461538464
0 0.5456730769230769 0.671875 0.038461538461538464 0.038461538461538464
0 0.5997596153846154 0.8052884615384616 0.038461538461538464 0.038461538461538464
0 0.6430288461538461 0.7908653846153846 0.038461538461538464 0.038461538461538464
0 0.5673076923076923 0.5829326923076923 0.038461538461538464 0.038461538461538464
0 0.5649038461538461 0.5264423076923077 0.038461538461538464 0.038461538461538464
0 0.5168269230769231 0.5576923076923077 0.038461538461538464 0.038461538461538464
0 0.6057692307692307 0.1971153846153846 0.038461538461538464 0.038461538461538464
0 0.6466346153846154 0.21394230769230768 0.038461538461538464 0.038461538461538464
0 0.6298076923076923 0.10096153846153846 0.038461538461538464 0.038461538461538464
0 0.5745192307692307 0.3401442307692308 0.038461538461538464 0.038461538461538464