0 0.8257211538461539 0.5649038461538461 0.04927884615384615 0.04927884615384615
0 0.8954326923076923 0.5252403846153846 0.04927884615384615 0.04927884615384615
0 0.8954326923076923 0.5576923076923077 0.04927884615384615 0.04927884615384615
0 0.8990384615384616 0.5865384615384616 0.04927884615384615 0.04927884615384615
0 0.7115384615384616 0.4879807692307692 0.04927884615384615 0.04927884615384615
0 0.6826923076923077 0.49759615384615385 0.04927884615384615 0.04927884615384615
0 0.6646634615384616 0.45552884615384615 0.04927884615384615 0.04927884615384615
0 0.43028846153846156 0.7283653846153846 0.04927884615384615 0.04927884615384615
0 0.4639423076923077 0.7307692307692307 0.04927884615384615 0.04927884615384615
0 0.4651442307692308 0.6802884615384616 0.04927884615384615 0.04927884615384615
0 0.47115384615384615 0.6346153846153846 0.04927884615384615 0.04927884615384615
0 0.4963942307692308 0.6225961538461539 0.04927884615384615 0.04927884615384615
0 0.5492788461538461 0.6430288461538461 0.04927884615384615 0.04927884615384615
0 0.5625 0.6201923076923077 0.04927884615384615 0.04927884615384615
0 0.3629807692307692 0.9086538461538461 0.04927884615384615 0.04927884615384615
0 0.5300480769230769 0.5769230769230769 0.04927884615384615 0.04927884615384615
0 0.6057692307692307 0.5661057692307693 0.04927884615384615 0.04927884615384615
0 0.578125 0.5024038461538461 0.04927884615384615 0.04927884615384615
0 0.6466346153846154 0.5456730769230769 0.04927884615384615 0.04927884615384615
0 0.5865384615384616 0.45552884615384615 0.04927884615384615 0.04927884615384615
0 0.6069711538461539 0.4254807692307692 0.04927884615384615 0.04927884615384615
0 0.6177884615384616 0.40625 0.04927884615384615 0.04927884615384615
0 0.6165865384615384 0.38461538461538464 0.04927884615384615 0.04927884615384615
0 0.59375 0.34615384615384615 0.04927884615384615 0.04927884615384615
0 0.5721153846153846 0.37259615384615385 0.04927884615384615 0.04927884615384615
0 0.5432692307692307 0.30408653846153844 0.04927884615384615 0.04927884615384615
0 0.5072115384615384 0.33533653846153844 0.04927884615384615 0.04927884615384615
0 0.5072115384615384 0.27403846153846156 0.04927884615384615 0.04927884615384615
0 0.46634615384615385 0.23197115384615385 0.04927884615384615 0.04927884615384615
0 0.4182692307692308 0.27524038461538464 0.04927884615384615 0.04927884615384615
0 0.4639423076923077 0.21153846153846154 0.04927884615384615 0.04927884615384615
0 0.3870192307692308 0.18389423076923078 0.04927884615384615 0.04927884615384615
0 0.3605769230769231 0.27163461538461536 0.04927884615384615 0.04927884615384615
0 0.3401442307692308 0.2536057692307692 0.04927884615384615 0.04927884615384615
0 0.3485576923076923 0.19471153846153846 0.04927884615384615 0.04927884615384615
0 0.3161057692307692 0.20072115384615385 0.04927884615384615 0.04927884615384615
0 0.5120192307692307 0.6911057692307693 0.04927884615384615 0.04927884615384615