0 0.08173076923076923 0.33052884615384615 0.10576923076923077 0.10576923076923077
0 0.11177884615384616 0.30649038461538464 0.10576923076923077 0.10576923076923077
0 0.13701923076923078 0.33413461538461536 0.10576923076923077 0.10576923076923077
0 0.28725961538461536 0.31490384615384615 0.10576923076923077 0.10576923076923077
0 0.36538461538461536 0.34134615384615385 0.10576923076923077 0.10576923076923077
0 0.3473557692307692 0.32211538461538464 0.10576923076923077 0.10576923076923077
0 0.34975961538461536 0.28125 0.10576923076923077 0.10576923076923077
0 0.35336538461538464 0.22235576923076922 0.10576923076923077 0.10576923076923077
0 0.38822115384615385 0.28365384615384615 0.10576923076923077 0.10576923076923077
0 0.38822115384615385 0.25600961538461536 0.10576923076923077 0.10576923076923077
0 0.43149038461538464 0.2247596153846154 0.10576923076923077 0.10576923076923077
0 0.42788461538461536 0.36538461538461536 0.10576923076923077 0.10576923076923077
0 0.5216346153846154 0.27163461538461536 0.10576923076923077 0.10576923076923077
0 0.49038461538461536 0.20072115384615385 0.10576923076923077 0.10576923076923077
0 0.5817307692307693 0.16947115384615385 0.10576923076923077 0.10576923076923077
0 0.5661057692307693 0.18990384615384615 0.10576923076923077 0.10576923076923077
0 0.7247596153846154 0.25961538461538464 0.10576923076923077 0.10576923076923077
0 0.6971153846153846 0.1778846153846154 0.10576923076923077 0.10576923076923077
0 0.8028846153846154 0.24759615384615385 0.10576923076923077 0.10576923076923077
0 0.05048076923076923 0.8473557692307693 0.10096153846153846 0.10576923076923077
0 0.052884615384615384 0.8677884615384616 0.10576923076923077 0.10576923076923077
0 0.15865384615384615 0.8689903846153846 0.10576923076923077 0.10576923076923077
0 0.24759615384615385 0.5588942307692307 0.10576923076923077 0.10576923076923077
0 0.37740384615384615 0.6875 0.10576923076923077 0.10576923076923077
0 0.30649038461538464 0.7403846153846154 0.10576923076923077 0.10576923076923077
0 0.2283653846153846 0.7932692307692307 0.10576923076923077 0.10576923076923077
0 0.7151442307692307 0.7247596153846154 0.10576923076923077 0.10576923076923077
0 0.7055288461538461 0.8533653846153846 0.10576923076923077 0.10576923076923077
0 0.7319711538461539 0.8569711538461539 0.10576923076923077 0.10576923076923077
0 0.7716346153846154 0.890625 0.10576923076923077 0.10576923076923077
0 0.7572115384615384 0.8197115384615384 0.10576923076923077 0.10576923076923077
0 0.7908653846153846 0.8461538461538461 0.10576923076923077 0.10576923076923077
0 0.9158653846153846 0.8028846153846154 0.10576923076923077 0.10576923076923077
0 0.8689903846153846 0.7872596153846154 0.10576923076923077 0.10576923076923077
0 0.828125 0.796875 0.10576923076923077 0.10576923076923077