0 0.8197115384615384 0.5444711538461539 0.037259615384615384 0.037259615384615384
0 0.7980769230769231 0.5745192307692307 0.037259615384615384 0.037259615384615384
0 0.8112980769230769 0.6370192307692307 0.037259615384615384 0.037259615384615384
0 0.7475961538461539 0.6430288461538461 0.037259615384615384 0.037259615384615384
0 0.7439903846153846 0.7127403846153846 0.037259615384615384 0.037259615384615384
0 0.7067307692307693 0.7427884615384616 0.037259615384615384 0.037259615384615384
0 0.6646634615384616 0.7151442307692307 0.037259615384615384 0.037259615384615384
0 0.6430288461538461 0.71875 0.037259615384615384 0.037259615384615384
0 0.5901442307692307 0.7572115384615384 0.037259615384615384 0.037259615384615384
0 0.5673076923076923 0.7728365384615384 0.037259615384615384 0.037259615384615384
0 0.6213942307692307 0.7920673076923077 0.037259615384615384 0.037259615384615384
0 0.5949519230769231 0.8269230769230769 0.037259615384615384 0.037259615384615384
0 0.5276442307692307 0.8413461538461539 0.037259615384615384 0.037259615384615384
0 0.49278846153846156 0.8882211538461539 0.037259615384615384 0.037259615384615384
0 0.4879807692307692 0.921875 0.037259615384615384 0.037259615384615384
0 0.5817307692307693 0.90625 0.037259615384615384 0.037259615384615384
0 0.5504807692307693 0.8846153846153846 0.037259615384615384 0.037259615384615384
0 0.5408653846153846 0.921875 0.037259615384615384 0.037259615384615384
0 0.5012019230769231 0.9795673076923077 0.037259615384615384 0.037259615384615384
0 0.4519230769230769 0.9591346153846154 0.037259615384615384 0.037259615384615384
0 0.43990384615384615 0.9783653846153846 0.037259615384615384 0.037259615384615384
0 0.6538461538461539 0.7487980769230769 0.037259615384615384 0.037259615384615384
0 0.8425480769230769 0.0985576923076923 0.037259615384615384 0.037259615384615384
0 0.6983173076923077 0.1466346153846154 0.037259615384615384 0.037259615384615384
0 0.7115384615384616 0.0985576923076923 0.037259615384615384 0.037259615384615384
0 0.7716346153846154 0.14783653846153846 0.037259615384615384 0.037259615384615384
0 0.8569711538461539 0.1971153846153846 0.037259615384615384 0.037259615384615384
0 0.8786057692307693 0.1658653846153846 0.037259615384615384 0.037259615384615384
0 0.8822115384615384 0.07091346153846154 0.037259615384615384 0.037259615384615384
0 0.6322115384615384 0.140625 0.037259615384615384 0.037259615384615384
0 0.6153846153846154 0.13221153846153846 0.037259615384615384 0.037259615384615384
0 0.6262019230769231 0.078125 0.037259615384615384 0.037259615384615384
0 0.6045673076923077 0.11177884615384616 0.037259615384615384 0.037259615384615384
0 0.5793269230769231 0.07932692307692307 0.037259615384615384 0.037259615384615384
0 0.5877403846153846 0.11658653846153846 0.037259615384615384 0.037259615384615384
0 0.5336538461538461 0.09014423076923077 0.037259615384615384 0.037259615384615384
0 0.5048076923076923 0.07692307692307693 0.037259615384615384 0.037259615384615384
0 0.5420673076923077 0.12860576923076922 0.037259615384615384 0.037259615384615384
0 0.47475961538461536 0.15504807692307693 0.037259615384615384 0.037259615384615384
0 0.41346153846153844 0.12620192307692307 0.037259615384615384 0.037259615384615384
0 0.40384615384615385 0.14903846153846154 0.037259615384615384 0.037259615384615384
0 0.4483173076923077 0.10336538461538461 0.037259615384615384 0.037259615384615384
0 0.45913461538461536 0.06490384615384616 0.037259615384615384 0.037259615384615384
0 0.48677884615384615 0.09495192307692307 0.037259615384615384 0.037259615384615384
0 0.3173076923076923 0.15745192307692307 0.037259615384615384 0.037259615384615384
0 0.33533653846153844 0.18509615384615385 0.037259615384615384 0.037259615384615384
0 0.29447115384615385 0.16947115384615385 0.037259615384615384 0.037259615384615384