0 0.5649038461538461 0.5420673076923077 0.04927884615384615 0.04927884615384615
0 0.53125 0.6129807692307693 0.04927884615384615 0.04927884615384615
0 0.6189903846153846 0.6009615384615384 0.04927884615384615 0.04927884615384615
0 0.5865384615384616 0.5432692307692307 0.04927884615384615 0.04927884615384615
0 0.6009615384615384 0.5180288461538461 0.04927884615384615 0.04927884615384615
0 0.6009615384615384 0.48677884615384615 0.04927884615384615 0.04927884615384615
0 0.7223557692307693 0.4963942307692308 0.04927884615384615 0.04927884615384615
0 0.6694711538461539 0.5072115384615384 0.04927884615384615 0.04927884615384615
0 0.6526442307692307 0.4579326923076923 0.04927884615384615 0.04927884615384615
0 0.7283653846153846 0.41225961538461536 0.04927884615384615 0.04927884615384615
0 0.5733173076923077 0.5889423076923077 0.04927884615384615 0.04927884615384615
0 0.6634615384615384 0.42427884615384615 0.04927884615384615 0.04927884615384615
0 0.6586538461538461 0.40384615384615385 0.04927884615384615 0.04927884615384615
0 0.7067307692307693 0.3545673076923077 0.04927884615384615 0.04927884615384615
0 0.7716346153846154 0.2860576923076923 0.04927884615384615 0.04927884615384615
0 0.7752403846153846 0.26802884615384615 0.04927884615384615 0.04927884615384615
0 0.7836538461538461 0.24759615384615385 0.04927884615384615 0.04927884615384615
0 0.7992788461538461 0.2127403846153846 0.04927884615384615 0.04927884615384615
0 0.8521634615384616 0.3389423076923077 0.04927884615384615 0.04927884615384615
0 0.8305288461538461 0.15504807692307693 0.04927884615384615 0.04927884615384615
0 0.8293269230769231 0.24759615384615385 0.04927884615384615 0.04927884615384615
0 0.3449519230769231 0.44471153846153844 0.04927884615384615 0.04927884615384615
0 0.33653846153846156 0.46153846153846156 0.04927884615384615 0.04927884615384615
0 0.41225961538461536 0.453125 0.04927884615384615 0.04927884615384615
0 0.38221153846153844 0.4987980769230769 0.04927884615384615 0.04927884615384615
0 0.40865384615384615 0.5444711538461539 0.04927884615384615 0.04927884615384615
0 0.3641826923076923 0.6442307692307693 0.04927884615384615 0.04927884615384615
0 0.3713942307692308 0.6826923076923077 0.04927884615384615 0.04927884615384615
0 0.31490384615384615 0.6754807692307693 0.04927884615384615 0.04927884615384615
0 0.33413461538461536 0.6826923076923077 0.04927884615384615 0.04927884615384615
0 0.33653846153846156 0.6274038461538461 0.04927884615384615 0.04927884615384615
0 0.34975961538461536 0.7139423076923077 0.04927884615384615 0.04927884615384615
0 0.3473557692307692 0.7319711538461539 0.04927884615384615 0.04927884615384615
0 0.33774038461538464 0.7632211538461539 0.04927884615384615 0.04927884615384615
0 0.328125 0.796875 0.04927884615384615 0.04927884615384615