0 0.8677884615384616 0.125 0.04326923076923077 0.04326923076923077
0 0.7932692307692307 0.12860576923076922 0.04326923076923077 0.04326923076923077
0 0.7548076923076923 0.08774038461538461 0.04326923076923077 0.04326923076923077
0 0.7259615384615384 0.13341346153846154 0.04326923076923077 0.04326923076923077
0 0.6923076923076923 0.11298076923076923 0.04326923076923077 0.04326923076923077
0 0.6754807692307693 0.140625 0.04326923076923077 0.04326923076923077
0 0.7055288461538461 0.20192307692307693 0.04326923076923077 0.04326923076923077
0 0.6899038461538461 0.22596153846153846 0.04326923076923077 0.04326923076923077
0 0.6310096153846154 0.20673076923076922 0.04326923076923077 0.04326923076923077
0 0.5288461538461539 0.16346153846153846 0.04326923076923077 0.04326923076923077
0 0.5072115384615384 0.17668269230769232 0.04326923076923077 0.04326923076923077
0 0.578125 0.1502403846153846 0.04326923076923077 0.04326923076923077
0 0.4723557692307692 0.10576923076923077 0.04326923076923077 0.04326923076923077
0 0.41346153846153844 0.09134615384615384 0.04326923076923077 0.04326923076923077
0 0.3762019230769231 0.1045673076923077 0.04326923076923077 0.04326923076923077
0 0.39302884615384615 0.16826923076923078 0.04326923076923077 0.04326923076923077
0 0.4411057692307692 0.17427884615384615 0.04326923076923077 0.04326923076923077
0 0.16466346153846154 0.09615384615384616 0.04326923076923077 0.04326923076923077
0 0.1310096153846154 0.1502403846153846 0.04326923076923077 0.04326923076923077
0 0.09615384615384616 0.14903846153846154 0.04326923076923077 0.04326923076923077
0 0.13341346153846154 0.06370192307692307 0.04326923076923077 0.04326923076923077
0 0.7271634615384616 0.24759615384615385 0.04326923076923077 0.04326923076923077
0 0.7091346153846154 0.28125 0.04326923076923077 0.04326923076923077
0 0.671875 0.32572115384615385 0.04326923076923077 0.04326923076923077
0 0.7680288461538461 0.31490384615384615 0.04326923076923077 0.04326923076923077
0 0.7884615384615384 0.27403846153846156 0.04326923076923077 0.04326923076923077
0 0.8197115384615384 0.24759615384615385 0.04326923076923077 0.04326923076923077
0 0.7403846153846154 0.42427884615384615 0.04326923076923077 0.04326923076923077
0 0.7920673076923077 0.4098557692307692 0.04326923076923077 0.04326923076923077
0 0.6574519230769231 0.43028846153846156 0.04326923076923077 0.04326923076923077
0 0.7403846153846154 0.53125 0.04326923076923077 0.04326923076923077
0 0.6550480769230769 0.5528846153846154 0.04326923076923077 0.04326923076923077
0 0.7019230769230769 0.6021634615384616 0.04326923076923077 0.04326923076923077
0 0.6971153846153846 0.6334134615384616 0.04326923076923077 0.04326923076923077
0 0.640625 0.7307692307692307 0.04326923076923077 0.04326923076923077
0 0.5552884615384616 0.6947115384615384 0.04326923076923077 0.04326923076923077
0 0.6009615384615384 0.7007211538461539 0.04326923076923077 0.04326923076923077
0 0.6310096153846154 0.6490384615384616 0.04326923076923077 0.04326923076923077
0 0.5024038461538461 0.7259615384615384 0.04326923076923077 0.04326923076923077
0 0.46875 0.7524038461538461 0.04326923076923077 0.04326923076923077
0 0.5252403846153846 0.7884615384615384 0.04326923076923077 0.04326923076923077
0 0.5024038461538461 0.8197115384615384 0.04326923076923077 0.04326923076923077
0 0.48677884615384615 0.7836538461538461 0.04326923076923077 0.04326923076923077
0 0.45552884615384615 0.7992788461538461 0.04326923076923077 0.04326923076923077
0 0.46875 0.8341346153846154 0.04326923076923077 0.04326923076923077
0 0.46274038461538464 0.8942307692307693 0.04326923076923077 0.04326923076923077
0 0.4338942307692308 0.8389423076923077 0.04326923076923077 0.04326923076923077
0 0.38221153846153844 0.8485576923076923 0.04326923076923077 0.04326923076923077
0 0.40384615384615385 0.8413461538461539 0.04326923076923077 0.04326923076923077
0 0.35697115384615385 0.8521634615384616 0.04326923076923077 0.04326923076923077
0 0.296875 0.8293269230769231 0.04326923076923077 0.04326923076923077
0 0.28725961538461536 0.8786057692307693 0.04326923076923077 0.04326923076923077
0 0.24278846153846154 0.8617788461538461 0.04326923076923077 0.04326923076923077
0 0.15384615384615385 0.8485576923076923 0.04326923076923077 0.04326923076923077
0 0.12259615384615384 0.8545673076923077 0.04326923076923077 0.04326923076923077
0 0.15985576923076922 0.8990384615384616 0.04326923076923077 0.04326923076923077
0 0.052884615384615384 0.8473557692307693 0.04326923076923077 0.04326923076923077
0 0.020432692307692308 0.8569711538461539 0.040865384615384616 0.04326923076923077
0 0.1658653846153846 0.8185096153846154 0.04326923076923077 0.04326923076923077
0 0.5384615384615384 0.7536057692307693 0.04326923076923077 0.04326923076923077