0 0.21514423076923078 0.9555288461538461 0.037259615384615384 0.037259615384615384
0 0.21033653846153846 0.8858173076923077 0.037259615384615384 0.037259615384615384
0 0.19471153846153846 0.8617788461538461 0.037259615384615384 0.037259615384615384
0 0.20072115384615385 0.8149038461538461 0.037259615384615384 0.037259615384615384
0 0.16105769230769232 0.8197115384615384 0.037259615384615384 0.037259615384615384
0 0.20432692307692307 0.7596153846153846 0.037259615384615384 0.037259615384615384
0 0.1778846153846154 0.7403846153846154 0.037259615384615384 0.037259615384615384
0 0.18028846153846154 0.7259615384615384 0.037259615384615384 0.037259615384615384
0 0.16466346153846154 0.7295673076923077 0.037259615384615384 0.037259615384615384
0 0.14903846153846154 0.671875 0.037259615384615384 0.037259615384615384
0 0.13221153846153846 0.6298076923076923 0.037259615384615384 0.037259615384615384
0 0.07932692307692307 0.6262019230769231 0.037259615384615384 0.037259615384615384
0 0.08653846153846154 0.6009615384615384 0.037259615384615384 0.037259615384615384
0 0.1201923076923077 0.5769230769230769 0.037259615384615384 0.037259615384615384
0 0.11778846153846154 0.6430288461538461 0.037259615384615384 0.037259615384615384
0 0.09375 0.53125 0.037259615384615384 0.037259615384615384
0 0.10817307692307693 0.4543269230769231 0.037259615384615384 0.037259615384615384
0 0.1346153846153846 0.43149038461538464 0.037259615384615384 0.037259615384615384
0 0.12740384615384615 0.3954326923076923 0.037259615384615384 0.037259615384615384
0 0.07091346153846154 0.40024038461538464 0.037259615384615384 0.037259615384615384
0 0.078125 0.3786057692307692 0.037259615384615384 0.037259615384615384
0 0.11538461538461539 0.35336538461538464 0.037259615384615384 0.037259615384615384
0 0.12620192307692307 0.3798076923076923 0.037259615384615384 0.037259615384615384
0 0.025240384615384616 0.26802884615384615 0.037259615384615384 0.037259615384615384
0 0.2644230769230769 0.8461538461538461 0.037259615384615384 0.037259615384615384
0 0.3088942307692308 0.8137019230769231 0.037259615384615384 0.037259615384615384
0 0.27884615384615385 0.7319711538461539 0.037259615384615384 0.037259615384615384
0 0.34375 0.6959134615384616 0.037259615384615384 0.037259615384615384
0 0.3954326923076923 0.6394230769230769 0.037259615384615384 0.037259615384615384
0 0.43990384615384615 0.5949519230769231 0.037259615384615384 0.037259615384615384
0 0.43509615384615385 0.6225961538461539 0.037259615384615384 0.037259615384615384
0 0.44350961538461536 0.6478365384615384 0.037259615384615384 0.037259615384615384
0 0.46875 0.6322115384615384 0.037259615384615384 0.037259615384615384
0 0.4831730769230769 0.6754807692307693 0.037259615384615384 0.037259615384615384
0 0.5084134615384616 0.6646634615384616 0.037259615384615384 0.037259615384615384
0 0.5444711538461539 0.6947115384615384 0.037259615384615384 0.037259615384615384
0 0.5853365384615384 0.6526442307692307 0.037259615384615384 0.037259615384615384
0 0.5817307692307693 0.6262019230769231 0.037259615384615384 0.037259615384615384
0 0.6430288461538461 0.6586538461538461 0.037259615384615384 0.037259615384615384
0 0.6790865384615384 0.6105769230769231 0.037259615384615384 0.037259615384615384
0 0.7800480769230769 0.6081730769230769 0.037259615384615384 0.037259615384615384
0 0.8028846153846154 0.5889423076923077 0.037259615384615384 0.037259615384615384
0 0.7608173076923077 0.59375 0.037259615384615384 0.037259615384615384
0 0.6502403846153846 0.59375 0.037259615384615384 0.037259615384615384
0 0.8653846153846154 0.5709134615384616 0.037259615384615384 0.037259615384615384
0 0.9002403846153846 0.5697115384615384 0.037259615384615384 0.037259615384615384
0 0.9242788461538461 0.5396634615384616 0.037259615384615384 0.037259615384615384
0 0.8677884615384616 0.5432692307692307 0.037259615384615384 0.037259615384615384
0 0.9326923076923077 0.5552884615384616 0.037259615384615384 0.037259615384615384
0 0.3004807692307692 0.7524038461538461 0.037259615384615384 0.037259615384615384
0 0.5673076923076923 0.640625 0.037259615384615384 0.037259615384615384
0 0.828125 0.5420673076923077 0.037259615384615384 0.037259615384615384