0 0.026442307692307692 0.6935096153846154 0.04927884615384615 0.04927884615384615
0 0.037259615384615384 0.6790865384615384 0.04927884615384615 0.04927884615384615
0 0.07572115384615384 0.7055288461538461 0.04927884615384615 0.04927884615384615
0 0.10216346153846154 0.6983173076923077 0.04927884615384615 0.04927884615384615
0 0.13822115384615385 0.6814903846153846 0.04927884615384615 0.04927884615384615
0 0.15384615384615385 0.6814903846153846 0.04927884615384615 0.04927884615384615
0 0.13221153846153846 0.6502403846153846 0.04927884615384615 0.04927884615384615
0 0.16947115384615385 0.6694711538461539 0.04927884615384615 0.04927884615384615
0 0.18028846153846154 0.6490384615384616 0.04927884615384615 0.04927884615384615
0 0.20192307692307693 0.6334134615384616 0.04927884615384615 0.04927884615384615
0 0.15384615384615385 0.6117788461538461 0.04927884615384615 0.04927884615384615
0 0.18028846153846154 0.5637019230769231 0.04927884615384615 0.04927884615384615
0 0.19831730769230768 0.5600961538461539 0.04927884615384615 0.04927884615384615
0 0.29927884615384615 0.5805288461538461 0.04927884615384615 0.04927884615384615
0 0.38461538461538464 0.5504807692307693 0.04927884615384615 0.04927884615384615
0 0.41225961538461536 0.5649038461538461 0.04927884615384615 0.04927884615384615
0 0.41947115384615385 0.5420673076923077 0.04927884615384615 0.04927884615384615
0 0.41225961538461536 0.5240384615384616 0.04927884615384615 0.04927884615384615
0 0.44711538461538464 0.5192307692307693 0.04927884615384615 0.04927884615384615
0 0.45552884615384615 0.5072115384615384 0.04927884615384615 0.04927884615384615
0 0.47475961538461536 0.515625 0.04927884615384615 0.04927884615384615
0 0.48677884615384615 0.49759615384615385 0.04927884615384615 0.04927884615384615
0 0.5180288461538461 0.5024038461538461 0.04927884615384615 0.04927884615384615
0 0.5228365384615384 0.4639423076923077 0.04927884615384615 0.04927884615384615
0 0.47836538461538464 0.4567307692307692 0.04927884615384615 0.04927884615384615
0 0.5480769230769231 0.46153846153846156 0.04927884615384615 0.04927884615384615
0 0.5709134615384616 0.4519230769230769 0.04927884615384615 0.04927884615384615
0 0.6778846153846154 0.4026442307692308 0.04927884615384615 0.04927884615384615
0 0.7139423076923077 0.4411057692307692 0.04927884615384615 0.04927884615384615
0 0.7319711538461539 0.4362980769230769 0.04927884615384615 0.04927884615384615
0 0.7367788461538461 0.38221153846153844 0.04927884615384615 0.04927884615384615
0 0.7632211538461539 0.36538461538461536 0.04927884615384615 0.04927884615384615
0 0.7524038461538461 0.3485576923076923 0.04927884615384615 0.04927884615384615
0 0.8425480769230769 0.22596153846153846 0.04927884615384615 0.04927884615384615
0 0.8737980769230769 0.26322115384615385 0.04927884615384615 0.04927884615384615
0 0.8581730769230769 0.27524038461538464 0.04927884615384615 0.04927884615384615
0 0.13822115384615385 0.35697115384615385 0.04927884615384615 0.04927884615384615
0 0.109375 0.31971153846153844 0.04927884615384615 0.04927884615384615
0 0.09615384615384616 0.2439903846153846 0.04927884615384615 0.04927884615384615
0 0.05889423076923077 0.09975961538461539 0.04927884615384615 0.04927884615384615