0 0.8545673076923077 0.28365384615384615 0.03485576923076923 0.03485576923076923
0 0.8990384615384616 0.31009615384615385 0.03485576923076923 0.03485576923076923
0 0.7932692307692307 0.40384615384615385 0.03485576923076923 0.03485576923076923
0 0.7776442307692307 0.45072115384615385 0.03485576923076923 0.03485576923076923
0 0.8401442307692307 0.4338942307692308 0.03485576923076923 0.03485576923076923
0 0.8329326923076923 0.48677884615384615 0.03485576923076923 0.03485576923076923
0 0.7764423076923077 0.5180288461538461 0.03485576923076923 0.03485576923076923
0 0.7319711538461539 0.5492788461538461 0.03485576923076923 0.03485576923076923
0 0.7259615384615384 0.47596153846153844 0.03485576923076923 0.03485576923076923
0 0.703125 0.5048076923076923 0.03485576923076923 0.03485576923076923
0 0.6875 0.5444711538461539 0.03485576923076923 0.03485576923076923
0 0.6646634615384616 0.5793269230769231 0.03485576923076923 0.03485576923076923
0 0.65625 0.7115384615384616 0.03485576923076923 0.03485576923076923
0 0.5492788461538461 0.6694711538461539 0.03485576923076923 0.03485576923076923
0 0.5252403846153846 0.6742788461538461 0.03485576923076923 0.03485576923076923
0 0.5492788461538461 0.7391826923076923 0.03485576923076923 0.03485576923076923
0 0.515625 0.765625 0.03485576923076923 0.03485576923076923
0 0.6875 0.5853365384615384 0.03485576923076923 0.03485576923076923
0 0.48677884615384615 0.7764423076923077 0.03485576923076923 0.03485576923076923
0 0.44591346153846156 0.7572115384615384 0.03485576923076923 0.03485576923076923
0 0.40384615384615385 0.8016826923076923 0.03485576923076923 0.03485576923076923
0 0.36538461538461536 0.8040865384615384 0.03485576923076923 0.03485576923076923
0 0.30649038461538464 0.7475961538461539 0.03485576923076923 0.03485576923076923
0 0.13942307692307693 0.7199519230769231 0.03485576923076923 0.03485576923076923
0 0.25600961538461536 0.7944711538461539 0.03485576923076923 0.03485576923076923
0 0.36899038461538464 0.7475961538461539 0.03485576923076923 0.03485576923076923
0 0.12259615384615384 0.7884615384615384 0.03485576923076923 0.03485576923076923
0 0.10817307692307693 0.8401442307692307 0.03485576923076923 0.03485576923076923
0 0.038461538461538464 0.8052884615384616 0.03485576923076923 0.03485576923076923
0 0.027644230769230768 0.7824519230769231 0.03485576923076923 0.03485576923076923