0 0.31490384615384615 0.9290865384615384 0.037259615384615384 0.037259615384615384
0 0.3473557692307692 0.8774038461538461 0.037259615384615384 0.037259615384615384
0 0.3918269230769231 0.8485576923076923 0.037259615384615384 0.037259615384615384
0 0.4375 0.8389423076923077 0.037259615384615384 0.037259615384615384
0 0.47596153846153844 0.8004807692307693 0.037259615384615384 0.037259615384615384
0 0.4879807692307692 0.7824519230769231 0.037259615384615384 0.037259615384615384
0 0.5168269230769231 0.7692307692307693 0.037259615384615384 0.037259615384615384
0 0.5576923076923077 0.7367788461538461 0.037259615384615384 0.037259615384615384
0 0.5793269230769231 0.7451923076923077 0.037259615384615384 0.037259615384615384
0 0.5564903846153846 0.7620192307692307 0.037259615384615384 0.037259615384615384
0 0.5997596153846154 0.7680288461538461 0.037259615384615384 0.037259615384615384
0 0.6634615384615384 0.7944711538461539 0.037259615384615384 0.037259615384615384
0 0.6550480769230769 0.7367788461538461 0.037259615384615384 0.037259615384615384
0 0.6766826923076923 0.7415865384615384 0.037259615384615384 0.037259615384615384
0 0.6911057692307693 0.7379807692307693 0.037259615384615384 0.037259615384615384
0 0.7079326923076923 0.7884615384615384 0.037259615384615384 0.037259615384615384
0 0.21634615384615385 0.8990384615384616 0.037259615384615384 0.037259615384615384
0 0.27884615384615385 0.8677884615384616 0.037259615384615384 0.037259615384615384
0 0.23677884615384615 0.7884615384615384 0.037259615384615384 0.037259615384615384
0 0.25240384615384615 0.7632211538461539 0.037259615384615384 0.037259615384615384
0 0.27884615384615385 0.8401442307692307 0.037259615384615384 0.037259615384615384
0 0.28846153846153844 0.8137019230769231 0.037259615384615384 0.037259615384615384
0 0.2608173076923077 0.6923076923076923 0.037259615384615384 0.037259615384615384
0 0.24278846153846154 0.6370192307692307 0.037259615384615384 0.037259615384615384
0 0.18269230769230768 0.5973557692307693 0.037259615384615384 0.037259615384615384
0 0.19230769230769232 0.5757211538461539 0.037259615384615384 0.037259615384615384
0 0.20192307692307693 0.6430288461538461 0.037259615384615384 0.037259615384615384
0 0.27403846153846156 0.7211538461538461 0.037259615384615384 0.037259615384615384
0 0.28725961538461536 0.7475961538461539 0.037259615384615384 0.037259615384615384
0 0.1875 0.5444711538461539 0.037259615384615384 0.037259615384615384
0 0.15504807692307693 0.5733173076923077 0.037259615384615384 0.037259615384615384
0 0.15144230769230768 0.5540865384615384 0.037259615384615384 0.037259615384615384
0 0.15745192307692307 0.5264423076923077 0.037259615384615384 0.037259615384615384
0 0.203125 0.4579326923076923 0.037259615384615384 0.037259615384615384
0 0.2091346153846154 0.3858173076923077 0.037259615384615384 0.037259615384615384
0 0.22355769230769232 0.33653846153846156 0.037259615384615384 0.037259615384615384
0 0.1814903846153846 0.38221153846153844 0.037259615384615384 0.037259615384615384
0 0.23197115384615385 0.30528846153846156 0.037259615384615384 0.037259615384615384
0 0.26802884615384615 0.30288461538461536 0.037259615384615384 0.037259615384615384
0 0.28966346153846156 0.2860576923076923 0.037259615384615384 0.037259615384615384
0 0.22115384615384615 0.18990384615384615 0.037259615384615384 0.037259615384615384
0 0.26322115384615385 0.18990384615384615 0.037259615384615384 0.037259615384615384
0 0.2536057692307692 0.1622596153846154 0.037259615384615384 0.037259615384615384
0 0.23677884615384615 0.17427884615384615 0.037259615384615384 0.037259615384615384
0 0.2247596153846154 0.15384615384615385 0.037259615384615384 0.037259615384615384
0 0.1971153846153846 0.07692307692307693 0.037259615384615384 0.037259615384615384
0 0.20793269230769232 0.051682692307692304 0.037259615384615384 0.037259615384615384
0 0.20072115384615385 0.027644230769230768 0.037259615384615384 0.037259615384615384
0 0.27163461538461536 0.8004807692307693 0.037259615384615384 0.037259615384615384
0 0.20673076923076922 0.43509615384615385 0.037259615384615384 0.037259615384615384