0 0.21634615384615385 0.037259615384615384 0.08653846153846154 0.07451923076923077
0 0.20673076923076922 0.07451923076923077 0.08653846153846154 0.08653846153846154
0 0.25961538461538464 0.09134615384615384 0.08653846153846154 0.08653846153846154
0 0.3317307692307692 0.10576923076923077 0.08653846153846154 0.08653846153846154
0 0.35697115384615385 0.17427884615384615 0.08653846153846154 0.08653846153846154
0 0.47836538461538464 0.12740384615384615 0.08653846153846154 0.08653846153846154
0 0.5252403846153846 0.26802884615384615 0.08653846153846154 0.08653846153846154
0 0.5961538461538461 0.2091346153846154 0.08653846153846154 0.08653846153846154
0 0.5997596153846154 0.2403846153846154 0.08653846153846154 0.08653846153846154
0 0.6069711538461539 0.31490384615384615 0.08653846153846154 0.08653846153846154
0 0.6466346153846154 0.31490384615384615 0.08653846153846154 0.08653846153846154
0 0.6189903846153846 0.36177884615384615 0.08653846153846154 0.08653846153846154
0 0.6742788461538461 0.39663461538461536 0.08653846153846154 0.08653846153846154
0 0.7163461538461539 0.33774038461538464 0.08653846153846154 0.08653846153846154
0 0.7403846153846154 0.38100961538461536 0.08653846153846154 0.08653846153846154
0 0.7127403846153846 0.47115384615384615 0.08653846153846154 0.08653846153846154
0 0.7307692307692307 0.4375 0.08653846153846154 0.08653846153846154
0 0.7680288461538461 0.41586538461538464 0.08653846153846154 0.08653846153846154
0 0.8497596153846154 0.46634615384615385 0.08653846153846154 0.08653846153846154
0 0.5757211538461539 0.33774038461538464 0.08653846153846154 0.08653846153846154
0 0.8461538461538461 0.42427884615384615 0.08653846153846154 0.08653846153846154
0 0.5757211538461539 0.7367788461538461 0.08653846153846154 0.08653846153846154
0 0.5649038461538461 0.7872596153846154 0.08653846153846154 0.08653846153846154
0 0.5336538461538461 0.8028846153846154 0.08653846153846154 0.08653846153846154
0 0.5336538461538461 0.7319711538461539 0.08653846153846154 0.08653846153846154
0 0.5192307692307693 0.7475961538461539 0.08653846153846154 0.08653846153846154
0 0.5060096153846154 0.7283653846153846 0.08653846153846154 0.08653846153846154
0 0.47115384615384615 0.7127403846153846 0.08653846153846154 0.08653846153846154
0 0.48197115384615385 0.7752403846153846 0.08653846153846154 0.08653846153846154
0 0.44350961538461536 0.6899038461538461 0.08653846153846154 0.08653846153846154
0 0.47115384615384615 0.6694711538461539 0.08653846153846154 0.08653846153846154
0 0.40024038461538464 0.7788461538461539 0.08653846153846154 0.08653846153846154
0 0.38100961538461536 0.6622596153846154 0.08653846153846154 0.08653846153846154
0 0.35336538461538464 0.6310096153846154 0.08653846153846154 0.08653846153846154
0 0.34134615384615385 0.6033653846153846 0.08653846153846154 0.08653846153846154
0 0.3713942307692308 0.7475961538461539 0.08653846153846154 0.08653846153846154
0 0.34615384615384615 0.6935096153846154 0.08653846153846154 0.08653846153846154
0 0.26802884615384615 0.7091346153846154 0.08653846153846154 0.08653846153846154
0 0.2247596153846154 0.6742788461538461 0.08653846153846154 0.08653846153846154
0 0.34975961538461536 0.7752403846153846 0.08653846153846154 0.08653846153846154
0 0.22115384615384615 0.6033653846153846 0.08653846153846154 0.08653846153846154
0 0.2091346153846154 0.5372596153846154 0.08653846153846154 0.08653846153846154
0 0.7439903846153846 0.7944711538461539 0.08653846153846154 0.08653846153846154
0 0.35336538461538464 0.056490384615384616 0.08653846153846154 0.08653846153846154
0 0.44711538461538464 0.08413461538461539 0.08653846153846154 0.08653846153846154