0 0.9170673076923077 0.6899038461538461 0.04927884615384615 0.04927884615384615
0 0.8713942307692307 0.7163461538461539 0.04927884615384615 0.04927884615384615
0 0.7992788461538461 0.7668269230769231 0.04927884615384615 0.04927884615384615
0 0.7560096153846154 0.7223557692307693 0.04927884615384615 0.04927884615384615
0 0.7596153846153846 0.7632211538461539 0.04927884615384615 0.04927884615384615
0 0.7403846153846154 0.7692307692307693 0.04927884615384615 0.04927884615384615
0 0.7055288461538461 0.7367788461538461 0.04927884615384615 0.04927884615384615
0 0.6646634615384616 0.8004807692307693 0.04927884615384615 0.04927884615384615
0 0.6478365384615384 0.7716346153846154 0.04927884615384615 0.04927884615384615
0 0.6069711538461539 0.7992788461538461 0.04927884615384615 0.04927884615384615
0 0.6310096153846154 0.8064903846153846 0.04927884615384615 0.04927884615384615
0 0.5865384615384616 0.8173076923076923 0.04927884615384615 0.04927884615384615
0 0.5336538461538461 0.7992788461538461 0.04927884615384615 0.04927884615384615
0 0.5336538461538461 0.7728365384615384 0.04927884615384615 0.04927884615384615
0 0.5721153846153846 0.7295673076923077 0.04927884615384615 0.04927884615384615
0 0.6069711538461539 0.6778846153846154 0.04927884615384615 0.04927884615384615
0 0.6069711538461539 0.6550480769230769 0.04927884615384615 0.04927884615384615
0 0.6490384615384616 0.6586538461538461 0.04927884615384615 0.04927884615384615
0 0.5841346153846154 0.6286057692307693 0.04927884615384615 0.04927884615384615
0 0.6045673076923077 0.5901442307692307 0.04927884615384615 0.04927884615384615
0 0.6622596153846154 0.5961538461538461 0.04927884615384615 0.04927884615384615
0 0.6802884615384616 0.5384615384615384 0.04927884615384615 0.04927884615384615
0 0.6322115384615384 0.5216346153846154 0.04927884615384615 0.04927884615384615
0 0.6778846153846154 0.46153846153846156 0.04927884615384615 0.04927884615384615
0 0.7019230769230769 0.4723557692307692 0.04927884615384615 0.04927884615384615
0 0.7463942307692307 0.41586538461538464 0.04927884615384615 0.04927884615384615
0 0.7355769230769231 0.3942307692307692 0.04927884615384615 0.04927884615384615
0 0.7055288461538461 0.38100961538461536 0.04927884615384615 0.04927884615384615
0 0.7139423076923077 0.32211538461538464 0.04927884615384615 0.04927884615384615
0 0.7560096153846154 0.3449519230769231 0.04927884615384615 0.04927884615384615
0 0.7271634615384616 0.29927884615384615 0.04927884615384615 0.04927884615384615
0 0.7223557692307693 0.28365384615384615 0.04927884615384615 0.04927884615384615
0 0.7572115384615384 0.27884615384615385 0.04927884615384615 0.04927884615384615
0 0.7199519230769231 0.24519230769230768 0.04927884615384615 0.04927884615384615
0 0.7139423076923077 0.2668269230769231 0.04927884615384615 0.04927884615384615
0 0.75 0.23317307692307693 0.04927884615384615 0.04927884615384615
0 0.7632211538461539 0.21033653846153846 0.04927884615384615 0.04927884615384615
0 0.7067307692307693 0.13581730769230768 0.04927884615384615 0.04927884615384615
0 0.734375 0.09735576923076923 0.04927884615384615 0.04927884615384615
0 0.7427884615384616 0.0673076923076923 0.04927884615384615 0.04927884615384615
0 0.7680288461538461 0.057692307692307696 0.04927884615384615 0.04927884615384615
0 0.7860576923076923 0.09615384615384616 0.04927884615384615 0.04927884615384615
0 0.8221153846153846 0.0829326923076923 0.04927884615384615 0.04927884615384615
0 0.8713942307692307 0.02283653846153846 0.04927884615384615 0.04447115384615385
0 0.5516826923076923 0.6911057692307693 0.04927884615384615 0.04927884615384615
0 0.4795673076923077 0.7295673076923077 0.04927884615384615 0.04927884615384615
0 0.47115384615384615 0.6454326923076923 0.04927884615384615 0.04927884615384615
0 0.38822115384615385 0.8052884615384616 0.04927884615384615 0.04927884615384615
0 0.38100961538461536 0.78125 0.04927884615384615 0.04927884615384615
0 0.41346153846153844 0.7512019230769231 0.04927884615384615 0.04927884615384615
0 0.42788461538461536 0.5901442307692307 0.04927884615384615 0.04927884615384615
0 0.38461538461538464 0.5805288461538461 0.04927884615384615 0.04927884615384615
0 0.40865384615384615 0.5600961538461539 0.04927884615384615 0.04927884615384615
0 0.40024038461538464 0.5444711538461539 0.04927884615384615 0.04927884615384615
0 0.40384615384615385 0.5300480769230769 0.04927884615384615 0.04927884615384615
0 0.34615384615384615 0.4338942307692308 0.04927884615384615 0.04927884615384615
0 0.3858173076923077 0.40384615384615385 0.04927884615384615 0.04927884615384615
0 0.3918269230769231 0.3701923076923077 0.04927884615384615 0.04927884615384615
0 0.35216346153846156 0.3581730769230769 0.04927884615384615 0.04927884615384615
0 0.3485576923076923 0.33052884615384615 0.04927884615384615 0.04927884615384615
0 0.3293269230769231 0.30649038461538464 0.04927884615384615 0.04927884615384615
0 0.38100961538461536 0.33052884615384615 0.04927884615384615 0.04927884615384615
0 0.3737980769230769 0.31971153846153844 0.04927884615384615 0.04927884615384615
0 0.33052884615384615 0.23798076923076922 0.04927884615384615 0.04927884615384615
0 0.36177884615384615 0.20673076923076922 0.04927884615384615 0.04927884615384615
0 0.36778846153846156 0.1875 0.04927884615384615 0.04927884615384615
0 0.36177884615384615 0.15985576923076922 0.04927884615384615 0.04927884615384615
0 0.3293269230769231 0.15384615384615385 0.04927884615384615 0.04927884615384615
0 0.3137019230769231 0.18509615384615385 0.04927884615384615 0.04927884615384615
0 0.35216346153846156 0.09615384615384616 0.04927884615384615 0.04927884615384615
0 0.31009615384615385 0.09134615384615384 0.04927884615384615 0.04927884615384615
0 0.35096153846153844 0.057692307692307696 0.04927884615384615 0.04927884615384615
0 0.28125 0.02403846153846154 0.04807692307692308 0.04807692307692308
0 0.35096153846153844 0.11899038461538461 0.04927884615384615 0.04927884615384615
0 0.28365384615384615 0.7632211538461539 0.04927884615384615 0.04927884615384615
0 0.2403846153846154 0.7283653846153846 0.04927884615384615 0.04927884615384615
0 0.24639423076923078 0.7692307692307693 0.04927884615384615 0.04927884615384615