0 0.5240384615384616 0.8149038461538461 0.052884615384615384 0.052884615384615384
0 0.5817307692307693 0.8834134615384616 0.052884615384615384 0.052884615384615384
0 0.5649038461538461 0.8617788461538461 0.052884615384615384 0.052884615384615384
0 0.5588942307692307 0.8040865384615384 0.052884615384615384 0.052884615384615384
0 0.5456730769230769 0.6802884615384616 0.052884615384615384 0.052884615384615384
0 0.5709134615384616 0.6790865384615384 0.052884615384615384 0.052884615384615384
0 0.5180288461538461 0.6442307692307693 0.052884615384615384 0.052884615384615384
0 0.5600961538461539 0.6478365384615384 0.052884615384615384 0.052884615384615384
0 0.5745192307692307 0.5793269230769231 0.052884615384615384 0.052884615384615384
0 0.578125 0.7992788461538461 0.052884615384615384 0.052884615384615384
0 0.5252403846153846 0.10096153846153846 0.052884615384615384 0.052884615384615384
0 0.5216346153846154 0.7091346153846154 0.052884615384615384 0.052884615384615384
0 0.47115384615384615 0.8846153846153846 0.052884615384615384 0.052884615384615384