0 0.038461538461538464 0.6430288461538461 0.04927884615384615 0.04927884615384615
0 0.09134615384615384 0.5865384615384616 0.04927884615384615 0.04927884615384615
0 0.14423076923076922 0.6141826923076923 0.04927884615384615 0.04927884615384615
0 0.23798076923076922 0.5240384615384616 0.04927884615384615 0.04927884615384615
0 0.2247596153846154 0.5456730769230769 0.04927884615384615 0.04927884615384615
0 0.2668269230769231 0.5492788461538461 0.04927884615384615 0.04927884615384615
0 0.2824519230769231 0.5709134615384616 0.04927884615384615 0.04927884615384615
0 0.27884615384615385 0.6069711538461539 0.04927884615384615 0.04927884615384615
0 0.34134615384615385 0.5949519230769231 0.04927884615384615 0.04927884615384615
0 0.42908653846153844 0.5901442307692307 0.04927884615384615 0.04927884615384615
0 0.4110576923076923 0.5228365384615384 0.04927884615384615 0.04927884615384615
0 0.44711538461538464 0.5 0.04927884615384615 0.04927884615384615
0 0.5564903846153846 0.5444711538461539 0.04927884615384615 0.04927884615384615
0 0.5456730769230769 0.47115384615384615 0.04927884615384615 0.04927884615384615
0 0.5132211538461539 0.47836538461538464 0.04927884615384615 0.04927884615384615
0 0.6370192307692307 0.5036057692307693 0.04927884615384615 0.04927884615384615
0 0.6802884615384616 0.45552884615384615 0.04927884615384615 0.04927884615384615
0 0.6826923076923077 0.5072115384615384 0.04927884615384615 0.04927884615384615
0 0.7163461538461539 0.49038461538461536 0.04927884615384615 0.04927884615384615
0 0.7199519230769231 0.44591346153846156 0.04927884615384615 0.04927884615384615
0 0.7319711538461539 0.42427884615384615 0.04927884615384615 0.04927884615384615
0 0.7572115384615384 0.43990384615384615 0.04927884615384615 0.04927884615384615
0 0.78125 0.44471153846153844 0.04927884615384615 0.04927884615384615
0 0.8617788461538461 0.4014423076923077 0.04927884615384615 0.04927884615384615
0 0.9326923076923077 0.36778846153846156 0.04927884615384615 0.04927884615384615
0 0.96875 0.3858173076923077 0.04927884615384615 0.04927884615384615
0 0.890625 0.4567307692307692 0.04927884615384615 0.04927884615384615
0 0.21153846153846154 0.5060096153846154 0.04927884615384615 0.04927884615384615