0 0.4519230769230769 0.11057692307692307 0.04447115384615385 0.04447115384615385
0 0.4254807692307692 0.13341346153846154 0.04447115384615385 0.04447115384615385
0 0.47115384615384615 0.19230769230769232 0.04447115384615385 0.04447115384615385
0 0.5396634615384616 0.24158653846153846 0.04447115384615385 0.04447115384615385
0 0.49038461538461536 0.23677884615384615 0.04447115384615385 0.04447115384615385
0 0.48677884615384615 0.27283653846153844 0.04447115384615385 0.04447115384615385
0 0.49158653846153844 0.29086538461538464 0.04447115384615385 0.04447115384615385
0 0.5084134615384616 0.3137019230769231 0.04447115384615385 0.04447115384615385
0 0.5372596153846154 0.36538461538461536 0.04447115384615385 0.04447115384615385
0 0.5817307692307693 0.36658653846153844 0.04447115384615385 0.04447115384615385
0 0.5949519230769231 0.33653846153846156 0.04447115384615385 0.04447115384615385
0 0.5649038461538461 0.40384615384615385 0.04447115384615385 0.04447115384615385
0 0.6286057692307693 0.39663461538461536 0.04447115384615385 0.04447115384615385
0 0.6177884615384616 0.43149038461538464 0.04447115384615385 0.04447115384615385
0 0.6021634615384616 0.4807692307692308 0.04447115384615385 0.04447115384615385
0 0.6394230769230769 0.5024038461538461 0.04447115384615385 0.04447115384615385
0 0.6177884615384616 0.5444711538461539 0.04447115384615385 0.04447115384615385
0 0.5901442307692307 0.5865384615384616 0.04447115384615385 0.04447115384615385
0 0.6358173076923077 0.5685096153846154 0.04447115384615385 0.04447115384615385
0 0.6069711538461539 0.6634615384615384 0.04447115384615385 0.04447115384615385
0 0.65625 0.65625 0.04447115384615385 0.04447115384615385
0 0.6153846153846154 0.7115384615384616 0.04447115384615385 0.04447115384615385
0 0.65625 0.7055288461538461 0.04447115384615385 0.04447115384615385
0 0.6995192307692307 0.734375 0.04447115384615385 0.04447115384615385
0 0.7355769230769231 0.7860576923076923 0.04447115384615385 0.04447115384615385
0 0.6502403846153846 0.7932692307692307 0.04447115384615385 0.04447115384615385
0 0.7115384615384616 0.8617788461538461 0.04447115384615385 0.04447115384615385
0 0.7055288461538461 0.9675480769230769 0.04447115384615385 0.04447115384615385