0 0.9807692307692307 0.6274038461538461 0.03485576923076923 0.03485576923076923
0 0.9615384615384616 0.6129807692307693 0.03485576923076923 0.03485576923076923
0 0.9627403846153846 0.5733173076923077 0.03485576923076923 0.03485576923076923
0 0.9230769230769231 0.5600961538461539 0.03485576923076923 0.03485576923076923
0 0.8930288461538461 0.6069711538461539 0.03485576923076923 0.03485576923076923
0 0.9050480769230769 0.59375 0.03485576923076923 0.03485576923076923
0 0.8882211538461539 0.546875 0.03485576923076923 0.03485576923076923
0 0.8701923076923077 0.5757211538461539 0.03485576923076923 0.03485576923076923
0 0.8557692307692307 0.5432692307692307 0.03485576923076923 0.03485576923076923
0 0.8413461538461539 0.5372596153846154 0.03485576923076923 0.03485576923076923
0 0.8365384615384616 0.6021634615384616 0.03485576923076923 0.03485576923076923
0 0.8209134615384616 0.5745192307692307 0.03485576923076923 0.03485576923076923
0 0.9002403846153846 0.5745192307692307 0.03485576923076923 0.03485576923076923
0 0.7716346153846154 0.5913461538461539 0.03485576923076923 0.03485576923076923
0 0.71875 0.5949519230769231 0.03485576923076923 0.03485576923076923
0 0.7115384615384616 0.5492788461538461 0.03485576923076923 0.03485576923076923
0 0.7463942307692307 0.546875 0.03485576923076923 0.03485576923076923
0 0.7740384615384616 0.5432692307692307 0.03485576923076923 0.03485576923076923
0 0.7752403846153846 0.5612980769230769 0.03485576923076923 0.03485576923076923
0 0.6971153846153846 0.578125 0.03485576923076923 0.03485576923076923
0 0.6862980769230769 0.5913461538461539 0.03485576923076923 0.03485576923076923
0 0.6478365384615384 0.5997596153846154 0.03485576923076923 0.03485576923076923
0 0.6634615384615384 0.5528846153846154 0.03485576923076923 0.03485576923076923
0 0.6382211538461539 0.5600961538461539 0.03485576923076923 0.03485576923076923
0 0.6045673076923077 0.5961538461538461 0.03485576923076923 0.03485576923076923
0 0.5889423076923077 0.5841346153846154 0.03485576923076923 0.03485576923076923
0 0.5973557692307693 0.5661057692307693 0.03485576923076923 0.03485576923076923
0 0.6009615384615384 0.5444711538461539 0.03485576923076923 0.03485576923076923
0 0.5300480769230769 0.5697115384615384 0.03485576923076923 0.03485576923076923
0 0.5192307692307693 0.5420673076923077 0.03485576923076923 0.03485576923076923
0 0.49759615384615385 0.5456730769230769 0.03485576923076923 0.03485576923076923
0 0.5072115384615384 0.5600961538461539 0.03485576923076923 0.03485576923076923
0 0.4699519230769231 0.5444711538461539 0.03485576923076923 0.03485576923076923
0 0.4651442307692308 0.5793269230769231 0.03485576923076923 0.03485576923076923
0 0.484375 0.5793269230769231 0.03485576923076923 0.03485576923076923
0 0.47596153846153844 0.5961538461538461 0.03485576923076923 0.03485576923076923
0 0.44350961538461536 0.5721153846153846 0.03485576923076923 0.03485576923076923
0 0.41225961538461536 0.5805288461538461 0.03485576923076923 0.03485576923076923
0 0.38221153846153844 0.5492788461538461 0.03485576923076923 0.03485576923076923
0 0.37740384615384615 0.5697115384615384 0.03485576923076923 0.03485576923076923
0 0.3545673076923077 0.5649038461538461 0.03485576923076923 0.03485576923076923
0 0.33413461538461536 0.5528846153846154 0.03485576923076923 0.03485576923076923
0 0.3112980769230769 0.5492788461538461 0.03485576923076923 0.03485576923076923
0 0.2920673076923077 0.5600961538461539 0.03485576923076923 0.03485576923076923
0 0.2764423076923077 0.5697115384615384 0.03485576923076923 0.03485576923076923
0 0.25600961538461536 0.5600961538461539 0.03485576923076923 0.03485576923076923
0 0.203125 0.6069711538461539 0.03485576923076923 0.03485576923076923
0 0.3173076923076923 0.5805288461538461 0.03485576923076923 0.03485576923076923
0 0.2247596153846154 0.5709134615384616 0.03485576923076923 0.03485576923076923
0 0.17427884615384615 0.6141826923076923 0.03485576923076923 0.03485576923076923
0 0.28125 0.5408653846153846 0.03485576923076923 0.03485576923076923
0 0.10216346153846154 0.6322115384615384 0.03485576923076923 0.03485576923076923
0 0.10697115384615384 0.5889423076923077 0.03485576923076923 0.03485576923076923
0 0.08052884615384616 0.6009615384615384 0.03485576923076923 0.03485576923076923
0 0.04807692307692308 0.6538461538461539 0.03485576923076923 0.03485576923076923
0 0.02403846153846154 0.6502403846153846 0.03485576923076923 0.03485576923076923
0 0.03365384615384615 0.6153846153846154 0.03485576923076923 0.03485576923076923
0 0.13701923076923078 0.6081730769230769 0.03485576923076923 0.03485576923076923
0 0.08173076923076923 0.625 0.03485576923076923 0.03485576923076923
0 0.018028846153846152 0.6322115384615384 0.03485576923076923 0.03485576923076923
0 0.9627403846153846 0.5516826923076923 0.03485576923076923 0.03485576923076923
0 0.9483173076923077 0.47596153846153844 0.03485576923076923 0.03485576923076923
0 0.9254807692307693 0.5012019230769231 0.03485576923076923 0.03485576923076923
0 0.8834134615384616 0.3870192307692308 0.03485576923076923 0.03485576923076923
0 0.8798076923076923 0.3557692307692308 0.03485576923076923 0.03485576923076923
0 0.8461538461538461 0.3762019230769231 0.03485576923076923 0.03485576923076923
0 0.8689903846153846 0.3269230769230769 0.03485576923076923 0.03485576923076923
0 0.7740384615384616 0.3076923076923077 0.03485576923076923 0.03485576923076923
0 0.8040865384615384 0.32572115384615385 0.03485576923076923 0.03485576923076923