0 0.6646634615384616 0.8786057692307693 0.04447115384615385 0.04447115384615385
0 0.5721153846153846 0.8930288461538461 0.04447115384615385 0.04447115384615385
0 0.5240384615384616 0.8798076923076923 0.04447115384615385 0.04447115384615385
0 0.5432692307692307 0.8004807692307693 0.04447115384615385 0.04447115384615385
0 0.48677884615384615 0.7403846153846154 0.04447115384615385 0.04447115384615385
0 0.46634615384615385 0.7956730769230769 0.04447115384615385 0.04447115384615385
0 0.6274038461538461 0.8882211538461539 0.04447115384615385 0.04447115384615385
0 0.6947115384615384 0.9086538461538461 0.04447115384615385 0.04447115384615385
0 0.39783653846153844 0.7608173076923077 0.04447115384615385 0.04447115384615385
0 0.3641826923076923 0.7596153846153846 0.04447115384615385 0.04447115384615385
0 0.34615384615384615 0.7223557692307693 0.04447115384615385 0.04447115384615385
0 0.31490384615384615 0.7019230769230769 0.04447115384615385 0.04447115384615385
0 0.3389423076923077 0.6766826923076923 0.04447115384615385 0.04447115384615385
0 0.3798076923076923 0.6983173076923077 0.04447115384615385 0.04447115384615385
0 0.40625 0.6694711538461539 0.04447115384615385 0.04447115384615385
0 0.4254807692307692 0.6995192307692307 0.04447115384615385 0.04447115384615385
0 0.2776442307692308 0.6875 0.04447115384615385 0.04447115384615385
0 0.25721153846153844 0.6634615384615384 0.04447115384615385 0.04447115384615385
0 0.21514423076923078 0.7007211538461539 0.04447115384615385 0.04447115384615385
0 0.19471153846153846 0.7584134615384616 0.04447115384615385 0.04447115384615385
0 0.23677884615384615 0.7524038461538461 0.04447115384615385 0.04447115384615385
0 0.2776442307692308 0.7524038461538461 0.04447115384615385 0.04447115384615385
0 0.21634615384615385 0.6634615384615384 0.04447115384615385 0.04447115384615385
0 0.19471153846153846 0.5865384615384616 0.04447115384615385 0.04447115384615385
0 0.296875 0.5240384615384616 0.04447115384615385 0.04447115384615385
0 0.2512019230769231 0.49759615384615385 0.04447115384615385 0.04447115384615385
0 0.26322115384615385 0.4567307692307692 0.04447115384615385 0.04447115384615385
0 0.26802884615384615 0.43028846153846156 0.04447115384615385 0.04447115384615385
0 0.3125 0.44350961538461536 0.04447115384615385 0.04447115384615385
0 0.33774038461538464 0.34615384615384615 0.04447115384615385 0.04447115384615385
0 0.35096153846153844 0.41346153846153844 0.04447115384615385 0.04447115384615385
0 0.38461538461538464 0.39302884615384615 0.04447115384615385 0.04447115384615385
0 0.41346153846153844 0.38341346153846156 0.04447115384615385 0.04447115384615385
0 0.38822115384615385 0.30649038461538464 0.04447115384615385 0.04447115384615385
0 0.4110576923076923 0.29927884615384615 0.04447115384615385 0.04447115384615385
0 0.43028846153846156 0.27884615384615385 0.04447115384615385 0.04447115384615385
0 0.4110576923076923 0.26322115384615385 0.04447115384615385 0.04447115384615385
0 0.44591346153846156 0.24158653846153846 0.04447115384615385 0.04447115384615385
0 0.47115384615384615 0.31850961538461536 0.04447115384615385 0.04447115384615385
0 0.43509615384615385 0.3317307692307692 0.04447115384615385 0.04447115384615385
0 0.5 0.30408653846153844 0.04447115384615385 0.04447115384615385
0 0.5324519230769231 0.29447115384615385 0.04447115384615385 0.04447115384615385
0 0.5540865384615384 0.28725961538461536 0.04447115384615385 0.04447115384615385
0 0.5552884615384616 0.23677884615384615 0.04447115384615385 0.04447115384615385
0 0.5901442307692307 0.26322115384615385 0.04447115384615385 0.04447115384615385
0 0.37740384615384615 0.33653846153846156 0.04447115384615385 0.04447115384615385
0 0.6442307692307693 0.19471153846153846 0.04447115384615385 0.04447115384615385
0 0.5444711538461539 0.20072115384615385 0.04447115384615385 0.04447115384615385
0 0.5240384615384616 0.16947115384615385 0.04447115384615385 0.04447115384615385
0 0.48197115384615385 0.15264423076923078 0.04447115384615385 0.04447115384615385
0 0.5036057692307693 0.17427884615384615 0.04447115384615385 0.04447115384615385
0 0.5588942307692307 0.15865384615384615 0.04447115384615385 0.04447115384615385
0 0.578125 0.109375 0.04447115384615385 0.04447115384615385
0 0.5564903846153846 0.06971153846153846 0.04447115384615385 0.04447115384615385
0 0.5360576923076923 0.1201923076923077 0.04447115384615385 0.04447115384615385
0 0.24158653846153846 0.5504807692307693 0.04447115384615385 0.04447115384615385