0 0.3701923076923077 0.15264423076923078 0.04927884615384615 0.04927884615384615
0 0.33413461538461536 0.21754807692307693 0.04927884615384615 0.04927884615384615
0 0.3137019230769231 0.25600961538461536 0.04927884615384615 0.04927884615384615
0 0.2548076923076923 0.26322115384615385 0.04927884615384615 0.04927884615384615
0 0.25 0.28846153846153844 0.04927884615384615 0.04927884615384615
0 0.2800480769230769 0.36778846153846156 0.04927884615384615 0.04927884615384615
0 0.3076923076923077 0.4098557692307692 0.04927884615384615 0.04927884615384615
0 0.34975961538461536 0.33413461538461536 0.04927884615384615 0.04927884615384615
0 0.36177884615384615 0.38221153846153844 0.04927884615384615 0.04927884615384615
0 0.4170673076923077 0.5264423076923077 0.04927884615384615 0.04927884615384615
0 0.5132211538461539 0.484375 0.04927884615384615 0.04927884615384615
0 0.5384615384615384 0.6394230769230769 0.04927884615384615 0.04927884615384615
0 0.5925480769230769 0.6129807692307693 0.04927884615384615 0.04927884615384615
0 0.6177884615384616 0.7115384615384616 0.04927884615384615 0.04927884615384615
0 0.6935096153846154 0.6983173076923077 0.04927884615384615 0.04927884615384615
0 0.703125 0.7944711538461539 0.04927884615384615 0.04927884615384615
0 0.7572115384615384 0.8617788461538461 0.04927884615384615 0.04927884615384615
0 0.7848557692307693 0.7992788461538461 0.04927884615384615 0.04927884615384615
0 0.796875 0.8882211538461539 0.04927884615384615 0.04927884615384615
0 0.8257211538461539 0.9302884615384616 0.04927884615384615 0.04927884615384615
0 0.7740384615384616 0.8557692307692307 0.04927884615384615 0.04927884615384615
0 0.5865384615384616 0.6754807692307693 0.04927884615384615 0.04927884615384615