0 0.2620192307692308 0.040865384615384616 0.08653846153846154 0.08173076923076923
0 0.2776442307692308 0.06850961538461539 0.08653846153846154 0.08653846153846154
0 0.27524038461538464 0.18990384615384615 0.08653846153846154 0.08653846153846154
0 0.3401442307692308 0.1971153846153846 0.08653846153846154 0.08653846153846154
0 0.38100961538461536 0.2127403846153846 0.08653846153846154 0.08653846153846154
0 0.34615384615384615 0.28725961538461536 0.08653846153846154 0.08653846153846154
0 0.34134615384615385 0.32572115384615385 0.08653846153846154 0.08653846153846154
0 0.48677884615384615 0.31850961538461536 0.08653846153846154 0.08653846153846154
0 0.40024038461538464 0.41947115384615385 0.08653846153846154 0.08653846153846154
0 0.49759615384615385 0.38100961538461536 0.08653846153846154 0.08653846153846154
0 0.47836538461538464 0.46634615384615385 0.08653846153846154 0.08653846153846154
0 0.5180288461538461 0.47836538461538464 0.08653846153846154 0.08653846153846154
0 0.5600961538461539 0.40384615384615385 0.08653846153846154 0.08653846153846154
0 0.6225961538461539 0.45913461538461536 0.08653846153846154 0.08653846153846154
0 0.5336538461538461 0.5528846153846154 0.08653846153846154 0.08653846153846154
0 0.5649038461538461 0.5649038461538461 0.08653846153846154 0.08653846153846154
0 0.6310096153846154 0.5336538461538461 0.08653846153846154 0.08653846153846154
0 0.5997596153846154 0.6225961538461539 0.08653846153846154 0.08653846153846154
0 0.6069711538461539 0.7247596153846154 0.08653846153846154 0.08653846153846154
0 0.625 0.8149038461538461 0.08653846153846154 0.08653846153846154
0 0.5564903846153846 0.9242788461538461 0.08653846153846154 0.08653846153846154
0 0.49759615384615385 0.9435096153846154 0.08653846153846154 0.08653846153846154
0 0.38822115384615385 0.8185096153846154 0.08653846153846154 0.08653846153846154
0 0.25721153846153844 0.8942307692307693 0.08653846153846154 0.08653846153846154
0 0.23677884615384615 0.8100961538461539 0.08653846153846154 0.08653846153846154
0 0.7091346153846154 0.6466346153846154 0.08653846153846154 0.08653846153846154
0 0.8197115384615384 0.48197115384615385 0.08653846153846154 0.08653846153846154