0 0.15264423076923078 0.7680288461538461 0.046875 0.046875
0 0.23677884615384615 0.6814903846153846 0.046875 0.046875
0 0.1814903846153846 0.6346153846153846 0.046875 0.046875
0 0.19951923076923078 0.5913461538461539 0.046875 0.046875
0 0.23197115384615385 0.5600961538461539 0.046875 0.046875
0 0.25600961538461536 0.578125 0.046875 0.046875
0 0.27163461538461536 0.5564903846153846 0.046875 0.046875
0 0.2283653846153846 0.5096153846153846 0.046875 0.046875
0 0.31850961538461536 0.4495192307692308 0.046875 0.046875
0 0.23197115384615385 0.40384615384615385 0.046875 0.046875
0 0.25961538461538464 0.36899038461538464 0.046875 0.046875
0 0.28365384615384615 0.35697115384615385 0.046875 0.046875
0 0.32572115384615385 0.36538461538461536 0.046875 0.046875
0 0.32572115384615385 0.40384615384615385 0.046875 0.046875
0 0.29086538461538464 0.33774038461538464 0.046875 0.046875
0 0.26802884615384615 0.32572115384615385 0.046875 0.046875
0 0.5288461538461539 0.28725961538461536 0.046875 0.046875
0 0.5060096153846154 0.36538461538461536 0.046875 0.046875
0 0.5492788461538461 0.32211538461538464 0.046875 0.046875
0 0.5685096153846154 0.35096153846153844 0.046875 0.046875
0 0.5721153846153846 0.38100961538461536 0.046875 0.046875
0 0.5661057692307693 0.41225961538461536 0.046875 0.046875
0 0.6033653846153846 0.421875 0.046875 0.046875
0 0.5877403846153846 0.45552884615384615 0.046875 0.046875
0 0.5757211538461539 0.5649038461538461 0.046875 0.046875
0 0.5600961538461539 0.5913461538461539 0.046875 0.046875
0 0.5649038461538461 0.6310096153846154 0.046875 0.046875
0 0.6009615384615384 0.6117788461538461 0.046875 0.046875
0 0.6346153846153846 0.6069711538461539 0.046875 0.046875
0 0.5805288461538461 0.6658653846153846 0.046875 0.046875
0 0.6899038461538461 0.5060096153846154 0.046875 0.046875
0 0.6911057692307693 0.5841346153846154 0.046875 0.046875
0 0.6850961538461539 0.6117788461538461 0.046875 0.046875
0 0.7403846153846154 0.6117788461538461 0.046875 0.046875
0 0.7788461538461539 0.5997596153846154 0.046875 0.046875
0 0.8149038461538461 0.6189903846153846 0.046875 0.046875
0 0.8377403846153846 0.6117788461538461 0.046875 0.046875