0 0.5793269230769231 0.23317307692307693 0.04927884615384615 0.04927884615384615
0 0.5973557692307693 0.26802884615384615 0.04927884615384615 0.04927884615384615
0 0.6081730769230769 0.20552884615384615 0.04927884615384615 0.04927884615384615
0 0.6478365384615384 0.20793269230769232 0.04927884615384615 0.04927884615384615
0 0.6947115384615384 0.203125 0.04927884615384615 0.04927884615384615
0 0.6778846153846154 0.24879807692307693 0.04927884615384615 0.04927884615384615
0 0.6959134615384616 0.2536057692307692 0.04927884615384615 0.04927884615384615
0 0.7199519230769231 0.2620192307692308 0.04927884615384615 0.04927884615384615
0 0.8149038461538461 0.2644230769230769 0.04927884615384615 0.04927884615384615
0 0.8305288461538461 0.328125 0.04927884615384615 0.04927884615384615
0 0.7584134615384616 0.20793269230769232 0.04927884615384615 0.04927884615384615
0 0.7524038461538461 0.17427884615384615 0.04927884615384615 0.04927884615384615
0 0.7740384615384616 0.14302884615384615 0.04927884615384615 0.04927884615384615
0 0.8161057692307693 0.18389423076923078 0.04927884615384615 0.04927884615384615
0 0.8521634615384616 0.34975961538461536 0.04927884615384615 0.04927884615384615
0 0.8798076923076923 0.36899038461538464 0.04927884615384615 0.04927884615384615
0 0.5685096153846154 0.3870192307692308 0.04927884615384615 0.04927884615384615
0 0.5637019230769231 0.4206730769230769 0.04927884615384615 0.04927884615384615
0 0.5300480769230769 0.43990384615384615 0.04927884615384615 0.04927884615384615
0 0.5144230769230769 0.46153846153846156 0.04927884615384615 0.04927884615384615
0 0.47475961538461536 0.4519230769230769 0.04927884615384615 0.04927884615384615
0 0.40024038461538464 0.49759615384615385 0.04927884615384615 0.04927884615384615
0 0.35697115384615385 0.5432692307692307 0.04927884615384615 0.04927884615384615
0 0.35096153846153844 0.5288461538461539 0.04927884615384615 0.04927884615384615
0 0.3545673076923077 0.5721153846153846 0.04927884615384615 0.04927884615384615
0 0.34134615384615385 0.5853365384615384 0.04927884615384615 0.04927884615384615
0 0.3137019230769231 0.5685096153846154 0.04927884615384615 0.04927884615384615
0 0.2860576923076923 0.578125 0.04927884615384615 0.04927884615384615
0 0.27524038461538464 0.5588942307692307 0.04927884615384615 0.04927884615384615
0 0.30408653846153844 0.6201923076923077 0.04927884615384615 0.04927884615384615
0 0.296875 0.6574519230769231 0.04927884615384615 0.04927884615384615
0 0.25240384615384615 0.6947115384615384 0.04927884615384615 0.04927884615384615
0 0.21995192307692307 0.6875 0.04927884615384615 0.04927884615384615
0 0.23677884615384615 0.7259615384615384 0.04927884615384615 0.04927884615384615
0 0.19471153846153846 0.7487980769230769 0.04927884615384615 0.04927884615384615
0 0.22716346153846154 0.7668269230769231 0.04927884615384615 0.04927884615384615
0 0.22115384615384615 0.7884615384615384 0.04927884615384615 0.04927884615384615
0 0.25841346153846156 0.6514423076923077 0.04927884615384615 0.04927884615384615