0 0.5552884615384616 0.7247596153846154 0.04447115384615385 0.04447115384615385
0 0.5793269230769231 0.6935096153846154 0.04447115384615385 0.04447115384615385
0 0.5384615384615384 0.5564903846153846 0.04447115384615385 0.04447115384615385
0 0.5721153846153846 0.5492788461538461 0.04447115384615385 0.04447115384615385
0 0.5180288461538461 0.5492788461538461 0.04447115384615385 0.04447115384615385
0 0.5288461538461539 0.4519230769230769 0.04447115384615385 0.04447115384615385
0 0.5228365384615384 0.33653846153846156 0.04447115384615385 0.04447115384615385
0 0.5456730769230769 0.28846153846153844 0.04447115384615385 0.04447115384615385
0 0.5600961538461539 0.19591346153846154 0.04447115384615385 0.04447115384615385
0 0.5625 0.15264423076923078 0.04447115384615385 0.04447115384615385
0 0.5240384615384616 0.10697115384615384 0.04447115384615385 0.04447115384615385
0 0.5817307692307693 0.3293269230769231 0.04447115384615385 0.04447115384615385
0 0.5685096153846154 0.3629807692307692 0.04447115384615385 0.04447115384615385
0 0.5300480769230769 0.9050480769230769 0.04447115384615385 0.04447115384615385
0 0.31009615384615385 0.8665865384615384 0.04447115384615385 0.04447115384615385
0 0.2091346153846154 0.9170673076923077 0.04447115384615385 0.04447115384615385