0 0.3173076923076923 0.125 0.052884615384615384 0.052884615384615384
0 0.39783653846153844 0.15745192307692307 0.052884615384615384 0.052884615384615384
0 0.6189903846153846 0.04447115384615385 0.052884615384615384 0.052884615384615384
0 0.6706730769230769 0.1466346153846154 0.052884615384615384 0.052884615384615384
0 0.6322115384615384 0.32211538461538464 0.052884615384615384 0.052884615384615384
0 0.6935096153846154 0.33052884615384615 0.052884615384615384 0.052884615384615384
0 0.6117788461538461 0.43028846153846156 0.052884615384615384 0.052884615384615384
0 0.5588942307692307 0.47115384615384615 0.052884615384615384 0.052884615384615384
0 0.6129807692307693 0.5913461538461539 0.052884615384615384 0.052884615384615384
0 0.5733173076923077 0.5649038461538461 0.052884615384615384 0.052884615384615384
0 0.6466346153846154 0.6394230769230769 0.052884615384615384 0.052884615384615384
0 0.48677884615384615 0.6862980769230769 0.052884615384615384 0.052884615384615384
0 0.6911057692307693 0.828125 0.052884615384615384 0.052884615384615384
0 0.6490384615384616 0.9038461538461539 0.052884615384615384 0.052884615384615384
0 0.6430288461538461 0.9579326923076923 0.052884615384615384 0.052884615384615384
0 0.6598557692307693 0.9230769230769231 0.052884615384615384 0.052884615384615384
0 0.6754807692307693 0.515625 0.052884615384615384 0.052884615384615384
0 0.48197115384615385 0.09134615384615384 0.052884615384615384 0.052884615384615384