0 0.7367788461538461 0.9675480769230769 0.03485576923076923 0.03485576923076923
0 0.6899038461538461 0.9375 0.03485576923076923 0.03485576923076923
0 0.7235576923076923 0.9038461538461539 0.03485576923076923 0.03485576923076923
0 0.7872596153846154 0.875 0.03485576923076923 0.03485576923076923
0 0.8882211538461539 0.8197115384615384 0.03485576923076923 0.03485576923076923
0 0.8449519230769231 0.5552884615384616 0.03485576923076923 0.03485576923076923
0 0.8401442307692307 0.5048076923076923 0.03485576923076923 0.03485576923076923
0 0.8377403846153846 0.4807692307692308 0.03485576923076923 0.03485576923076923
0 0.8329326923076923 0.45913461538461536 0.03485576923076923 0.03485576923076923
0 0.8149038461538461 0.4411057692307692 0.03485576923076923 0.03485576923076923
0 0.7800480769230769 0.6754807692307693 0.03485576923076923 0.03485576923076923
0 0.7632211538461539 0.6225961538461539 0.03485576923076923 0.03485576923076923
0 0.7692307692307693 0.5817307692307693 0.03485576923076923 0.03485576923076923
0 0.7524038461538461 0.5649038461538461 0.03485576923076923 0.03485576923076923
0 0.7103365384615384 0.6165865384615384 0.03485576923076923 0.03485576923076923
0 0.6971153846153846 0.5456730769230769 0.03485576923076923 0.03485576923076923
0 0.6490384615384616 0.5252403846153846 0.03485576923076923 0.03485576923076923
0 0.609375 0.5697115384615384 0.03485576923076923 0.03485576923076923
0 0.6382211538461539 0.6105769230769231 0.03485576923076923 0.03485576923076923
0 0.6322115384615384 0.46875 0.03485576923076923 0.03485576923076923
0 0.5324519230769231 0.5901442307692307 0.03485576923076923 0.03485576923076923
0 0.49759615384615385 0.484375 0.03485576923076923 0.03485576923076923
0 0.4362980769230769 0.4831730769230769 0.03485576923076923 0.03485576923076923
0 0.42427884615384615 0.43028846153846156 0.03485576923076923 0.03485576923076923
0 0.3858173076923077 0.38461538461538464 0.03485576923076923 0.03485576923076923
0 0.36778846153846156 0.35096153846153844 0.03485576923076923 0.03485576923076923
0 0.3425480769230769 0.38822115384615385 0.03485576923076923 0.03485576923076923
0 0.30288461538461536 0.2704326923076923 0.03485576923076923 0.03485576923076923
0 0.2860576923076923 0.29447115384615385 0.03485576923076923 0.03485576923076923
0 0.20552884615384615 0.24278846153846154 0.03485576923076923 0.03485576923076923
0 0.1814903846153846 0.1935096153846154 0.03485576923076923 0.03485576923076923
0 0.15745192307692307 0.21634615384615385 0.03485576923076923 0.03485576923076923
0 0.12379807692307693 0.140625 0.03485576923076923 0.03485576923076923
0 0.20072115384615385 0.1778846153846154 0.03485576923076923 0.03485576923076923
0 0.14903846153846154 0.17908653846153846 0.03485576923076923 0.03485576923076923
0 0.13221153846153846 0.09014423076923077 0.03485576923076923 0.03485576923076923
0 0.17908653846153846 0.25 0.03485576923076923 0.03485576923076923
0 0.11177884615384616 0.16346153846153846 0.03485576923076923 0.03485576923076923
0 0.06009615384615385 0.09134615384615384 0.03485576923076923 0.03485576923076923
0 0.2860576923076923 0.3112980769230769 0.03485576923076923 0.03485576923076923
0 0.4795673076923077 0.5276442307692307 0.03485576923076923 0.03485576923076923