0 0.020432692307692308 0.08653846153846154 0.03125 0.03125
0 0.0625 0.06971153846153846 0.03125 0.03125
0 0.07932692307692307 0.0829326923076923 0.03125 0.03125
0 0.12860576923076922 0.13581730769230768 0.03125 0.03125
0 0.18509615384615385 0.109375 0.03125 0.03125
0 0.17307692307692307 0.14903846153846154 0.03125 0.03125
0 0.15865384615384615 0.171875 0.03125 0.03125
0 0.24759615384615385 0.14903846153846154 0.03125 0.03125
0 0.2644230769230769 0.10336538461538461 0.03125 0.03125
0 0.28846153846153844 0.15985576923076922 0.03125 0.03125
0 0.29927884615384615 0.14543269230769232 0.03125 0.03125
0 0.3545673076923077 0.09375 0.03125 0.03125
0 0.33052884615384615 0.09615384615384616 0.03125 0.03125
0 0.4098557692307692 0.08774038461538461 0.03125 0.03125
0 0.43509615384615385 0.08052884615384616 0.03125 0.03125
0 0.5168269230769231 0.11778846153846154 0.03125 0.03125
0 0.5252403846153846 0.14903846153846154 0.03125 0.03125
0 0.5600961538461539 0.16466346153846154 0.03125 0.03125
0 0.5697115384615384 0.17908653846153846 0.03125 0.03125
0 0.4879807692307692 0.22115384615384615 0.03125 0.03125
0 0.5288461538461539 0.23557692307692307 0.03125 0.03125
0 0.48677884615384615 0.23677884615384615 0.03125 0.03125
0 0.484375 0.26802884615384615 0.03125 0.03125
0 0.5240384615384616 0.30528846153846156 0.03125 0.03125
0 0.5132211538461539 0.3173076923076923 0.03125 0.03125
0 0.5096153846153846 0.36538461538461536 0.03125 0.03125
0 0.47115384615384615 0.37740384615384615 0.03125 0.03125
0 0.46634615384615385 0.39663461538461536 0.03125 0.03125
0 0.4519230769230769 0.47716346153846156 0.03125 0.03125
0 0.44591346153846156 0.4879807692307692 0.03125 0.03125
0 0.4411057692307692 0.5024038461538461 0.03125 0.03125
0 0.49399038461538464 0.5024038461538461 0.03125 0.03125
0 0.5024038461538461 0.46153846153846156 0.03125 0.03125
0 0.5697115384615384 0.48197115384615385 0.03125 0.03125
0 0.4411057692307692 0.5288461538461539 0.03125 0.03125
0 0.43990384615384615 0.5480769230769231 0.03125 0.03125
0 0.49278846153846156 0.5516826923076923 0.03125 0.03125
0 0.40865384615384615 0.6225961538461539 0.03125 0.03125
0 0.4098557692307692 0.6430288461538461 0.03125 0.03125
0 0.3942307692307692 0.6694711538461539 0.03125 0.03125
0 0.41346153846153844 0.6778846153846154 0.03125 0.03125
0 0.41346153846153844 0.6911057692307693 0.03125 0.03125
0 0.47596153846153844 0.7163461538461539 0.03125 0.03125
0 0.4362980769230769 0.7391826923076923 0.03125 0.03125
0 0.5360576923076923 0.7956730769230769 0.03125 0.03125
0 0.5420673076923077 0.8197115384615384 0.03125 0.03125
0 0.5348557692307693 0.9038461538461539 0.03125 0.03125
0 0.5492788461538461 0.9170673076923077 0.03125 0.03125
0 0.5552884615384616 0.9350961538461539 0.03125 0.03125
0 0.5360576923076923 0.9399038461538461 0.03125 0.03125
0 0.5288461538461539 0.3485576923076923 0.03125 0.03125
0 0.5204326923076923 0.45552884615384615 0.03125 0.03125
0 0.5925480769230769 0.921875 0.03125 0.03125
0 0.9639423076923077 0.20192307692307693 0.03125 0.03125
0 0.9423076923076923 0.1935096153846154 0.03125 0.03125
0 0.9278846153846154 0.18269230769230768 0.03125 0.03125
0 0.8161057692307693 0.1814903846153846 0.03125 0.03125
0 0.8737980769230769 0.23076923076923078 0.03125 0.03125
0 0.8461538461538461 0.3004807692307692 0.03125 0.03125
0 0.9038461538461539 0.31490384615384615 0.03125 0.03125
0 0.90625 0.33774038461538464 0.03125 0.03125
0 0.8605769230769231 0.31490384615384615 0.03125 0.03125
0 0.8870192307692307 0.2980769230769231 0.03125 0.03125
0 0.8834134615384616 0.2764423076923077 0.03125 0.03125
0 0.8605769230769231 0.35216346153846156 0.03125 0.03125
0 0.8569711538461539 0.4026442307692308 0.03125 0.03125
0 0.8197115384615384 0.42427884615384615 0.03125 0.03125
0 0.8930288461538461 0.5108173076923077 0.03125 0.03125
0 0.8930288461538461 0.53125 0.03125 0.03125
0 0.8918269230769231 0.4855769230769231 0.03125 0.03125
0 0.8966346153846154 0.4483173076923077 0.03125 0.03125
0 0.8533653846153846 0.5108173076923077 0.03125 0.03125
0 0.8365384615384616 0.5612980769230769 0.03125 0.03125
0 0.8545673076923077 0.5853365384615384 0.03125 0.03125
0 0.8882211538461539 0.6057692307692307 0.03125 0.03125
0 0.8064903846153846 0.49759615384615385 0.03125 0.03125
0 0.8293269230769231 0.45552884615384615 0.03125 0.03125
0 0.9603365384615384 0.6009615384615384 0.03125 0.03125
0 0.9459134615384616 0.6622596153846154 0.03125 0.03125
0 0.9507211538461539 0.6466346153846154 0.03125 0.03125
0 0.9146634615384616 0.5552884615384616 0.03125 0.03125
0 0.9074519230769231 0.6466346153846154 0.03125 0.03125
0 0.5444711538461539 0.8509615384615384 0.03125 0.03125