0 0.46033653846153844 0.44711538461538464 0.04326923076923077 0.04326923076923077
0 0.40865384615384615 0.546875 0.04326923076923077 0.04326923076923077
0 0.6274038461538461 0.7211538461538461 0.04326923076923077 0.04326923076923077
0 0.36899038461538464 0.6947115384615384 0.04326923076923077 0.04326923076923077
0 0.39302884615384615 0.6490384615384616 0.04326923076923077 0.04326923076923077
0 0.4951923076923077 0.6382211538461539 0.04326923076923077 0.04326923076923077
0 0.3629807692307692 0.5264423076923077 0.04326923076923077 0.04326923076923077
0 0.3161057692307692 0.3629807692307692 0.04326923076923077 0.04326923076923077
0 0.35096153846153844 0.46153846153846156 0.04326923076923077 0.04326923076923077
0 0.34375 0.5036057692307693 0.04326923076923077 0.04326923076923077
0 0.32572115384615385 0.28725961538461536 0.04326923076923077 0.04326923076923077
0 0.3004807692307692 0.34375 0.04326923076923077 0.04326923076923077
0 0.25600961538461536 0.20673076923076922 0.04326923076923077 0.04326923076923077
0 0.2776442307692308 0.2776442307692308 0.04326923076923077 0.04326923076923077
0 0.4879807692307692 0.5252403846153846 0.04326923076923077 0.04326923076923077
0 0.4098557692307692 0.5024038461538461 0.04326923076923077 0.04326923076923077
0 0.40625 0.47596153846153844 0.04326923076923077 0.04326923076923077
0 0.41947115384615385 0.4098557692307692 0.04326923076923077 0.04326923076923077
0 0.43149038461538464 0.43149038461538464 0.04326923076923077 0.04326923076923077
0 0.37740384615384615 0.38822115384615385 0.04326923076923077 0.04326923076923077
0 0.5096153846153846 0.6802884615384616 0.04326923076923077 0.04326923076923077
0 0.27884615384615385 0.6274038461538461 0.04326923076923077 0.04326923076923077
0 0.48197115384615385 0.7740384615384616 0.04326923076923077 0.04326923076923077
0 0.6033653846153846 0.8161057692307693 0.04326923076923077 0.04326923076923077
0 0.703125 0.8365384615384616 0.04326923076923077 0.04326923076923077
0 0.6694711538461539 0.8149038461538461 0.04326923076923077 0.04326923076923077
0 0.7379807692307693 0.8990384615384616 0.04326923076923077 0.04326923076923077
0 0.7632211538461539 0.9026442307692307 0.04326923076923077 0.04326923076923077
0 0.8774038461538461 0.26322115384615385 0.04326923076923077 0.04326923076923077
0 0.9242788461538461 0.1971153846153846 0.04326923076923077 0.04326923076923077
0 0.9038461538461539 0.1502403846153846 0.04326923076923077 0.04326923076923077
0 0.8713942307692307 0.18389423076923078 0.04326923076923077 0.04326923076923077
0 0.8533653846153846 0.17548076923076922 0.04326923076923077 0.04326923076923077
0 0.8473557692307693 0.14302884615384615 0.04326923076923077 0.04326923076923077
0 0.8161057692307693 0.11778846153846154 0.04326923076923077 0.04326923076923077
0 0.8100961538461539 0.05889423076923077 0.04326923076923077 0.04326923076923077