0 0.7872596153846154 0.8617788461538461 0.03125 0.03125
0 0.7355769230769231 0.8737980769230769 0.03125 0.03125
0 0.734375 0.8461538461538461 0.03125 0.03125
0 0.7331730769230769 0.7944711538461539 0.03125 0.03125
0 0.7427884615384616 0.7584134615384616 0.03125 0.03125
0 0.7487980769230769 0.7283653846153846 0.03125 0.03125
0 0.7319711538461539 0.6983173076923077 0.03125 0.03125
0 0.75 0.6766826923076923 0.03125 0.03125
0 0.765625 0.6658653846153846 0.03125 0.03125
0 0.7572115384615384 0.6177884615384616 0.03125 0.03125
0 0.7836538461538461 0.6117788461538461 0.03125 0.03125
0 0.8545673076923077 0.5072115384615384 0.03125 0.03125
0 0.9098557692307693 0.5360576923076923 0.03125 0.03125
0 0.9254807692307693 0.5036057692307693 0.03125 0.03125
0 0.7848557692307693 0.7776442307692307 0.03125 0.03125
0 0.4855769230769231 0.43149038461538464 0.03125 0.03125
0 0.5012019230769231 0.3786057692307692 0.03125 0.03125
0 0.4855769230769231 0.3329326923076923 0.03125 0.03125
0 0.5588942307692307 0.28725961538461536 0.03125 0.03125
0 0.5865384615384616 0.19831730769230768 0.03125 0.03125
0 0.5757211538461539 0.12980769230769232 0.03125 0.03125
0 0.625 0.09975961538461539 0.03125 0.03125
0 0.6141826923076923 0.06971153846153846 0.03125 0.03125
0 0.6045673076923077 0.07572115384615384 0.03125 0.03125
0 0.6514423076923077 0.052884615384615384 0.03125 0.03125
0 0.6694711538461539 0.038461538461538464 0.03125 0.03125
0 0.421875 0.6850961538461539 0.03125 0.03125
0 0.3629807692307692 0.6983173076923077 0.03125 0.03125
0 0.31009615384615385 0.6899038461538461 0.03125 0.03125
0 0.32572115384615385 0.6742788461538461 0.03125 0.03125
0 0.33533653846153844 0.6298076923076923 0.03125 0.03125
0 0.31009615384615385 0.5757211538461539 0.03125 0.03125
0 0.2512019230769231 0.6165865384615384 0.03125 0.03125
0 0.2403846153846154 0.5973557692307693 0.03125 0.03125
0 0.25600961538461536 0.5348557692307693 0.03125 0.03125
0 0.24519230769230768 0.5829326923076923 0.03125 0.03125
0 0.20552884615384615 0.5384615384615384 0.03125 0.03125
0 0.23197115384615385 0.5288461538461539 0.03125 0.03125
0 0.16466346153846154 0.5096153846153846 0.03125 0.03125
0 0.1466346153846154 0.5 0.03125 0.03125
0 0.1141826923076923 0.47836538461538464 0.03125 0.03125
0 0.13701923076923078 0.4567307692307692 0.03125 0.03125
0 0.10216346153846154 0.43990384615384615 0.03125 0.03125
0 0.0985576923076923 0.46634615384615385 0.03125 0.03125
0 0.06129807692307692 0.4567307692307692 0.03125 0.03125
0 0.020432692307692308 0.4375 0.03125 0.03125
0 0.2824519230769231 0.6322115384615384 0.03125 0.03125
0 0.8557692307692307 0.21875 0.03125 0.03125
0 0.9134615384615384 0.234375 0.03125 0.03125
0 0.8930288461538461 0.25 0.03125 0.03125