0 0.09375 0.47716346153846156 0.06610576923076923 0.06610576923076923
0 0.12740384615384615 0.43990384615384615 0.06610576923076923 0.06610576923076923
0 0.2860576923076923 0.4411057692307692 0.06610576923076923 0.06610576923076923
0 0.2536057692307692 0.4879807692307692 0.06610576923076923 0.06610576923076923
0 0.2824519230769231 0.48677884615384615 0.06610576923076923 0.06610576923076923
0 0.33774038461538464 0.44591346153846156 0.06610576923076923 0.06610576923076923
0 0.40625 0.42427884615384615 0.06610576923076923 0.06610576923076923
0 0.5096153846153846 0.42788461538461536 0.06610576923076923 0.06610576923076923
0 0.5492788461538461 0.5528846153846154 0.06610576923076923 0.06610576923076923
0 0.6177884615384616 0.5649038461538461 0.06610576923076923 0.06610576923076923
0 0.6538461538461539 0.5685096153846154 0.06610576923076923 0.06610576923076923
0 0.7115384615384616 0.49158653846153844 0.06610576923076923 0.06610576923076923
0 0.6322115384615384 0.47836538461538464 0.06610576923076923 0.06610576923076923
0 0.6009615384615384 0.46634615384615385 0.06610576923076923 0.06610576923076923
0 0.9014423076923077 0.5336538461538461 0.06610576923076923 0.06610576923076923
0 0.8774038461538461 0.5024038461538461 0.06610576923076923 0.06610576923076923