0 0.9423076923076923 0.16706730769230768 0.027644230769230768 0.06971153846153846
0 0.9038461538461539 0.24519230769230768 0.027644230769230768 0.06971153846153846
0 0.9014423076923077 0.3401442307692308 0.027644230769230768 0.06971153846153846
0 0.9146634615384616 0.3629807692307692 0.027644230769230768 0.06971153846153846
0 0.9326923076923077 0.33774038461538464 0.027644230769230768 0.06971153846153846
0 0.9086538461538461 0.42788461538461536 0.027644230769230768 0.06971153846153846
0 0.9399038461538461 0.4375 0.027644230769230768 0.06971153846153846
0 0.9326923076923077 0.4879807692307692 0.027644230769230768 0.06971153846153846
0 0.9435096153846154 0.5180288461538461 0.027644230769230768 0.06971153846153846
0 0.9098557692307693 0.5949519230769231 0.027644230769230768 0.06971153846153846
0 0.9242788461538461 0.6502403846153846 0.027644230769230768 0.06971153846153846
0 0.9206730769230769 0.6947115384615384 0.027644230769230768 0.06971153846153846
0 0.9146634615384616 0.7572115384615384 0.027644230769230768 0.06971153846153846
0 0.8882211538461539 0.6802884615384616 0.027644230769230768 0.06971153846153846
0 0.9302884615384616 0.7175480769230769 0.027644230769230768 0.06971153846153846
0 0.9447115384615384 0.7223557692307693 0.027644230769230768 0.06971153846153846
0 0.9519230769230769 0.6478365384615384 0.027644230769230768 0.06971153846153846
0 0.9242788461538461 0.7800480769230769 0.027644230769230768 0.06971153846153846
0 0.9435096153846154 0.8930288461538461 0.027644230769230768 0.06971153846153846
0 0.8617788461538461 0.07451923076923077 0.027644230769230768 0.06971153846153846
0 0.8473557692307693 0.1502403846153846 0.027644230769230768 0.06971153846153846
0 0.8353365384615384 0.12740384615384615 0.027644230769230768 0.06971153846153846
0 0.8257211538461539 0.23197115384615385 0.027644230769230768 0.06971153846153846
0 0.7800480769230769 0.24519230769230768 0.027644230769230768 0.06971153846153846
0 0.7680288461538461 0.21995192307692307 0.027644230769230768 0.06971153846153846
0 0.8677884615384616 0.17548076923076922 0.027644230769230768 0.06971153846153846
0 0.7331730769230769 0.25961538461538464 0.027644230769230768 0.06971153846153846
0 0.7175480769230769 0.25961538461538464 0.027644230769230768 0.06971153846153846
0 0.7103365384615384 0.35697115384615385 0.027644230769230768 0.06971153846153846
0 0.7091346153846154 0.32211538461538464 0.027644230769230768 0.06971153846153846
0 0.6802884615384616 0.2620192307692308 0.027644230769230768 0.06971153846153846
0 0.6550480769230769 0.26802884615384615 0.027644230769230768 0.06971153846153846
0 0.6346153846153846 0.30288461538461536 0.027644230769230768 0.06971153846153846
0 0.6322115384615384 0.36778846153846156 0.027644230769230768 0.06971153846153846
0 0.6225961538461539 0.4026442307692308 0.027644230769230768 0.06971153846153846
0 0.5961538461538461 0.3545673076923077 0.027644230769230768 0.06971153846153846
0 0.59375 0.46033653846153844 0.027644230769230768 0.06971153846153846
0 0.5552884615384616 0.5276442307692307 0.027644230769230768 0.06971153846153846
0 0.53125 0.4675480769230769 0.027644230769230768 0.06971153846153846
0 0.5408653846153846 0.5504807692307693 0.027644230769230768 0.06971153846153846
0 0.484375 0.4651442307692308 0.027644230769230768 0.06971153846153846
0 0.47475961538461536 0.4795673076923077 0.027644230769230768 0.06971153846153846
0 0.45552884615384615 0.6826923076923077 0.027644230769230768 0.06971153846153846
0 0.45913461538461536 0.6298076923076923 0.027644230769230768 0.06971153846153846
0 0.43509615384615385 0.5324519230769231 0.027644230769230768 0.06971153846153846
0 0.4170673076923077 0.6322115384615384 0.027644230769230768 0.06971153846153846
0 0.38221153846153844 0.6754807692307693 0.027644230769230768 0.06971153846153846
0 0.37740384615384615 0.5925480769230769 0.027644230769230768 0.06971153846153846
0 0.31490384615384615 0.6899038461538461 0.027644230769230768 0.06971153846153846
0 0.28365384615384615 0.7548076923076923 0.027644230769230768 0.06971153846153846
0 0.25961538461538464 0.7728365384615384 0.027644230769230768 0.06971153846153846
0 0.23317307692307693 0.7175480769230769 0.027644230769230768 0.06971153846153846
0 0.1875 0.7596153846153846 0.027644230769230768 0.06971153846153846
0 0.16947115384615385 0.7776442307692307 0.027644230769230768 0.06971153846153846
0 0.12139423076923077 0.8978365384615384 0.027644230769230768 0.06971153846153846
0 0.5901442307692307 0.39783653846153844 0.027644230769230768 0.06971153846153846
0 0.18990384615384615 0.8305288461538461 0.027644230769230768 0.06971153846153846