0 0.43509615384615385 0.0625 0.04326923076923077 0.04326923076923077
0 0.36899038461538464 0.03125 0.04326923076923077 0.04326923076923077
0 0.40865384615384615 0.125 0.04326923076923077 0.04326923076923077
0 0.3161057692307692 0.14423076923076922 0.04326923076923077 0.04326923076923077
0 0.296875 0.06971153846153846 0.04326923076923077 0.04326923076923077
0 0.25 0.08653846153846154 0.04326923076923077 0.04326923076923077
0 0.2620192307692308 0.16826923076923078 0.04326923076923077 0.04326923076923077
0 0.2403846153846154 0.17548076923076922 0.04326923076923077 0.04326923076923077
0 0.20072115384615385 0.10576923076923077 0.04326923076923077 0.04326923076923077
0 0.16947115384615385 0.10576923076923077 0.04326923076923077 0.04326923076923077
0 0.2091346153846154 0.1935096153846154 0.04326923076923077 0.04326923076923077
0 0.18389423076923078 0.18990384615384615 0.04326923076923077 0.04326923076923077
0 0.8822115384615384 0.47836538461538464 0.04326923076923077 0.04326923076923077
0 0.9747596153846154 0.5564903846153846 0.04326923076923077 0.04326923076923077
0 0.8377403846153846 0.5384615384615384 0.04326923076923077 0.04326923076923077
0 0.8185096153846154 0.47596153846153844 0.04326923076923077 0.04326923076923077
0 0.7439903846153846 0.46274038461538464 0.04326923076923077 0.04326923076923077
0 0.6947115384615384 0.5408653846153846 0.04326923076923077 0.04326923076923077
0 0.6658653846153846 0.4495192307692308 0.04326923076923077 0.04326923076923077
0 0.6490384615384616 0.40625 0.04326923076923077 0.04326923076923077
0 0.6322115384615384 0.42427884615384615 0.04326923076923077 0.04326923076923077
0 0.5961538461538461 0.40384615384615385 0.04326923076923077 0.04326923076923077
0 0.5216346153846154 0.40024038461538464 0.04326923076923077 0.04326923076923077
0 0.43149038461538464 0.40384615384615385 0.04326923076923077 0.04326923076923077
0 0.40024038461538464 0.41586538461538464 0.04326923076923077 0.04326923076923077
0 0.45072115384615385 0.31850961538461536 0.04326923076923077 0.04326923076923077
0 0.328125 0.41586538461538464 0.04326923076923077 0.04326923076923077
0 0.38221153846153844 0.30288461538461536 0.04326923076923077 0.04326923076923077
0 0.3473557692307692 0.296875 0.04326923076923077 0.04326923076923077
0 0.3088942307692308 0.29086538461538464 0.04326923076923077 0.04326923076923077
0 0.28125 0.36538461538461536 0.04326923076923077 0.04326923076923077
0 0.25240384615384615 0.41947115384615385 0.04326923076923077 0.04326923076923077
0 0.15985576923076922 0.34134615384615385 0.04326923076923077 0.04326923076923077
0 0.18028846153846154 0.27884615384615385 0.04326923076923077 0.04326923076923077
0 0.13221153846153846 0.35697115384615385 0.04326923076923077 0.04326923076923077
0 0.11298076923076923 0.2620192307692308 0.04326923076923077 0.04326923076923077
0 0.021634615384615384 0.1778846153846154 0.04326923076923077 0.04326923076923077
0 0.25961538461538464 0.2536057692307692 0.04326923076923077 0.04326923076923077
0 0.9807692307692307 0.6274038461538461 0.038461538461538464 0.04326923076923077
0 0.9338942307692307 0.5877403846153846 0.04326923076923077 0.04326923076923077
0 0.9314903846153846 0.6430288461538461 0.04326923076923077 0.04326923076923077
0 0.8786057692307693 0.6694711538461539 0.04326923076923077 0.04326923076923077
0 0.8473557692307693 0.5973557692307693 0.04326923076923077 0.04326923076923077
0 0.7740384615384616 0.6346153846153846 0.04326923076923077 0.04326923076923077
0 0.8461538461538461 0.7091346153846154 0.04326923076923077 0.04326923076923077
0 0.8305288461538461 0.6850961538461539 0.04326923076923077 0.04326923076923077
0 0.6899038461538461 0.6382211538461539 0.04326923076923077 0.04326923076923077
0 0.78125 0.7223557692307693 0.04326923076923077 0.04326923076923077
0 0.7560096153846154 0.7115384615384616 0.04326923076923077 0.04326923076923077
0 0.7163461538461539 0.7403846153846154 0.04326923076923077 0.04326923076923077
0 0.6694711538461539 0.7439903846153846 0.04326923076923077 0.04326923076923077
0 0.6694711538461539 0.7211538461538461 0.04326923076923077 0.04326923076923077
0 0.7007211538461539 0.6995192307692307 0.04326923076923077 0.04326923076923077
0 0.49278846153846156 0.7848557692307693 0.04326923076923077 0.04326923076923077
0 0.45072115384615385 0.7560096153846154 0.04326923076923077 0.04326923076923077
0 0.359375 0.6225961538461539 0.04326923076923077 0.04326923076923077
0 0.41225961538461536 0.640625 0.04326923076923077 0.04326923076923077
0 0.31850961538461536 0.6754807692307693 0.04326923076923077 0.04326923076923077
0 0.27524038461538464 0.59375 0.04326923076923077 0.04326923076923077
0 0.30288461538461536 0.5913461538461539 0.04326923076923077 0.04326923076923077
0 0.15384615384615385 0.6526442307692307 0.04326923076923077 0.04326923076923077
0 0.09615384615384616 0.6694711538461539 0.04326923076923077 0.04326923076923077
0 0.08173076923076923 0.6947115384615384 0.04326923076923077 0.04326923076923077
0 0.11177884615384616 0.703125 0.04326923076923077 0.04326923076923077
0 0.10336538461538461 0.7524038461538461 0.04326923076923077 0.04326923076923077
0 0.052884615384615384 0.7524038461538461 0.04326923076923077 0.04326923076923077
0 0.1346153846153846 0.7259615384615384 0.04326923076923077 0.04326923076923077
0 0.6322115384615384 0.7307692307692307 0.04326923076923077 0.04326923076923077
0 0.14903846153846154 0.171875 0.04326923076923077 0.04326923076923077
0 0.5192307692307693 0.3161057692307692 0.04326923076923077 0.04326923076923077
0 0.4963942307692308 0.6838942307692307 0.04326923076923077 0.04326923076923077
0 0.640625 0.5072115384615384 0.04326923076923077 0.04326923076923077