0 0.0829326923076923 0.390625 0.028846153846153848 0.028846153846153848
0 0.25 0.38221153846153844 0.028846153846153848 0.028846153846153848
0 0.2644230769230769 0.34975961538461536 0.028846153846153848 0.028846153846153848
0 0.22956730769230768 0.4254807692307692 0.028846153846153848 0.028846153846153848
0 0.3088942307692308 0.3641826923076923 0.028846153846153848 0.028846153846153848
0 0.3401442307692308 0.4026442307692308 0.028846153846153848 0.028846153846153848
0 0.37740384615384615 0.37259615384615385 0.028846153846153848 0.028846153846153848
0 0.3401442307692308 0.3701923076923077 0.028846153846153848 0.028846153846153848
0 0.38341346153846156 0.4735576923076923 0.028846153846153848 0.028846153846153848
0 0.4326923076923077 0.43509615384615385 0.028846153846153848 0.028846153846153848
0 0.4387019230769231 0.453125 0.028846153846153848 0.028846153846153848
0 0.5384615384615384 0.49038461538461536 0.028846153846153848 0.028846153846153848
0 0.5588942307692307 0.5288461538461539 0.028846153846153848 0.028846153846153848
0 0.6454326923076923 0.5889423076923077 0.028846153846153848 0.028846153846153848
0 0.7175480769230769 0.6586538461538461 0.028846153846153848 0.028846153846153848
0 0.6358173076923077 0.6358173076923077 0.028846153846153848 0.028846153846153848
0 0.6850961538461539 0.6899038461538461 0.028846153846153848 0.028846153846153848
0 0.7740384615384616 0.6622596153846154 0.028846153846153848 0.028846153846153848
0 0.7163461538461539 0.6995192307692307 0.028846153846153848 0.028846153846153848
0 0.40865384615384615 0.4543269230769231 0.028846153846153848 0.028846153846153848
0 0.3942307692307692 0.4411057692307692 0.028846153846153848 0.028846153846153848
0 0.29927884615384615 0.34375 0.028846153846153848 0.028846153846153848
0 0.25 0.31490384615384615 0.028846153846153848 0.028846153846153848
0 0.3125 0.28966346153846156 0.028846153846153848 0.028846153846153848
0 0.36899038461538464 0.33533653846153844 0.028846153846153848 0.028846153846153848
0 0.40865384615384615 0.34134615384615385 0.028846153846153848 0.028846153846153848
0 0.40865384615384615 0.29086538461538464 0.028846153846153848 0.028846153846153848
0 0.45552884615384615 0.265625 0.028846153846153848 0.028846153846153848
0 0.45072115384615385 0.328125 0.028846153846153848 0.028846153846153848
0 0.49038461538461536 0.30408653846153844 0.028846153846153848 0.028846153846153848
0 0.5048076923076923 0.25721153846153844 0.028846153846153848 0.028846153846153848
0 0.5276442307692307 0.26322115384615385 0.028846153846153848 0.028846153846153848
0 0.5612980769230769 0.2403846153846154 0.028846153846153848 0.028846153846153848
0 0.6370192307692307 0.26322115384615385 0.028846153846153848 0.028846153846153848
0 0.578125 0.23677884615384615 0.028846153846153848 0.028846153846153848
0 0.6502403846153846 0.17548076923076922 0.028846153846153848 0.028846153846153848
0 0.7788461538461539 0.15865384615384615 0.028846153846153848 0.028846153846153848
0 0.7704326923076923 0.07692307692307693 0.028846153846153848 0.028846153846153848
0 0.8257211538461539 0.125 0.028846153846153848 0.028846153846153848
0 0.7379807692307693 0.17548076923076922 0.028846153846153848 0.028846153846153848
0 0.7007211538461539 0.15504807692307693 0.028846153846153848 0.028846153846153848
0 0.7463942307692307 0.13341346153846154 0.028846153846153848 0.028846153846153848
0 0.7487980769230769 0.12259615384615384 0.028846153846153848 0.028846153846153848
0 0.7596153846153846 0.11538461538461539 0.028846153846153848 0.028846153846153848
0 0.7788461538461539 0.11778846153846154 0.028846153846153848 0.028846153846153848
0 0.8677884615384616 0.1201923076923077 0.028846153846153848 0.028846153846153848
0 0.6947115384615384 0.20552884615384615 0.028846153846153848 0.028846153846153848
0 0.5240384615384616 0.24639423076923078 0.028846153846153848 0.028846153846153848
0 0.38822115384615385 0.34975961538461536 0.028846153846153848 0.028846153846153848