0 0.10697115384615384 0.8245192307692307 0.07091346153846154 0.03485576923076923
0 0.5408653846153846 0.8473557692307693 0.07091346153846154 0.03485576923076923
0 0.8185096153846154 0.859375 0.07091346153846154 0.03485576923076923
0 0.7944711538461539 0.8112980769230769 0.07091346153846154 0.03485576923076923
0 0.9134615384615384 0.8557692307692307 0.07091346153846154 0.03485576923076923
0 0.46153846153846156 0.9086538461538461 0.07091346153846154 0.03485576923076923
0 0.22235576923076922 0.8713942307692307 0.07091346153846154 0.03485576923076923
0 0.29447115384615385 0.4387019230769231 0.07091346153846154 0.03485576923076923
0 0.1346153846153846 0.48197115384615385 0.07091346153846154 0.03485576923076923
0 0.18509615384615385 0.49038461538461536 0.07091346153846154 0.03485576923076923
0 0.25 0.49278846153846156 0.07091346153846154 0.03485576923076923
0 0.2536057692307692 0.5192307692307693 0.07091346153846154 0.03485576923076923
0 0.4098557692307692 0.47596153846153844 0.07091346153846154 0.03485576923076923
0 0.5793269230769231 0.5048076923076923 0.07091346153846154 0.03485576923076923
0 0.7055288461538461 0.5288461538461539 0.07091346153846154 0.03485576923076923
0 0.53125 0.5420673076923077 0.07091346153846154 0.03485576923076923
0 0.5072115384615384 0.5733173076923077 0.07091346153846154 0.03485576923076923
0 0.5961538461538461 0.5661057692307693 0.07091346153846154 0.03485576923076923
0 0.7403846153846154 0.6165865384615384 0.07091346153846154 0.03485576923076923
0 0.8401442307692307 0.6298076923076923 0.07091346153846154 0.03485576923076923
0 0.8112980769230769 0.17548076923076922 0.07091346153846154 0.03485576923076923
0 0.5889423076923077 0.24158653846153846 0.07091346153846154 0.03485576923076923
0 0.33653846153846156 0.17908653846153846 0.07091346153846154 0.03485576923076923
0 0.5240384615384616 0.29927884615384615 0.07091346153846154 0.03485576923076923
0 0.40384615384615385 0.33533653846153844 0.07091346153846154 0.03485576923076923
0 0.46153846153846156 0.28846153846153844 0.07091346153846154 0.03485576923076923