0 0.8990384615384616 0.19951923076923078 0.04326923076923077 0.04326923076923077
0 0.8822115384615384 0.22115384615384615 0.04326923076923077 0.04326923076923077
0 0.8461538461538461 0.21634615384615385 0.04326923076923077 0.04326923076923077
0 0.8221153846153846 0.234375 0.04326923076923077 0.04326923076923077
0 0.8401442307692307 0.30288461538461536 0.04326923076923077 0.04326923076923077
0 0.8161057692307693 0.31850961538461536 0.04326923076923077 0.04326923076923077
0 0.7620192307692307 0.328125 0.04326923076923077 0.04326923076923077
0 0.75 0.27524038461538464 0.04326923076923077 0.04326923076923077
0 0.7151442307692307 0.2536057692307692 0.04326923076923077 0.04326923076923077
0 0.7151442307692307 0.3401442307692308 0.04326923076923077 0.04326923076923077
0 0.6658653846153846 0.35336538461538464 0.04326923076923077 0.04326923076923077
0 0.6322115384615384 0.24639423076923078 0.04326923076923077 0.04326923076923077
0 0.6033653846153846 0.29086538461538464 0.04326923076923077 0.04326923076923077
0 0.5288461538461539 0.27884615384615385 0.04326923076923077 0.04326923076923077
0 0.5192307692307693 0.36899038461538464 0.04326923076923077 0.04326923076923077
0 0.49759615384615385 0.390625 0.04326923076923077 0.04326923076923077
0 0.41225961538461536 0.31850961538461536 0.04326923076923077 0.04326923076923077
0 0.3870192307692308 0.38461538461538464 0.04326923076923077 0.04326923076923077
0 0.33653846153846156 0.39302884615384615 0.04326923076923077 0.04326923076923077
0 0.27403846153846156 0.4026442307692308 0.04326923076923077 0.04326923076923077
0 0.30649038461538464 0.42788461538461536 0.04326923076923077 0.04326923076923077
0 0.34375 0.328125 0.04326923076923077 0.04326923076923077
0 0.23798076923076922 0.41586538461538464 0.04326923076923077 0.04326923076923077
0 0.203125 0.421875 0.04326923076923077 0.04326923076923077
0 0.1971153846153846 0.37259615384615385 0.04326923076923077 0.04326923076923077
0 0.14903846153846154 0.375 0.04326923076923077 0.04326923076923077
0 0.11778846153846154 0.38461538461538464 0.04326923076923077 0.04326923076923077
0 0.03485576923076923 0.45552884615384615 0.04326923076923077 0.04326923076923077
0 0.8846153846153846 0.3942307692307692 0.04326923076923077 0.04326923076923077
0 0.6838942307692307 0.5432692307692307 0.04326923076923077 0.04326923076923077
0 0.65625 0.5757211538461539 0.04326923076923077 0.04326923076923077
0 0.6694711538461539 0.6274038461538461 0.04326923076923077 0.04326923076923077
0 0.7115384615384616 0.6682692307692307 0.04326923076923077 0.04326923076923077
0 0.8365384615384616 0.4411057692307692 0.04326923076923077 0.04326923076923077
0 0.6274038461538461 0.7163461538461539 0.04326923076923077 0.04326923076923077
0 0.6033653846153846 0.7091346153846154 0.04326923076923077 0.04326923076923077
0 0.5528846153846154 0.765625 0.04326923076923077 0.04326923076923077
0 0.5060096153846154 0.8942307692307693 0.04326923076923077 0.04326923076923077
0 0.5997596153846154 0.9038461538461539 0.04326923076923077 0.04326923076923077
0 0.6310096153846154 0.7908653846153846 0.04326923076923077 0.04326923076923077
0 0.6466346153846154 0.7692307692307693 0.04326923076923077 0.04326923076923077
0 0.6033653846153846 0.5528846153846154 0.04326923076923077 0.04326923076923077
0 0.6189903846153846 0.5180288461538461 0.04326923076923077 0.04326923076923077
0 0.6622596153846154 0.5132211538461539 0.04326923076923077 0.04326923076923077
0 0.7211538461538461 0.43149038461538464 0.04326923076923077 0.04326923076923077
0 0.5588942307692307 0.44471153846153844 0.04326923076923077 0.04326923076923077
0 0.6129807692307693 0.43990384615384615 0.04326923076923077 0.04326923076923077
0 0.40024038461538464 0.44471153846153844 0.04326923076923077 0.04326923076923077
0 0.39302884615384615 0.5372596153846154 0.04326923076923077 0.04326923076923077
0 0.42788461538461536 0.47596153846153844 0.04326923076923077 0.04326923076923077
0 0.48677884615384615 0.53125 0.04326923076923077 0.04326923076923077
0 0.45552884615384615 0.5697115384615384 0.04326923076923077 0.04326923076923077
0 0.5336538461538461 0.5649038461538461 0.04326923076923077 0.04326923076923077
0 0.27524038461538464 0.484375 0.04326923076923077 0.04326923076923077
0 0.24639423076923078 0.5024038461538461 0.04326923076923077 0.04326923076923077
0 0.29927884615384615 0.546875 0.04326923076923077 0.04326923076923077
0 0.3245192307692308 0.5240384615384616 0.04326923076923077 0.04326923076923077
0 0.25240384615384615 0.578125 0.04326923076923077 0.04326923076923077
0 0.19471153846153846 0.6430288461538461 0.04326923076923077 0.04326923076923077
0 0.11538461538461539 0.6129807692307693 0.04326923076923077 0.04326923076923077
0 0.07211538461538461 0.6814903846153846 0.04326923076923077 0.04326923076923077
0 0.04447115384615385 0.6911057692307693 0.04326923076923077 0.04326923076923077
0 0.038461538461538464 0.734375 0.04326923076923077 0.04326923076923077
0 0.018028846153846152 0.8064903846153846 0.03485576923076923 0.04326923076923077
0 0.07211538461538461 0.8185096153846154 0.04326923076923077 0.04326923076923077
0 0.05048076923076923 0.8653846153846154 0.04326923076923077 0.04326923076923077
0 0.1466346153846154 0.5745192307692307 0.04326923076923077 0.04326923076923077
0 0.5504807692307693 0.3629807692307692 0.04326923076923077 0.04326923076923077
0 0.7463942307692307 0.6129807692307693 0.04326923076923077 0.04326923076923077
0 0.08173076923076923 0.6322115384615384 0.04326923076923077 0.04326923076923077