0 0.5204326923076923 0.10216346153846154 0.04927884615384615 0.04927884615384615
0 0.5516826923076923 0.1141826923076923 0.04927884615384615 0.04927884615384615
0 0.5961538461538461 0.07692307692307693 0.04927884615384615 0.04927884615384615
0 0.5600961538461539 0.171875 0.04927884615384615 0.04927884615384615
0 0.6153846153846154 0.12860576923076922 0.04927884615384615 0.04927884615384615
0 0.5721153846153846 0.22355769230769232 0.04927884615384615 0.04927884615384615
0 0.6334134615384616 0.23076923076923078 0.04927884615384615 0.04927884615384615
0 0.5252403846153846 0.2848557692307692 0.04927884615384615 0.04927884615384615
0 0.6105769230769231 0.2692307692307692 0.04927884615384615 0.04927884615384615
0 0.5805288461538461 0.3485576923076923 0.04927884615384615 0.04927884615384615
0 0.48677884615384615 0.3425480769230769 0.04927884615384615 0.04927884615384615
0 0.47596153846153844 0.38822115384615385 0.04927884615384615 0.04927884615384615
0 0.46875 0.4266826923076923 0.04927884615384615 0.04927884615384615
0 0.5096153846153846 0.47836538461538464 0.04927884615384615 0.04927884615384615
0 0.4963942307692308 0.45913461538461536 0.04927884615384615 0.04927884615384615
0 0.4411057692307692 0.4651442307692308 0.04927884615384615 0.04927884615384615
0 0.43990384615384615 0.5384615384615384 0.04927884615384615 0.04927884615384615
0 0.4963942307692308 0.5576923076923077 0.04927884615384615 0.04927884615384615
0 0.4411057692307692 0.5709134615384616 0.04927884615384615 0.04927884615384615
0 0.45072115384615385 0.6322115384615384 0.04927884615384615 0.04927884615384615
0 0.5180288461538461 0.6117788461538461 0.04927884615384615 0.04927884615384615
0 0.515625 0.6838942307692307 0.04927884615384615 0.04927884615384615
0 0.47836538461538464 0.7632211538461539 0.04927884615384615 0.04927884615384615
0 0.5060096153846154 0.8052884615384616 0.04927884615384615 0.04927884615384615
0 0.5324519230769231 0.8425480769230769 0.04927884615384615 0.04927884615384615
0 0.546875 0.8725961538461539 0.04927884615384615 0.04927884615384615
0 0.5132211538461539 0.038461538461538464 0.04927884615384615 0.04927884615384615
0 0.6310096153846154 0.0625 0.04927884615384615 0.04927884615384615