0 0.16947115384615385 0.14543269230769232 0.04326923076923077 0.04326923076923077
0 0.296875 0.25 0.04326923076923077 0.04326923076923077
0 0.453125 0.75 0.04326923076923077 0.04326923076923077
0 0.4519230769230769 0.6646634615384616 0.04326923076923077 0.04326923076923077
0 0.32572115384615385 0.4074519230769231 0.04326923076923077 0.04326923076923077
0 0.6971153846153846 0.6526442307692307 0.04326923076923077 0.04326923076923077
0 0.5901442307692307 0.5276442307692307 0.04326923076923077 0.04326923076923077
0 0.6959134615384616 0.8209134615384616 0.04326923076923077 0.04326923076923077
0 0.21634615384615385 0.3004807692307692 0.04326923076923077 0.04326923076923077
0 0.36658653846153844 0.39302884615384615 0.04326923076923077 0.04326923076923077
0 0.39302884615384615 0.4182692307692308 0.04326923076923077 0.04326923076923077
0 0.5685096153846154 0.640625 0.04326923076923077 0.04326923076923077
0 0.7259615384615384 0.765625 0.04326923076923077 0.04326923076923077
0 0.734375 0.875 0.04326923076923077 0.04326923076923077
0 0.7848557692307693 0.8125 0.04326923076923077 0.04326923076923077
0 0.8569711538461539 0.8497596153846154 0.04326923076923077 0.04326923076923077
0 0.8473557692307693 0.9711538461538461 0.04326923076923077 0.04326923076923077
0 0.7836538461538461 0.9242788461538461 0.04326923076923077 0.04326923076923077
0 0.4411057692307692 0.4723557692307692 0.04326923076923077 0.04326923076923077
0 0.59375 0.65625 0.04326923076923077 0.04326923076923077
0 0.6069711538461539 0.6899038461538461 0.04326923076923077 0.04326923076923077
0 0.6526442307692307 0.5997596153846154 0.04326923076923077 0.04326923076923077
0 0.5216346153846154 0.5564903846153846 0.04326923076923077 0.04326923076923077
0 0.5024038461538461 0.44350961538461536 0.04326923076923077 0.04326923076923077
0 0.640625 0.71875 0.04326923076923077 0.04326923076923077