0 0.6875 0.7463942307692307 0.06610576923076923 0.06610576923076923
0 0.6021634615384616 0.8064903846153846 0.06610576923076923 0.06610576923076923
0 0.5853365384615384 0.75 0.06610576923076923 0.06610576923076923
0 0.5204326923076923 0.7716346153846154 0.06610576923076923 0.06610576923076923
0 0.48197115384615385 0.6983173076923077 0.06610576923076923 0.06610576923076923
0 0.44350961538461536 0.5552884615384616 0.06610576923076923 0.06610576923076923
0 0.4110576923076923 0.5036057692307693 0.06610576923076923 0.06610576923076923
0 0.421875 0.29086538461538464 0.06610576923076923 0.06610576923076923
0 0.20432692307692307 0.2692307692307692 0.06610576923076923 0.06610576923076923
0 0.2848557692307692 0.038461538461538464 0.06610576923076923 0.06610576923076923
0 0.0733173076923077 0.33052884615384615 0.06610576923076923 0.06610576923076923
0 0.5552884615384616 0.6538461538461539 0.06610576923076923 0.06610576923076923
0 0.33774038461538464 0.13942307692307693 0.06610576923076923 0.06610576923076923
0 0.1310096153846154 0.3293269230769231 0.06610576923076923 0.06610576923076923
0 0.17908653846153846 0.02403846153846154 0.06490384615384616 0.04807692307692308
0 0.22115384615384615 0.04326923076923077 0.06610576923076923 0.06610576923076923
0 0.5120192307692307 0.43028846153846156 0.06610576923076923 0.06610576923076923
0 0.5528846153846154 0.5036057692307693 0.06610576923076923 0.06610576923076923