0 0.8389423076923077 0.47716346153846156 0.04326923076923077 0.04326923076923077
0 0.5685096153846154 0.4098557692307692 0.04326923076923077 0.04326923076923077
0 0.4807692307692308 0.43990384615384615 0.04326923076923077 0.04326923076923077
0 0.578125 0.2536057692307692 0.04326923076923077 0.04326923076923077
0 0.390625 0.2548076923076923 0.04326923076923077 0.04326923076923077
0 0.3629807692307692 0.28125 0.04326923076923077 0.04326923076923077
0 0.3942307692307692 0.16466346153846154 0.04326923076923077 0.04326923076923077
0 0.34615384615384615 0.16105769230769232 0.04326923076923077 0.04326923076923077
0 0.28365384615384615 0.20192307692307693 0.04326923076923077 0.04326923076923077
0 0.49399038461538464 0.265625 0.04326923076923077 0.04326923076923077
0 0.5240384615384616 0.2932692307692308 0.04326923076923077 0.04326923076923077
0 0.7632211538461539 0.6634615384615384 0.04326923076923077 0.04326923076923077
0 0.7536057692307693 0.7259615384615384 0.04326923076923077 0.04326923076923077
0 0.6694711538461539 0.7463942307692307 0.04326923076923077 0.04326923076923077
0 0.6971153846153846 0.734375 0.04326923076923077 0.04326923076923077
0 0.6875 0.6574519230769231 0.04326923076923077 0.04326923076923077
0 0.5396634615384616 0.6526442307692307 0.04326923076923077 0.04326923076923077
0 0.5276442307692307 0.7536057692307693 0.04326923076923077 0.04326923076923077
0 0.48197115384615385 0.6754807692307693 0.04326923076923077 0.04326923076923077
0 0.46153846153846156 0.7451923076923077 0.04326923076923077 0.04326923076923077
0 0.43028846153846156 0.7572115384615384 0.04326923076923077 0.04326923076923077
0 0.40384615384615385 0.7115384615384616 0.04326923076923077 0.04326923076923077
0 0.27163461538461536 0.640625 0.04326923076923077 0.04326923076923077
0 0.16346153846153846 0.6454326923076923 0.04326923076923077 0.04326923076923077
0 0.11778846153846154 0.6682692307692307 0.04326923076923077 0.04326923076923077
0 0.6346153846153846 0.78125 0.04326923076923077 0.04326923076923077