0 0.05048076923076923 0.06009615384615385 0.08653846153846154 0.08653846153846154
0 0.038461538461538464 0.09134615384615384 0.07692307692307693 0.08653846153846154
0 0.1310096153846154 0.125 0.08653846153846154 0.08653846153846154
0 0.052884615384615384 0.15264423076923078 0.08653846153846154 0.08653846153846154
0 0.12740384615384615 0.16947115384615385 0.08653846153846154 0.08653846153846154
0 0.046875 0.19110576923076922 0.08653846153846154 0.08653846153846154
0 0.1466346153846154 0.19951923076923078 0.08653846153846154 0.08653846153846154
0 0.14423076923076922 0.21634615384615385 0.08653846153846154 0.08653846153846154
0 0.14903846153846154 0.24759615384615385 0.08653846153846154 0.08653846153846154
0 0.171875 0.27403846153846156 0.08653846153846154 0.08653846153846154
0 0.18028846153846154 0.31850961538461536 0.08653846153846154 0.08653846153846154
0 0.21634615384615385 0.37740384615384615 0.08653846153846154 0.08653846153846154
0 0.14423076923076922 0.36538461538461536 0.08653846153846154 0.08653846153846154
0 0.13221153846153846 0.36177884615384615 0.08653846153846154 0.08653846153846154
0 0.10697115384615384 0.3317307692307692 0.08653846153846154 0.08653846153846154
0 0.1622596153846154 0.4567307692307692 0.08653846153846154 0.08653846153846154
0 0.19951923076923078 0.47596153846153844 0.08653846153846154 0.08653846153846154
0 0.27524038461538464 0.46634615384615385 0.08653846153846154 0.08653846153846154
0 0.31490384615384615 0.4879807692307692 0.08653846153846154 0.08653846153846154
0 0.31971153846153844 0.6189903846153846 0.08653846153846154 0.08653846153846154
0 0.36177884615384615 0.6538461538461539 0.08653846153846154 0.08653846153846154
0 0.4098557692307692 0.640625 0.08653846153846154 0.08653846153846154
0 0.47596153846153844 0.6117788461538461 0.08653846153846154 0.08653846153846154
0 0.4651442307692308 0.6682692307692307 0.08653846153846154 0.08653846153846154
0 0.6370192307692307 0.703125 0.08653846153846154 0.08653846153846154
0 0.6622596153846154 0.7367788461538461 0.08653846153846154 0.08653846153846154
0 0.609375 0.7692307692307693 0.08653846153846154 0.08653846153846154
0 0.08052884615384616 0.25961538461538464 0.08653846153846154 0.08653846153846154
0 0.6971153846153846 0.8401442307692307 0.08653846153846154 0.08653846153846154
0 0.8149038461538461 0.8197115384615384 0.08653846153846154 0.08653846153846154
0 0.9350961538461539 0.9098557692307693 0.08653846153846154 0.08653846153846154
0 0.8677884615384616 0.8966346153846154 0.08653846153846154 0.08653846153846154
0 0.8317307692307693 0.8725961538461539 0.08653846153846154 0.08653846153846154
0 0.5745192307692307 0.7427884615384616 0.08653846153846154 0.08653846153846154