0 0.24158653846153846 0.8040865384615384 0.06610576923076923 0.06610576923076923
0 0.27403846153846156 0.6911057692307693 0.06610576923076923 0.06610576923076923
0 0.3425480769230769 0.6057692307692307 0.06610576923076923 0.06610576923076923
0 0.35096153846153844 0.6430288461538461 0.06610576923076923 0.06610576923076923
0 0.42427884615384615 0.5492788461538461 0.06610576923076923 0.06610576923076923
0 0.4423076923076923 0.5024038461538461 0.06610576923076923 0.06610576923076923
0 0.6117788461538461 0.2932692307692308 0.06610576923076923 0.06610576923076923
0 0.7163461538461539 0.24639423076923078 0.06610576923076923 0.06610576923076923
0 0.7632211538461539 0.21153846153846154 0.06610576923076923 0.06610576923076923
0 0.8485576923076923 0.20072115384615385 0.06610576923076923 0.06610576923076923
0 0.90625 0.14903846153846154 0.06610576923076923 0.06610576923076923
0 0.7680288461538461 0.09375 0.06610576923076923 0.06610576923076923
0 0.5600961538461539 0.18509615384615385 0.06610576923076923 0.06610576923076923
0 0.5288461538461539 0.21634615384615385 0.06610576923076923 0.06610576923076923
0 0.4567307692307692 0.22355769230769232 0.06610576923076923 0.06610576923076923
0 0.4026442307692308 0.2980769230769231 0.06610576923076923 0.06610576923076923
0 0.3473557692307692 0.375 0.06610576923076923 0.06610576923076923
0 0.3293269230769231 0.45552884615384615 0.06610576923076923 0.06610576923076923
0 0.2824519230769231 0.49158653846153844 0.06610576923076923 0.06610576923076923
0 0.23076923076923078 0.5384615384615384 0.06610576923076923 0.06610576923076923
0 0.14783653846153846 0.9050480769230769 0.06610576923076923 0.06610576923076923
0 0.11778846153846154 0.9134615384615384 0.06610576923076923 0.06610576923076923