0 0.4567307692307692 0.45552884615384615 0.08653846153846154 0.08653846153846154
0 0.29447115384615385 0.5348557692307693 0.08653846153846154 0.08653846153846154
0 0.10096153846153846 0.2620192307692308 0.08653846153846154 0.08653846153846154
0 0.5841346153846154 0.46274038461538464 0.08653846153846154 0.08653846153846154
0 0.25721153846153844 0.7836538461538461 0.08653846153846154 0.08653846153846154
0 0.29447115384615385 0.7223557692307693 0.08653846153846154 0.08653846153846154
0 0.34615384615384615 0.35096153846153844 0.08653846153846154 0.08653846153846154
0 0.16346153846153846 0.18509615384615385 0.08653846153846154 0.08653846153846154
0 0.3317307692307692 0.6634615384615384 0.08653846153846154 0.08653846153846154
0 0.7788461538461539 0.4807692307692308 0.08653846153846154 0.08653846153846154
0 0.6598557692307693 0.3317307692307692 0.08653846153846154 0.08653846153846154
0 0.6069711538461539 0.29086538461538464 0.08653846153846154 0.08653846153846154
0 0.3004807692307692 0.33653846153846156 0.08653846153846154 0.08653846153846154
0 0.296875 0.296875 0.08653846153846154 0.08653846153846154
0 0.2692307692307692 0.2692307692307692 0.08653846153846154 0.08653846153846154
0 0.13701923076923078 0.12139423076923077 0.08653846153846154 0.08653846153846154
0 0.4807692307692308 0.36778846153846156 0.08653846153846154 0.08653846153846154
0 0.4254807692307692 0.36778846153846156 0.08653846153846154 0.08653846153846154
0 0.40625 0.36778846153846156 0.08653846153846154 0.08653846153846154
0 0.6286057692307693 0.4723557692307692 0.08653846153846154 0.08653846153846154
0 0.6754807692307693 0.4651442307692308 0.08653846153846154 0.08653846153846154
0 0.7151442307692307 0.3942307692307692 0.08653846153846154 0.08653846153846154
0 0.8473557692307693 0.375 0.08653846153846154 0.08653846153846154
0 0.8942307692307693 0.515625 0.08653846153846154 0.08653846153846154
0 0.9567307692307693 0.44471153846153844 0.08653846153846154 0.08653846153846154
0 0.4411057692307692 0.7307692307692307 0.08653846153846154 0.08653846153846154
0 0.4026442307692308 0.8004807692307693 0.08653846153846154 0.08653846153846154
0 0.375 0.7692307692307693 0.08653846153846154 0.08653846153846154
0 0.3629807692307692 0.7932692307692307 0.08653846153846154 0.08653846153846154
0 0.4338942307692308 0.6634615384615384 0.08653846153846154 0.08653846153846154
0 0.41346153846153844 0.6129807692307693 0.08653846153846154 0.08653846153846154
0 0.40625 0.53125 0.08653846153846154 0.08653846153846154
0 0.3786057692307692 0.5072115384615384 0.08653846153846154 0.08653846153846154
0 0.28846153846153844 0.6009615384615384 0.08653846153846154 0.08653846153846154
0 0.328125 0.6009615384615384 0.08653846153846154 0.08653846153846154
0 0.3161057692307692 0.5745192307692307 0.08653846153846154 0.08653846153846154
0 0.24278846153846154 0.4807692307692308 0.08653846153846154 0.08653846153846154
0 0.4723557692307692 0.7463942307692307 0.08653846153846154 0.08653846153846154
0 0.49278846153846156 0.8088942307692307 0.08653846153846154 0.08653846153846154
0 0.4879807692307692 0.828125 0.08653846153846154 0.08653846153846154
0 0.3317307692307692 0.41346153846153844 0.08653846153846154 0.08653846153846154
0 0.30528846153846156 0.4098557692307692 0.08653846153846154 0.08653846153846154
0 0.71875 0.4651442307692308 0.08653846153846154 0.08653846153846154