0 0.22596153846153846 0.8882211538461539 0.05048076923076923 0.05048076923076923
0 0.24759615384615385 0.8557692307692307 0.05048076923076923 0.05048076923076923
0 0.30649038461538464 0.8365384615384616 0.05048076923076923 0.05048076923076923
0 0.2692307692307692 0.7223557692307693 0.05048076923076923 0.05048076923076923
0 0.27403846153846156 0.6875 0.05048076923076923 0.05048076923076923
0 0.3317307692307692 0.6995192307692307 0.05048076923076923 0.05048076923076923
0 0.296875 0.6370192307692307 0.05048076923076923 0.05048076923076923
0 0.38221153846153844 0.6129807692307693 0.05048076923076923 0.05048076923076923
0 0.3161057692307692 0.5817307692307693 0.05048076923076923 0.05048076923076923
0 0.4723557692307692 0.4879807692307692 0.05048076923076923 0.05048076923076923
0 0.5072115384615384 0.48677884615384615 0.05048076923076923 0.05048076923076923
0 0.46875 0.39663461538461536 0.05048076923076923 0.05048076923076923
0 0.4411057692307692 0.40024038461538464 0.05048076923076923 0.05048076923076923
0 0.4338942307692308 0.44471153846153844 0.05048076923076923 0.05048076923076923
0 0.5408653846153846 0.4182692307692308 0.05048076923076923 0.05048076923076923
0 0.5865384615384616 0.453125 0.05048076923076923 0.05048076923076923
0 0.6069711538461539 0.41225961538461536 0.05048076923076923 0.05048076923076923
0 0.5564903846153846 0.33653846153846156 0.05048076923076923 0.05048076923076923
0 0.5841346153846154 0.33052884615384615 0.05048076923076923 0.05048076923076923
0 0.6935096153846154 0.39302884615384615 0.05048076923076923 0.05048076923076923
0 0.7572115384615384 0.32572115384615385 0.05048076923076923 0.05048076923076923
0 0.7680288461538461 0.24639423076923078 0.05048076923076923 0.05048076923076923
0 0.7908653846153846 0.21514423076923078 0.05048076923076923 0.05048076923076923
0 0.8473557692307693 0.27884615384615385 0.05048076923076923 0.05048076923076923
0 0.8689903846153846 0.25240384615384615 0.05048076923076923 0.05048076923076923
0 0.9026442307692307 0.19110576923076922 0.05048076923076923 0.05048076923076923
0 0.8497596153846154 0.10096153846153846 0.05048076923076923 0.05048076923076923
0 0.35336538461538464 0.4963942307692308 0.05048076923076923 0.05048076923076923
0 0.23798076923076922 0.78125 0.05048076923076923 0.05048076923076923
0 0.3401442307692308 0.7776442307692307 0.05048076923076923 0.05048076923076923
0 0.36778846153846156 0.4098557692307692 0.05048076923076923 0.05048076923076923
0 0.36778846153846156 0.4651442307692308 0.05048076923076923 0.05048076923076923