0 0.03125 0.9266826923076923 0.027644230769230768 0.027644230769230768
0 0.03365384615384615 0.828125 0.027644230769230768 0.027644230769230768
0 0.028846153846153848 0.7944711538461539 0.027644230769230768 0.027644230769230768
0 0.09254807692307693 0.75 0.027644230769230768 0.027644230769230768
0 0.09615384615384616 0.7836538461538461 0.027644230769230768 0.027644230769230768
0 0.13822115384615385 0.7247596153846154 0.027644230769230768 0.027644230769230768
0 0.12620192307692307 0.7788461538461539 0.027644230769230768 0.027644230769230768
0 0.13822115384615385 0.7740384615384616 0.027644230769230768 0.027644230769230768
0 0.16105769230769232 0.7644230769230769 0.027644230769230768 0.027644230769230768
0 0.17427884615384615 0.7680288461538461 0.027644230769230768 0.027644230769230768
0 0.18389423076923078 0.6538461538461539 0.027644230769230768 0.027644230769230768
0 0.18990384615384615 0.7319711538461539 0.027644230769230768 0.027644230769230768
0 0.21153846153846154 0.7223557692307693 0.027644230769230768 0.027644230769230768
0 0.25961538461538464 0.7463942307692307 0.027644230769230768 0.027644230769230768
0 0.26322115384615385 0.7067307692307693 0.027644230769230768 0.027644230769230768
0 0.29927884615384615 0.7139423076923077 0.027644230769230768 0.027644230769230768
0 0.3137019230769231 0.7055288461538461 0.027644230769230768 0.027644230769230768
0 0.33653846153846156 0.6838942307692307 0.027644230769230768 0.027644230769230768
0 0.33052884615384615 0.6574519230769231 0.027644230769230768 0.027644230769230768
0 0.36538461538461536 0.6658653846153846 0.027644230769230768 0.027644230769230768
0 0.3942307692307692 0.6694711538461539 0.027644230769230768 0.027644230769230768
0 0.42908653846153844 0.6262019230769231 0.027644230769230768 0.027644230769230768
0 0.4963942307692308 0.6057692307692307 0.027644230769230768 0.027644230769230768
0 0.5336538461538461 0.5661057692307693 0.027644230769230768 0.027644230769230768
0 0.5384615384615384 0.5132211538461539 0.027644230769230768 0.027644230769230768
0 0.5072115384615384 0.5384615384615384 0.027644230769230768 0.027644230769230768
0 0.49278846153846156 0.5324519230769231 0.027644230769230768 0.027644230769230768
0 0.4675480769230769 0.5805288461538461 0.027644230769230768 0.027644230769230768
0 0.6947115384615384 0.5024038461538461 0.027644230769230768 0.027644230769230768
0 0.71875 0.5180288461538461 0.027644230769230768 0.027644230769230768
0 0.7824519230769231 0.47115384615384615 0.027644230769230768 0.027644230769230768
0 0.7019230769230769 0.46634615384615385 0.027644230769230768 0.027644230769230768
0 0.8365384615384616 0.39663461538461536 0.027644230769230768 0.027644230769230768
0 0.9663461538461539 0.24759615384615385 0.027644230769230768 0.027644230769230768
0 0.9038461538461539 0.2247596153846154 0.027644230769230768 0.027644230769230768
0 0.9711538461538461 0.08052884615384616 0.027644230769230768 0.027644230769230768
0 0.3317307692307692 0.7007211538461539 0.027644230769230768 0.027644230769230768
0 0.11177884615384616 0.5024038461538461 0.027644230769230768 0.027644230769230768
0 0.14423076923076922 0.5132211538461539 0.027644230769230768 0.027644230769230768
0 0.1502403846153846 0.43028846153846156 0.027644230769230768 0.027644230769230768
0 0.14423076923076922 0.4735576923076923 0.027644230769230768 0.027644230769230768
0 0.20192307692307693 0.41586538461538464 0.027644230769230768 0.027644230769230768
0 0.2283653846153846 0.4543269230769231 0.027644230769230768 0.027644230769230768
0 0.2860576923076923 0.4266826923076923 0.027644230769230768 0.027644230769230768
0 0.234375 0.42788461538461536 0.027644230769230768 0.027644230769230768
0 0.24759615384615385 0.2439903846153846 0.027644230769230768 0.027644230769230768
0 0.28966346153846156 0.11778846153846154 0.027644230769230768 0.027644230769230768
0 0.3233173076923077 0.09735576923076923 0.027644230769230768 0.027644230769230768
0 0.28365384615384615 0.10096153846153846 0.027644230769230768 0.027644230769230768
0 0.30408653846153844 0.06370192307692307 0.027644230769230768 0.027644230769230768
0 0.3112980769230769 0.042067307692307696 0.027644230769230768 0.027644230769230768
0 0.2247596153846154 0.7367788461538461 0.027644230769230768 0.027644230769230768
0 0.10576923076923077 0.5649038461538461 0.027644230769230768 0.027644230769230768