0 0.7728365384615384 0.9254807692307693 0.04326923076923077 0.04326923076923077
0 0.8040865384615384 0.8701923076923077 0.04326923076923077 0.04326923076923077
0 0.7475961538461539 0.7391826923076923 0.04326923076923077 0.04326923076923077
0 0.6790865384615384 0.7403846153846154 0.04326923076923077 0.04326923076923077
0 0.6382211538461539 0.7007211538461539 0.04326923076923077 0.04326923076923077
0 0.5973557692307693 0.6838942307692307 0.04326923076923077 0.04326923076923077
0 0.6310096153846154 0.5829326923076923 0.04326923076923077 0.04326923076923077
0 0.5697115384615384 0.5709134615384616 0.04326923076923077 0.04326923076923077
0 0.5709134615384616 0.6454326923076923 0.04326923076923077 0.04326923076923077
0 0.5348557692307693 0.6262019230769231 0.04326923076923077 0.04326923076923077
0 0.5048076923076923 0.546875 0.04326923076923077 0.04326923076923077
0 0.4423076923076923 0.5588942307692307 0.04326923076923077 0.04326923076923077
0 0.5324519230769231 0.4206730769230769 0.04326923076923077 0.04326923076923077
0 0.4963942307692308 0.3798076923076923 0.04326923076923077 0.04326923076923077
0 0.43990384615384615 0.31971153846153844 0.04326923076923077 0.04326923076923077
0 0.41947115384615385 0.33774038461538464 0.04326923076923077 0.04326923076923077
0 0.40384615384615385 0.24759615384615385 0.04326923076923077 0.04326923076923077
0 0.31009615384615385 0.27403846153846156 0.04326923076923077 0.04326923076923077
0 0.3329326923076923 0.26802884615384615 0.04326923076923077 0.04326923076923077
0 0.3473557692307692 0.24519230769230768 0.04326923076923077 0.04326923076923077
0 0.3245192307692308 0.17668269230769232 0.04326923076923077 0.04326923076923077
0 0.28125 0.14903846153846154 0.04326923076923077 0.04326923076923077
0 0.75 0.8365384615384616 0.04326923076923077 0.04326923076923077
0 0.45552884615384615 0.49278846153846156 0.04326923076923077 0.04326923076923077