0 0.28125 0.10697115384615384 0.06610576923076923 0.06610576923076923
0 0.38461538461538464 0.10817307692307693 0.06610576923076923 0.06610576923076923
0 0.38461538461538464 0.21875 0.06610576923076923 0.06610576923076923
0 0.3798076923076923 0.16706730769230768 0.06610576923076923 0.06610576923076923
0 0.3293269230769231 0.3317307692307692 0.06610576923076923 0.06610576923076923
0 0.4254807692307692 0.38221153846153844 0.06610576923076923 0.06610576923076923
0 0.43990384615384615 0.41466346153846156 0.06610576923076923 0.06610576923076923
0 0.4495192307692308 0.4567307692307692 0.06610576923076923 0.06610576923076923
0 0.36778846153846156 0.4807692307692308 0.06610576923076923 0.06610576923076923
0 0.45072115384615385 0.5288461538461539 0.06610576923076923 0.06610576923076923
0 0.36538461538461536 0.5492788461538461 0.06610576923076923 0.06610576923076923
0 0.36778846153846156 0.5925480769230769 0.06610576923076923 0.06610576923076923
0 0.4519230769230769 0.33052884615384615 0.06610576923076923 0.06610576923076923
0 0.46274038461538464 0.6430288461538461 0.06610576923076923 0.06610576923076923
0 0.35697115384615385 0.9711538461538461 0.06610576923076923 0.056490384615384616
0 0.5036057692307693 0.9242788461538461 0.06610576923076923 0.06610576923076923
0 0.5072115384615384 0.8100961538461539 0.06610576923076923 0.06610576923076923
0 0.5384615384615384 0.08653846153846154 0.06610576923076923 0.06610576923076923
0 0.5024038461538461 0.10096153846153846 0.06610576923076923 0.06610576923076923
0 0.5096153846153846 0.14903846153846154 0.06610576923076923 0.06610576923076923
0 0.546875 0.18028846153846154 0.06610576923076923 0.06610576923076923
0 0.6370192307692307 0.296875 0.06610576923076923 0.06610576923076923
0 0.6947115384615384 0.33052884615384615 0.06610576923076923 0.06610576923076923
0 0.6538461538461539 0.4423076923076923 0.06610576923076923 0.06610576923076923
0 0.6862980769230769 0.5745192307692307 0.06610576923076923 0.06610576923076923
0 0.7524038461538461 0.5420673076923077 0.06610576923076923 0.06610576923076923