0 0.9170673076923077 0.9158653846153846 0.027644230769230768 0.027644230769230768
0 0.8870192307692307 0.9134615384615384 0.027644230769230768 0.027644230769230768
0 0.8485576923076923 0.9002403846153846 0.027644230769230768 0.027644230769230768
0 0.8401442307692307 0.8870192307692307 0.027644230769230768 0.027644230769230768
0 0.7728365384615384 0.8629807692307693 0.027644230769230768 0.027644230769230768
0 0.7439903846153846 0.8233173076923077 0.027644230769230768 0.027644230769230768
0 0.7884615384615384 0.8389423076923077 0.027644230769230768 0.027644230769230768
0 0.65625 0.7427884615384616 0.027644230769230768 0.027644230769230768
0 0.6081730769230769 0.6923076923076923 0.027644230769230768 0.027644230769230768
0 0.5552884615384616 0.7175480769230769 0.027644230769230768 0.027644230769230768
0 0.5528846153846154 0.6850961538461539 0.027644230769230768 0.027644230769230768
0 0.5240384615384616 0.6754807692307693 0.027644230769230768 0.027644230769230768
0 0.5096153846153846 0.6923076923076923 0.027644230769230768 0.027644230769230768
0 0.515625 0.6430288461538461 0.027644230769230768 0.027644230769230768
0 0.5384615384615384 0.6586538461538461 0.027644230769230768 0.027644230769230768
0 0.5697115384615384 0.6454326923076923 0.027644230769230768 0.027644230769230768
0 0.4723557692307692 0.6778846153846154 0.027644230769230768 0.027644230769230768
0 0.43509615384615385 0.6730769230769231 0.027644230769230768 0.027644230769230768
0 0.38341346153846156 0.6790865384615384 0.027644230769230768 0.027644230769230768
0 0.4411057692307692 0.6574519230769231 0.027644230769230768 0.027644230769230768
0 0.38822115384615385 0.5997596153846154 0.027644230769230768 0.027644230769230768
0 0.3389423076923077 0.6153846153846154 0.027644230769230768 0.027644230769230768
0 0.2956730769230769 0.5841346153846154 0.027644230769230768 0.027644230769230768
0 0.34134615384615385 0.5600961538461539 0.027644230769230768 0.027644230769230768
0 0.3389423076923077 0.5144230769230769 0.027644230769230768 0.027644230769230768
0 0.32091346153846156 0.5072115384615384 0.027644230769230768 0.027644230769230768
0 0.28846153846153844 0.5264423076923077 0.027644230769230768 0.027644230769230768
0 0.27884615384615385 0.5084134615384616 0.027644230769230768 0.027644230769230768
0 0.2824519230769231 0.49158653846153844 0.027644230769230768 0.027644230769230768
0 0.26802884615384615 0.47596153846153844 0.027644230769230768 0.027644230769230768
0 0.24759615384615385 0.41346153846153844 0.027644230769230768 0.027644230769230768
0 0.171875 0.3918269230769231 0.027644230769230768 0.027644230769230768
0 0.13822115384615385 0.390625 0.027644230769230768 0.027644230769230768
0 0.18389423076923078 0.34134615384615385 0.027644230769230768 0.027644230769230768
0 0.1622596153846154 0.31971153846153844 0.027644230769230768 0.027644230769230768
0 0.14903846153846154 0.35216346153846156 0.027644230769230768 0.027644230769230768
0 0.16947115384615385 0.36899038461538464 0.027644230769230768 0.027644230769230768
0 0.19831730769230768 0.390625 0.027644230769230768 0.027644230769230768
0 0.11899038461538461 0.31009615384615385 0.027644230769230768 0.027644230769230768
0 0.11057692307692307 0.28846153846153844 0.027644230769230768 0.027644230769230768
0 0.12860576923076922 0.29086538461538464 0.027644230769230768 0.027644230769230768
0 0.08653846153846154 0.24278846153846154 0.027644230769230768 0.027644230769230768
0 0.037259615384615384 0.21634615384615385 0.027644230769230768 0.027644230769230768
0 0.9435096153846154 0.9194711538461539 0.027644230769230768 0.027644230769230768
0 0.9543269230769231 0.8966346153846154 0.027644230769230768 0.027644230769230768
0 0.9314903846153846 0.8725961538461539 0.027644230769230768 0.027644230769230768
0 0.9086538461538461 0.8461538461538461 0.027644230769230768 0.027644230769230768
0 0.8545673076923077 0.8305288461538461 0.027644230769230768 0.027644230769230768
0 0.8774038461538461 0.7908653846153846 0.027644230769230768 0.027644230769230768
0 0.7403846153846154 0.43149038461538464 0.027644230769230768 0.027644230769230768
0 0.7632211538461539 0.4495192307692308 0.027644230769230768 0.027644230769230768
0 0.7680288461538461 0.390625 0.027644230769230768 0.027644230769230768
0 0.6971153846153846 0.36177884615384615 0.027644230769230768 0.027644230769230768
0 0.7740384615384616 0.055288461538461536 0.027644230769230768 0.027644230769230768