0 0.04447115384615385 0.6850961538461539 0.06610576923076923 0.06610576923076923
0 0.04447115384615385 0.609375 0.06610576923076923 0.06610576923076923
0 0.1622596153846154 0.6322115384615384 0.06610576923076923 0.06610576923076923
0 0.15625 0.7548076923076923 0.06610576923076923 0.06610576923076923
0 0.2644230769230769 0.7319711538461539 0.06610576923076923 0.06610576923076923
0 0.21634615384615385 0.7367788461538461 0.06610576923076923 0.06610576923076923
0 0.29086538461538464 0.6382211538461539 0.06610576923076923 0.06610576923076923
0 0.35216346153846156 0.7451923076923077 0.06610576923076923 0.06610576923076923
0 0.38822115384615385 0.7451923076923077 0.06610576923076923 0.06610576923076923
0 0.4230769230769231 0.6382211538461539 0.06610576923076923 0.06610576923076923
0 0.09134615384615384 0.028846153846153848 0.0673076923076923 0.057692307692307696
0 0.1778846153846154 0.04927884615384615 0.06610576923076923 0.06610576923076923
0 0.25600961538461536 0.15144230769230768 0.06610576923076923 0.06610576923076923
0 0.20793269230769232 0.2776442307692308 0.06610576923076923 0.06610576923076923
0 0.33413461538461536 0.33774038461538464 0.06610576923076923 0.06610576923076923
0 0.3786057692307692 0.27403846153846156 0.06610576923076923 0.06610576923076923
0 0.46153846153846156 0.3233173076923077 0.06610576923076923 0.06610576923076923
0 0.49399038461538464 0.36899038461538464 0.06610576923076923 0.06610576923076923
0 0.4651442307692308 0.46634615384615385 0.06610576923076923 0.06610576923076923
0 0.47836538461538464 0.5012019230769231 0.06610576923076923 0.06610576923076923
0 0.5913461538461539 0.47596153846153844 0.06610576923076923 0.06610576923076923
0 0.6021634615384616 0.44711538461538464 0.06610576923076923 0.06610576923076923
0 0.11298076923076923 0.6213942307692307 0.06610576923076923 0.06610576923076923