0 0.7896634615384616 0.1622596153846154 0.04927884615384615 0.04927884615384615
0 0.7668269230769231 0.109375 0.04927884615384615 0.04927884615384615
0 0.7259615384615384 0.18509615384615385 0.04927884615384615 0.04927884615384615
0 0.6971153846153846 0.24639423076923078 0.04927884615384615 0.04927884615384615
0 0.5552884615384616 0.20432692307692307 0.04927884615384615 0.04927884615384615
0 0.5709134615384616 0.2860576923076923 0.04927884615384615 0.04927884615384615
0 0.5132211538461539 0.20432692307692307 0.04927884615384615 0.04927884615384615
0 0.46634615384615385 0.19831730769230768 0.04927884615384615 0.04927884615384615
0 0.47836538461538464 0.22115384615384615 0.04927884615384615 0.04927884615384615
0 0.4326923076923077 0.19951923076923078 0.04927884615384615 0.04927884615384615
0 0.4387019230769231 0.24639423076923078 0.04927884615384615 0.04927884615384615
0 0.41466346153846156 0.24519230769230768 0.04927884615384615 0.04927884615384615
0 0.39302884615384615 0.19591346153846154 0.04927884615384615 0.04927884615384615
0 0.35096153846153844 0.23677884615384615 0.04927884615384615 0.04927884615384615
0 0.33413461538461536 0.19230769230769232 0.04927884615384615 0.04927884615384615
0 0.2848557692307692 0.2620192307692308 0.04927884615384615 0.04927884615384615
0 0.2247596153846154 0.18990384615384615 0.04927884615384615 0.04927884615384615
0 0.20793269230769232 0.27283653846153844 0.04927884615384615 0.04927884615384615
0 0.2403846153846154 0.25600961538461536 0.04927884615384615 0.04927884615384615
0 0.8581730769230769 0.3173076923076923 0.04927884615384615 0.04927884615384615
0 0.8197115384615384 0.3269230769230769 0.04927884615384615 0.04927884615384615
0 0.8245192307692307 0.35697115384615385 0.04927884615384615 0.04927884615384615
0 0.7860576923076923 0.3737980769230769 0.04927884615384615 0.04927884615384615
0 0.8617788461538461 0.38822115384615385 0.04927884615384615 0.04927884615384615
0 0.8365384615384616 0.4014423076923077 0.04927884615384615 0.04927884615384615
0 0.8185096153846154 0.421875 0.04927884615384615 0.04927884615384615
0 0.7175480769230769 0.5240384615384616 0.04927884615384615 0.04927884615384615
0 0.703125 0.5600961538461539 0.04927884615384615 0.04927884615384615
0 0.6802884615384616 0.546875 0.04927884615384615 0.04927884615384615
0 0.6850961538461539 0.46634615384615385 0.04927884615384615 0.04927884615384615
0 0.6694711538461539 0.5012019230769231 0.04927884615384615 0.04927884615384615
0 0.6057692307692307 0.5288461538461539 0.04927884615384615 0.04927884615384615
0 0.5829326923076923 0.5600961538461539 0.04927884615384615 0.04927884615384615
0 0.5793269230769231 0.6262019230769231 0.04927884615384615 0.04927884615384615
0 0.5336538461538461 0.6358173076923077 0.04927884615384615 0.04927884615384615
0 0.5324519230769231 0.5709134615384616 0.04927884615384615 0.04927884615384615
0 0.49759615384615385 0.6947115384615384 0.04927884615384615 0.04927884615384615
0 0.44591346153846156 0.6153846153846154 0.04927884615384615 0.04927884615384615
0 0.49278846153846156 0.6682692307692307 0.04927884615384615 0.04927884615384615
0 0.35697115384615385 0.6622596153846154 0.04927884615384615 0.04927884615384615
0 0.38822115384615385 0.6322115384615384 0.04927884615384615 0.04927884615384615
0 0.3112980769230769 0.7391826923076923 0.04927884615384615 0.04927884615384615
0 0.2692307692307692 0.7463942307692307 0.04927884615384615 0.04927884615384615
0 0.21394230769230768 0.7103365384615384 0.04927884615384615 0.04927884615384615
0 0.17427884615384615 0.796875 0.04927884615384615 0.04927884615384615
0 0.17908653846153846 0.7271634615384616 0.04927884615384615 0.04927884615384615
0 0.15144230769230768 0.7319711538461539 0.04927884615384615 0.04927884615384615
0 0.11658653846153846 0.7115384615384616 0.04927884615384615 0.04927884615384615
0 0.0889423076923077 0.7271634615384616 0.04927884615384615 0.04927884615384615
0 0.10817307692307693 0.8052884615384616 0.04927884615384615 0.04927884615384615
0 0.38461538461538464 0.7223557692307693 0.04927884615384615 0.04927884615384615
0 0.45552884615384615 0.7536057692307693 0.04927884615384615 0.04927884615384615
0 0.36778846153846156 0.7764423076923077 0.04927884615384615 0.04927884615384615
0 0.33653846153846156 0.8257211538461539 0.04927884615384615 0.04927884615384615
0 0.3473557692307692 0.8653846153846154 0.04927884615384615 0.04927884615384615
0 0.36899038461538464 0.8858173076923077 0.04927884615384615 0.04927884615384615
0 0.43149038461538464 0.8617788461538461 0.04927884615384615 0.04927884615384615
0 0.41586538461538464 0.8882211538461539 0.04927884615384615 0.04927884615384615
0 0.1658653846153846 0.27884615384615385 0.04927884615384615 0.04927884615384615
0 0.27524038461538464 0.19951923076923078 0.04927884615384615 0.04927884615384615
0 0.765625 0.18389423076923078 0.04927884615384615 0.04927884615384615