0 0.546875 0.8774038461538461 0.04447115384615385 0.04447115384615385
0 0.5144230769230769 0.9314903846153846 0.04447115384615385 0.04447115384615385
0 0.4651442307692308 0.8605769230769231 0.04447115384615385 0.04447115384615385
0 0.43990384615384615 0.8161057692307693 0.04447115384615385 0.04447115384615385
0 0.4639423076923077 0.7740384615384616 0.04447115384615385 0.04447115384615385
0 0.3894230769230769 0.7307692307692307 0.04447115384615385 0.04447115384615385
0 0.44471153846153844 0.7175480769230769 0.04447115384615385 0.04447115384615385
0 0.49038461538461536 0.5805288461538461 0.04447115384615385 0.04447115384615385
0 0.44711538461538464 0.5264423076923077 0.04447115384615385 0.04447115384615385
0 0.46033653846153844 0.49759615384615385 0.04447115384615385 0.04447115384615385
0 0.43028846153846156 0.5865384615384616 0.04447115384615385 0.04447115384615385
0 0.5012019230769231 0.5264423076923077 0.04447115384615385 0.04447115384615385
0 0.5192307692307693 0.4362980769230769 0.04447115384615385 0.04447115384615385
0 0.4855769230769231 0.40024038461538464 0.04447115384615385 0.04447115384615385
0 0.5396634615384616 0.3605769230769231 0.04447115384615385 0.04447115384615385
0 0.5024038461538461 0.27403846153846156 0.04447115384615385 0.04447115384615385
0 0.5288461538461539 0.21514423076923078 0.04447115384615385 0.04447115384615385
0 0.5709134615384616 0.24639423076923078 0.04447115384615385 0.04447115384615385
0 0.5576923076923077 0.07451923076923077 0.04447115384615385 0.04447115384615385
0 0.5444711538461539 0.04326923076923077 0.04447115384615385 0.04447115384615385
0 0.1502403846153846 0.7067307692307693 0.04447115384615385 0.04447115384615385
0 0.09735576923076923 0.7319711538461539 0.04447115384615385 0.04447115384615385