0 0.6442307692307693 0.11899038461538461 0.09735576923076923 0.09735576923076923
0 0.6274038461538461 0.13822115384615385 0.09735576923076923 0.09735576923076923
0 0.6322115384615384 0.10336538461538461 0.09735576923076923 0.09735576923076923
0 0.59375 0.13701923076923078 0.09735576923076923 0.09735576923076923
0 0.5961538461538461 0.16826923076923078 0.09735576923076923 0.09735576923076923
0 0.5877403846153846 0.18389423076923078 0.09735576923076923 0.09735576923076923
0 0.5685096153846154 0.1971153846153846 0.09735576923076923 0.09735576923076923
0 0.5564903846153846 0.18028846153846154 0.09735576923076923 0.09735576923076923
0 0.5216346153846154 0.23798076923076922 0.09735576923076923 0.09735576923076923
0 0.7620192307692307 0.6442307692307693 0.09735576923076923 0.09735576923076923
0 0.7115384615384616 0.640625 0.09735576923076923 0.09735576923076923
0 0.7115384615384616 0.5865384615384616 0.09735576923076923 0.09735576923076923
0 0.421875 0.6598557692307693 0.09735576923076923 0.09735576923076923
0 0.4254807692307692 0.6370192307692307 0.09735576923076923 0.09735576923076923
0 0.5661057692307693 0.8713942307692307 0.09735576923076923 0.09735576923076923
0 0.5384615384615384 0.8870192307692307 0.09735576923076923 0.09735576923076923
0 0.5036057692307693 0.8677884615384616 0.09735576923076923 0.09735576923076923
0 0.5276442307692307 0.8401442307692307 0.09735576923076923 0.09735576923076923
0 0.5552884615384616 0.8317307692307693 0.09735576923076923 0.09735576923076923
0 0.5865384615384616 0.8197115384615384 0.09735576923076923 0.09735576923076923
0 0.6911057692307693 0.8088942307692307 0.09735576923076923 0.09735576923076923
0 0.71875 0.8509615384615384 0.09735576923076923 0.09735576923076923
0 0.6947115384615384 0.859375 0.09735576923076923 0.09735576923076923
0 0.7620192307692307 0.8557692307692307 0.09735576923076923 0.09735576923076923
0 0.7692307692307693 0.8004807692307693 0.09735576923076923 0.09735576923076923
0 0.859375 0.75 0.09735576923076923 0.09735576923076923
0 0.9254807692307693 0.6754807692307693 0.09735576923076923 0.09735576923076923
0 0.9302884615384616 0.6370192307692307 0.09735576923076923 0.09735576923076923
0 0.8677884615384616 0.6526442307692307 0.09735576923076923 0.09735576923076923
0 0.8870192307692307 0.640625 0.09735576923076923 0.09735576923076923