0 0.6225961538461539 0.8473557692307693 0.04326923076923077 0.04326923076923077
0 0.5432692307692307 0.8918269230769231 0.04326923076923077 0.04326923076923077
0 0.5588942307692307 0.8569711538461539 0.04326923076923077 0.04326923076923077
0 0.5288461538461539 0.8257211538461539 0.04326923076923077 0.04326923076923077
0 0.5889423076923077 0.78125 0.04326923076923077 0.04326923076923077
0 0.4050480769230769 0.6262019230769231 0.04326923076923077 0.04326923076923077
0 0.4831730769230769 0.5769230769230769 0.04326923076923077 0.04326923076923077
0 0.3485576923076923 0.5552884615384616 0.04326923076923077 0.04326923076923077
0 0.4483173076923077 0.5288461538461539 0.04326923076923077 0.04326923076923077
0 0.42908653846153844 0.5 0.04326923076923077 0.04326923076923077
0 0.39903846153846156 0.47115384615384615 0.04326923076923077 0.04326923076923077
0 0.3870192307692308 0.43509615384615385 0.04326923076923077 0.04326923076923077
0 0.3918269230769231 0.3161057692307692 0.04326923076923077 0.04326923076923077
0 0.2776442307692308 0.3161057692307692 0.04326923076923077 0.04326923076923077
0 0.1622596153846154 0.057692307692307696 0.04326923076923077 0.04326923076923077
0 0.7115384615384616 0.9134615384615384 0.04326923076923077 0.04326923076923077
0 0.7007211538461539 0.8365384615384616 0.04326923076923077 0.04326923076923077
0 0.7572115384615384 0.8641826923076923 0.04326923076923077 0.04326923076923077
0 0.7632211538461539 0.7848557692307693 0.04326923076923077 0.04326923076923077
0 0.8533653846153846 0.8004807692307693 0.04326923076923077 0.04326923076923077
0 0.9146634615384616 0.7572115384615384 0.04326923076923077 0.04326923076923077
0 0.8954326923076923 0.7379807692307693 0.04326923076923077 0.04326923076923077
0 0.9387019230769231 0.6490384615384616 0.04326923076923077 0.04326923076923077
0 0.9663461538461539 0.6850961538461539 0.04326923076923077 0.04326923076923077
0 0.7704326923076923 0.6995192307692307 0.04326923076923077 0.04326923076923077