0 0.2536057692307692 0.1971153846153846 0.04326923076923077 0.04326923076923077
0 0.25721153846153844 0.26322115384615385 0.04326923076923077 0.04326923076923077
0 0.17548076923076922 0.30649038461538464 0.04326923076923077 0.04326923076923077
0 0.2692307692307692 0.49038461538461536 0.04326923076923077 0.04326923076923077
0 0.26802884615384615 0.5492788461538461 0.04326923076923077 0.04326923076923077
0 0.23918269230769232 0.6983173076923077 0.04326923076923077 0.04326923076923077
0 0.31490384615384615 0.6670673076923077 0.04326923076923077 0.04326923076923077
0 0.42427884615384615 0.7788461538461539 0.04326923076923077 0.04326923076923077
0 0.5132211538461539 0.8966346153846154 0.04326923076923077 0.04326923076923077
0 0.5012019230769231 0.953125 0.04326923076923077 0.04326923076923077
0 0.45072115384615385 0.8762019230769231 0.04326923076923077 0.04326923076923077
0 0.3798076923076923 0.8413461538461539 0.04326923076923077 0.04326923076923077
0 0.3485576923076923 0.8497596153846154 0.04326923076923077 0.04326923076923077
0 0.7127403846153846 0.7175480769230769 0.04326923076923077 0.04326923076923077
0 0.6622596153846154 0.6730769230769231 0.04326923076923077 0.04326923076923077
0 0.7067307692307693 0.6117788461538461 0.04326923076923077 0.04326923076923077
0 0.7584134615384616 0.6334134615384616 0.04326923076923077 0.04326923076923077
0 0.7944711538461539 0.4495192307692308 0.04326923076923077 0.04326923076923077
0 0.7704326923076923 0.3641826923076923 0.04326923076923077 0.04326923076923077
0 0.765625 0.33413461538461536 0.04326923076923077 0.04326923076923077
0 0.8221153846153846 0.375 0.04326923076923077 0.04326923076923077
0 0.8545673076923077 0.33653846153846156 0.04326923076923077 0.04326923076923077
0 0.8581730769230769 0.27283653846153844 0.04326923076923077 0.04326923076923077
0 0.7728365384615384 0.13221153846153846 0.04326923076923077 0.04326923076923077
0 0.8004807692307693 0.07451923076923077 0.04326923076923077 0.04326923076923077
0 0.3401442307692308 0.8701923076923077 0.04326923076923077 0.04326923076923077
0 0.6538461538461539 0.7211538461538461 0.04326923076923077 0.04326923076923077