0 0.5564903846153846 0.7163461538461539 0.04447115384615385 0.04447115384615385
0 0.5228365384615384 0.6971153846153846 0.04447115384615385 0.04447115384615385
0 0.46153846153846156 0.7908653846153846 0.04447115384615385 0.04447115384615385
0 0.4567307692307692 0.6899038461538461 0.04447115384615385 0.04447115384615385
0 0.45072115384615385 0.7127403846153846 0.04447115384615385 0.04447115384615385
0 0.41586538461538464 0.75 0.04447115384615385 0.04447115384615385
0 0.39302884615384615 0.7884615384615384 0.04447115384615385 0.04447115384615385
0 0.3125 0.8052884615384616 0.04447115384615385 0.04447115384615385
0 0.27524038461538464 0.8882211538461539 0.04447115384615385 0.04447115384615385
0 0.2403846153846154 0.828125 0.04447115384615385 0.04447115384615385
0 0.1971153846153846 0.9350961538461539 0.04447115384615385 0.04447115384615385
0 0.33533653846153844 0.7391826923076923 0.04447115384615385 0.04447115384615385
0 0.28966346153846156 0.7379807692307693 0.04447115384615385 0.04447115384615385
0 0.19591346153846154 0.7235576923076923 0.04447115384615385 0.04447115384615385
0 0.15865384615384615 0.6850961538461539 0.04447115384615385 0.04447115384615385
0 0.13822115384615385 0.6454326923076923 0.04447115384615385 0.04447115384615385
0 0.21153846153846154 0.65625 0.04447115384615385 0.04447115384615385
0 0.21634615384615385 0.6069711538461539 0.04447115384615385 0.04447115384615385
0 0.2091346153846154 0.4567307692307692 0.04447115384615385 0.04447115384615385
0 0.18870192307692307 0.3737980769230769 0.04447115384615385 0.04447115384615385
0 0.13942307692307693 0.39783653846153844 0.04447115384615385 0.04447115384615385
0 0.20793269230769232 0.2800480769230769 0.04447115384615385 0.04447115384615385
0 0.1502403846153846 0.33533653846153844 0.04447115384615385 0.04447115384615385
0 0.19471153846153846 0.33413461538461536 0.04447115384615385 0.04447115384615385
0 0.14302884615384615 0.24879807692307693 0.04447115384615385 0.04447115384615385
0 0.24759615384615385 0.21634615384615385 0.04447115384615385 0.04447115384615385
0 0.20673076923076922 0.24158653846153846 0.04447115384615385 0.04447115384615385
0 0.22115384615384615 0.18509615384615385 0.04447115384615385 0.04447115384615385
0 0.16466346153846154 0.17067307692307693 0.04447115384615385 0.04447115384615385
0 0.16826923076923078 0.20072115384615385 0.04447115384615385 0.04447115384615385
0 0.17427884615384615 0.13221153846153846 0.04447115384615385 0.04447115384615385
0 0.16826923076923078 0.11298076923076923 0.04447115384615385 0.04447115384615385
0 0.26322115384615385 0.6802884615384616 0.04447115384615385 0.04447115384615385
0 0.25 0.7163461538461539 0.04447115384615385 0.04447115384615385
0 0.31490384615384615 0.6742788461538461 0.04447115384615385 0.04447115384615385
0 0.390625 0.6850961538461539 0.04447115384615385 0.04447115384615385
0 0.4098557692307692 0.6538461538461539 0.04447115384615385 0.04447115384615385
0 0.3918269230769231 0.640625 0.04447115384615385 0.04447115384615385
0 0.3605769230769231 0.625 0.04447115384615385 0.04447115384615385
0 0.33413461538461536 0.6550480769230769 0.04447115384615385 0.04447115384615385
0 0.3293269230769231 0.6346153846153846 0.04447115384615385 0.04447115384615385
0 0.28846153846153844 0.6045673076923077 0.04447115384615385 0.04447115384615385
0 0.265625 0.5528846153846154 0.04447115384615385 0.04447115384615385
0 0.24278846153846154 0.8677884615384616 0.04447115384615385 0.04447115384615385
0 0.19471153846153846 0.8677884615384616 0.04447115384615385 0.04447115384615385
0 0.12980769230769232 0.9447115384615384 0.04447115384615385 0.04447115384615385
0 0.14903846153846154 0.5769230769230769 0.04447115384615385 0.04447115384615385
0 0.14783653846153846 0.546875 0.04447115384615385 0.04447115384615385
0 0.21875 0.5841346153846154 0.04447115384615385 0.04447115384615385
0 0.14302884615384615 0.30528846153846156 0.04447115384615385 0.04447115384615385