0 0.27524038461538464 0.6346153846153846 0.11298076923076923 0.11298076923076923
0 0.37740384615384615 0.609375 0.11298076923076923 0.11298076923076923
0 0.38822115384615385 0.5 0.11298076923076923 0.11298076923076923
0 0.43028846153846156 0.48197115384615385 0.11298076923076923 0.11298076923076923
0 0.515625 0.5336538461538461 0.11298076923076923 0.11298076923076923
0 0.4963942307692308 0.41947115384615385 0.11298076923076923 0.11298076923076923
0 0.6754807692307693 0.47836538461538464 0.11298076923076923 0.11298076923076923
0 0.5588942307692307 0.4375 0.11298076923076923 0.11298076923076923
0 0.6778846153846154 0.2247596153846154 0.11298076923076923 0.11298076923076923
0 0.8028846153846154 0.30528846153846156 0.11298076923076923 0.11298076923076923
0 0.859375 0.25600961538461536 0.11298076923076923 0.11298076923076923
0 0.40024038461538464 0.6850961538461539 0.11298076923076923 0.11298076923076923
0 0.5072115384615384 0.7620192307692307 0.11298076923076923 0.11298076923076923
0 0.5757211538461539 0.8149038461538461 0.11298076923076923 0.11298076923076923