0 0.7572115384615384 0.5372596153846154 0.11298076923076923 0.11298076923076923
0 0.7115384615384616 0.45552884615384615 0.11298076923076923 0.11298076923076923
0 0.6057692307692307 0.3557692307692308 0.11298076923076923 0.11298076923076923
0 0.6117788461538461 0.40024038461538464 0.11298076923076923 0.11298076923076923
0 0.6225961538461539 0.44471153846153844 0.11298076923076923 0.11298076923076923
0 0.6442307692307693 0.5132211538461539 0.11298076923076923 0.11298076923076923
0 0.65625 0.640625 0.11298076923076923 0.11298076923076923
0 0.6911057692307693 0.6947115384615384 0.11298076923076923 0.11298076923076923
0 0.49038461538461536 0.625 0.11298076923076923 0.11298076923076923
0 0.44471153846153844 0.6129807692307693 0.11298076923076923 0.11298076923076923
0 0.31850961538461536 0.6069711538461539 0.11298076923076923 0.11298076923076923
0 0.25961538461538464 0.5721153846153846 0.11298076923076923 0.11298076923076923
0 0.33052884615384615 0.47836538461538464 0.11298076923076923 0.11298076923076923
0 0.1502403846153846 0.5685096153846154 0.11298076923076923 0.11298076923076923
0 0.22115384615384615 0.4026442307692308 0.11298076923076923 0.11298076923076923
0 0.13701923076923078 0.4338942307692308 0.11298076923076923 0.11298076923076923
0 0.10576923076923077 0.39663461538461536 0.11298076923076923 0.11298076923076923
0 0.06850961538461539 0.33413461538461536 0.11298076923076923 0.11298076923076923
0 0.5 0.5757211538461539 0.11298076923076923 0.11298076923076923