0 0.6911057692307693 0.41586538461538464 0.11298076923076923 0.11298076923076923
0 0.5444711538461539 0.4651442307692308 0.11298076923076923 0.11298076923076923
0 0.5877403846153846 0.5961538461538461 0.11298076923076923 0.11298076923076923
0 0.53125 0.5120192307692307 0.11298076923076923 0.11298076923076923
0 0.46875 0.5649038461538461 0.11298076923076923 0.11298076923076923
0 0.31490384615384615 0.5805288461538461 0.11298076923076923 0.11298076923076923
0 0.3088942307692308 0.6370192307692307 0.11298076923076923 0.11298076923076923
0 0.42788461538461536 0.7055288461538461 0.11298076923076923 0.11298076923076923
0 0.40625 0.6742788461538461 0.11298076923076923 0.11298076923076923
0 0.5252403846153846 0.6586538461538461 0.11298076923076923 0.11298076923076923
0 0.2439903846153846 0.6466346153846154 0.11298076923076923 0.11298076923076923
0 0.2283653846153846 0.7884615384615384 0.11298076923076923 0.11298076923076923
0 0.203125 0.7091346153846154 0.11298076923076923 0.11298076923076923
0 0.14423076923076922 0.7307692307692307 0.11298076923076923 0.11298076923076923