0 0.9086538461538461 0.4182692307692308 0.03125 0.03125
0 0.8918269230769231 0.3942307692307692 0.03125 0.03125
0 0.8533653846153846 0.40865384615384615 0.03125 0.03125
0 0.8485576923076923 0.39302884615384615 0.03125 0.03125
0 0.8870192307692307 0.37259615384615385 0.03125 0.03125
0 0.8990384615384616 0.3473557692307692 0.03125 0.03125
0 0.8882211538461539 0.35336538461538464 0.03125 0.03125
0 0.8762019230769231 0.34134615384615385 0.03125 0.03125
0 0.8569711538461539 0.34615384615384615 0.03125 0.03125
0 0.8233173076923077 0.33653846153846156 0.03125 0.03125
0 0.8557692307692307 0.27884615384615385 0.03125 0.03125
0 0.8365384615384616 0.2620192307692308 0.03125 0.03125
0 0.8161057692307693 0.2512019230769231 0.03125 0.03125
0 0.7980769230769231 0.26322115384615385 0.03125 0.03125
0 0.7740384615384616 0.21634615384615385 0.03125 0.03125
0 0.7740384615384616 0.25721153846153844 0.03125 0.03125
0 0.7620192307692307 0.24759615384615385 0.03125 0.03125
0 0.7439903846153846 0.2439903846153846 0.03125 0.03125
0 0.7427884615384616 0.2283653846153846 0.03125 0.03125
0 0.7319711538461539 0.17307692307692307 0.03125 0.03125
0 0.6983173076923077 0.18870192307692307 0.03125 0.03125
0 0.6658653846153846 0.14182692307692307 0.03125 0.03125
0 0.6899038461538461 0.13221153846153846 0.03125 0.03125
0 0.6862980769230769 0.11778846153846154 0.03125 0.03125
0 0.6778846153846154 0.08052884615384616 0.03125 0.03125
0 0.6430288461538461 0.08052884615384616 0.03125 0.03125
0 0.6274038461538461 0.09134615384615384 0.03125 0.03125
0 0.5697115384615384 0.036057692307692304 0.03125 0.03125
0 0.8677884615384616 0.36778846153846156 0.03125 0.03125
0 0.6742788461538461 0.1658653846153846 0.03125 0.03125
0 0.6814903846153846 0.17427884615384615 0.03125 0.03125
0 0.8221153846153846 0.3701923076923077 0.03125 0.03125
0 0.7884615384615384 0.36177884615384615 0.03125 0.03125
0 0.7043269230769231 0.23317307692307693 0.03125 0.03125
0 0.6237980769230769 0.21754807692307693 0.03125 0.03125
0 0.6105769230769231 0.18269230769230768 0.03125 0.03125
0 0.5757211538461539 0.15144230769230768 0.03125 0.03125
0 0.5913461538461539 0.109375 0.03125 0.03125
0 0.5564903846153846 0.10096153846153846 0.03125 0.03125
0 0.890625 0.46634615384615385 0.03125 0.03125
0 0.8377403846153846 0.47115384615384615 0.03125 0.03125
0 0.8401442307692307 0.4423076923076923 0.03125 0.03125
0 0.8076923076923077 0.43028846153846156 0.03125 0.03125
0 0.7692307692307693 0.45913461538461536 0.03125 0.03125
0 0.7836538461538461 0.41947115384615385 0.03125 0.03125
0 0.7475961538461539 0.4411057692307692 0.03125 0.03125
0 0.7463942307692307 0.43028846153846156 0.03125 0.03125
0 0.7463942307692307 0.3954326923076923 0.03125 0.03125
0 0.7235576923076923 0.3942307692307692 0.03125 0.03125
0 0.7199519230769231 0.4182692307692308 0.03125 0.03125
0 0.6959134615384616 0.4014423076923077 0.03125 0.03125
0 0.6586538461538461 0.40865384615384615 0.03125 0.03125
0 0.6370192307692307 0.40865384615384615 0.03125 0.03125
0 0.6225961538461539 0.4074519230769231 0.03125 0.03125
0 0.6009615384615384 0.3581730769230769 0.03125 0.03125
0 0.5865384615384616 0.35697115384615385 0.03125 0.03125
0 0.6021634615384616 0.38221153846153844 0.03125 0.03125
0 0.46634615384615385 0.34375 0.03125 0.03125
0 0.8209134615384616 0.4831730769230769 0.03125 0.03125
0 0.8064903846153846 0.5036057692307693 0.03125 0.03125
0 0.7692307692307693 0.5048076923076923 0.03125 0.03125
0 0.7620192307692307 0.48197115384615385 0.03125 0.03125
0 0.7379807692307693 0.5492788461538461 0.03125 0.03125
0 0.7355769230769231 0.5661057692307693 0.03125 0.03125
0 0.6887019230769231 0.6045673076923077 0.03125 0.03125
0 0.6730769230769231 0.6153846153846154 0.03125 0.03125
0 0.6634615384615384 0.5721153846153846 0.03125 0.03125
0 0.625 0.6394230769230769 0.03125 0.03125
0 0.5516826923076923 0.703125 0.03125 0.03125
0 0.5168269230769231 0.7055288461538461 0.03125 0.03125
0 0.49399038461538464 0.7235576923076923 0.03125 0.03125
0 0.4375 0.6947115384615384 0.03125 0.03125
0 0.3954326923076923 0.7427884615384616 0.03125 0.03125
0 0.33413461538461536 0.75 0.03125 0.03125
0 0.3076923076923077 0.7223557692307693 0.03125 0.03125
0 0.3016826923076923 0.765625 0.03125 0.03125
0 0.27884615384615385 0.7740384615384616 0.03125 0.03125
0 0.2403846153846154 0.7776442307692307 0.03125 0.03125
0 0.24158653846153846 0.8052884615384616 0.03125 0.03125
0 0.2127403846153846 0.765625 0.03125 0.03125
0 0.19230769230769232 0.7836538461538461 0.03125 0.03125
0 0.13822115384615385 0.8137019230769231 0.03125 0.03125
0 0.13581730769230768 0.8353365384615384 0.03125 0.03125
0 0.7716346153846154 0.3317307692307692 0.03125 0.03125
0 0.59375 0.038461538461538464 0.03125 0.03125
0 0.8653846153846154 0.30528846153846156 0.03125 0.03125
0 0.9471153846153846 0.4807692307692308 0.03125 0.03125
0 0.9375 0.4338942307692308 0.03125 0.03125