0 0.8569711538461539 0.7127403846153846 0.046875 0.046875
0 0.7872596153846154 0.8197115384615384 0.046875 0.046875
0 0.6935096153846154 0.7524038461538461 0.046875 0.046875
0 0.6802884615384616 0.7908653846153846 0.046875 0.046875
0 0.6370192307692307 0.7944711538461539 0.046875 0.046875
0 0.6322115384615384 0.7560096153846154 0.046875 0.046875
0 0.5625 0.7439903846153846 0.046875 0.046875
0 0.5120192307692307 0.7307692307692307 0.046875 0.046875
0 0.5492788461538461 0.6526442307692307 0.046875 0.046875
0 0.5180288461538461 0.6466346153846154 0.046875 0.046875
0 0.4567307692307692 0.640625 0.046875 0.046875
0 0.5745192307692307 0.6430288461538461 0.046875 0.046875
0 0.6586538461538461 0.5973557692307693 0.046875 0.046875
0 0.6322115384615384 0.5805288461538461 0.046875 0.046875
0 0.7283653846153846 0.6911057692307693 0.046875 0.046875
0 0.75 0.7127403846153846 0.046875 0.046875
0 0.5661057692307693 0.546875 0.046875 0.046875
0 0.5745192307692307 0.5252403846153846 0.046875 0.046875
0 0.578125 0.5805288461538461 0.046875 0.046875
0 0.6033653846153846 0.5877403846153846 0.046875 0.046875
0 0.5276442307692307 0.5492788461538461 0.046875 0.046875
0 0.5288461538461539 0.5060096153846154 0.046875 0.046875
0 0.49399038461538464 0.5432692307692307 0.046875 0.046875
0 0.4182692307692308 0.5757211538461539 0.046875 0.046875
0 0.3473557692307692 0.5817307692307693 0.046875 0.046875
0 0.32572115384615385 0.5432692307692307 0.046875 0.046875
0 0.37259615384615385 0.5661057692307693 0.046875 0.046875
0 0.3004807692307692 0.45552884615384615 0.046875 0.046875
0 0.30528846153846156 0.41225961538461536 0.046875 0.046875
0 0.2620192307692308 0.4338942307692308 0.046875 0.046875
0 0.21875 0.484375 0.046875 0.046875
0 0.16947115384615385 0.41586538461538464 0.046875 0.046875
0 0.16346153846153846 0.4807692307692308 0.046875 0.046875
0 0.2403846153846154 0.38461538461538464 0.046875 0.046875
0 0.2439903846153846 0.34615384615384615 0.046875 0.046875
0 0.28125 0.35336538461538464 0.046875 0.046875
0 0.23076923076923078 0.23677884615384615 0.046875 0.046875
0 0.12860576923076922 0.06971153846153846 0.046875 0.046875
0 0.12259615384615384 0.021634615384615384 0.046875 0.04326923076923077
0 0.15625 0.328125 0.046875 0.046875
0 0.11298076923076923 0.32211538461538464 0.046875 0.046875
0 0.07211538461538461 0.1971153846153846 0.046875 0.046875
0 0.06850961538461539 0.13822115384615385 0.046875 0.046875
0 0.2283653846153846 0.31490384615384615 0.046875 0.046875