0 0.6286057692307693 0.49038461538461536 0.04326923076923077 0.04326923076923077
0 0.7259615384615384 0.46875 0.04326923076923077 0.04326923076923077
0 0.8233173076923077 0.3293269230769231 0.04326923076923077 0.04326923076923077
0 0.8966346153846154 0.26322115384615385 0.04326923076923077 0.04326923076923077
0 0.7788461538461539 0.29447115384615385 0.04326923076923077 0.04326923076923077
0 0.7283653846153846 0.39903846153846156 0.04326923076923077 0.04326923076923077
0 0.7632211538461539 0.36538461538461536 0.04326923076923077 0.04326923076923077
0 0.7151442307692307 0.3581730769230769 0.04326923076923077 0.04326923076923077
0 0.6237980769230769 0.37740384615384615 0.04326923076923077 0.04326923076923077
0 0.5913461538461539 0.33533653846153844 0.04326923076923077 0.04326923076923077
0 0.5432692307692307 0.39903846153846156 0.04326923076923077 0.04326923076923077
0 0.5132211538461539 0.40865384615384615 0.04326923076923077 0.04326923076923077
0 0.28846153846153844 0.5973557692307693 0.04326923076923077 0.04326923076923077
0 0.2776442307692308 0.6237980769230769 0.04326923076923077 0.04326923076923077
0 0.31971153846153844 0.6346153846153846 0.04326923076923077 0.04326923076923077
0 0.35216346153846156 0.6274038461538461 0.04326923076923077 0.04326923076923077
0 0.22235576923076922 0.6622596153846154 0.04326923076923077 0.04326923076923077
0 0.10697115384615384 0.7548076923076923 0.04326923076923077 0.04326923076923077
0 0.14783653846153846 0.7427884615384616 0.04326923076923077 0.04326923076923077
0 0.14783653846153846 0.5973557692307693 0.04326923076923077 0.04326923076923077
0 0.13581730769230768 0.6382211538461539 0.04326923076923077 0.04326923076923077
0 0.1935096153846154 0.703125 0.04326923076923077 0.04326923076923077
0 0.23197115384615385 0.7151442307692307 0.04326923076923077 0.04326923076923077
0 0.2980769230769231 0.7319711538461539 0.04326923076923077 0.04326923076923077
0 0.31850961538461536 0.7355769230769231 0.04326923076923077 0.04326923076923077
0 0.4170673076923077 0.6742788461538461 0.04326923076923077 0.04326923076923077
0 0.46153846153846156 0.6742788461538461 0.04326923076923077 0.04326923076923077
0 0.47596153846153844 0.7043269230769231 0.04326923076923077 0.04326923076923077
0 0.5793269230769231 0.6899038461538461 0.04326923076923077 0.04326923076923077
0 0.7848557692307693 0.6766826923076923 0.04326923076923077 0.04326923076923077
0 0.7728365384615384 0.6838942307692307 0.04326923076923077 0.04326923076923077
0 0.7487980769230769 0.8100961538461539 0.04326923076923077 0.04326923076923077
0 0.40865384615384615 0.7620192307692307 0.04326923076923077 0.04326923076923077
0 0.5072115384615384 0.7632211538461539 0.04326923076923077 0.04326923076923077
0 0.37259615384615385 0.453125 0.04326923076923077 0.04326923076923077
0 0.546875 0.3641826923076923 0.04326923076923077 0.04326923076923077
0 0.6153846153846154 0.7944711538461539 0.04326923076923077 0.04326923076923077
0 0.6490384615384616 0.7884615384615384 0.04326923076923077 0.04326923076923077