0 0.5072115384615384 0.5180288461538461 0.04326923076923077 0.04326923076923077
0 0.47115384615384615 0.4651442307692308 0.04326923076923077 0.04326923076923077
0 0.5228365384615384 0.5817307692307693 0.04326923076923077 0.04326923076923077
0 0.4254807692307692 0.49038461538461536 0.04326923076923077 0.04326923076923077
0 0.4495192307692308 0.49278846153846156 0.04326923076923077 0.04326923076923077
0 0.19951923076923078 0.5288461538461539 0.04326923076923077 0.04326923076923077
0 0.24519230769230768 0.6610576923076923 0.04326923076923077 0.04326923076923077
0 0.38341346153846156 0.6201923076923077 0.04326923076923077 0.04326923076923077
0 0.4026442307692308 0.5432692307692307 0.04326923076923077 0.04326923076923077
0 0.390625 0.6899038461538461 0.04326923076923077 0.04326923076923077
0 0.42908653846153844 0.6370192307692307 0.04326923076923077 0.04326923076923077
0 0.6334134615384616 0.49399038461538464 0.04326923076923077 0.04326923076923077
0 0.6598557692307693 0.484375 0.04326923076923077 0.04326923076923077
0 0.6466346153846154 0.41346153846153844 0.04326923076923077 0.04326923076923077
0 0.8257211538461539 0.3233173076923077 0.04326923076923077 0.04326923076923077
0 0.7920673076923077 0.4230769230769231 0.04326923076923077 0.04326923076923077
0 0.5456730769230769 0.4495192307692308 0.04326923076923077 0.04326923076923077
0 0.43028846153846156 0.5757211538461539 0.04326923076923077 0.04326923076923077
0 0.27403846153846156 0.6237980769230769 0.04326923076923077 0.04326923076923077