0 0.8846153846153846 0.953125 0.04326923076923077 0.04326923076923077
0 0.8052884615384616 0.9387019230769231 0.04326923076923077 0.04326923076923077
0 0.8100961538461539 0.875 0.04326923076923077 0.04326923076923077
0 0.859375 0.8677884615384616 0.04326923076923077 0.04326923076923077
0 0.9699519230769231 0.8557692307692307 0.04326923076923077 0.04326923076923077
0 0.6935096153846154 0.8557692307692307 0.04326923076923077 0.04326923076923077
0 0.6310096153846154 0.8197115384615384 0.04326923076923077 0.04326923076923077
0 0.6045673076923077 0.828125 0.04326923076923077 0.04326923076923077
0 0.609375 0.7944711538461539 0.04326923076923077 0.04326923076923077
0 0.5444711538461539 0.8052884615384616 0.04326923076923077 0.04326923076923077
0 0.484375 0.8197115384615384 0.04326923076923077 0.04326923076923077
0 0.5024038461538461 0.8617788461538461 0.04326923076923077 0.04326923076923077
0 0.4735576923076923 0.9254807692307693 0.04326923076923077 0.04326923076923077
0 0.4362980769230769 0.9423076923076923 0.04326923076923077 0.04326923076923077
0 0.41346153846153844 0.9447115384615384 0.04326923076923077 0.04326923076923077
0 0.4266826923076923 0.8786057692307693 0.04326923076923077 0.04326923076923077
0 0.33052884615384615 0.96875 0.04326923076923077 0.04326923076923077
0 0.16105769230769232 0.9807692307692307 0.04326923076923077 0.038461538461538464
0 0.7668269230769231 0.6177884615384616 0.04326923076923077 0.04326923076923077
0 0.7824519230769231 0.6875 0.04326923076923077 0.04326923076923077
0 0.7235576923076923 0.7620192307692307 0.04326923076923077 0.04326923076923077
0 0.6478365384615384 0.6911057692307693 0.04326923076923077 0.04326923076923077
0 0.5444711538461539 0.7115384615384616 0.04326923076923077 0.04326923076923077
0 0.4651442307692308 0.6658653846153846 0.04326923076923077 0.04326923076923077
0 0.47836538461538464 0.6057692307692307 0.04326923076923077 0.04326923076923077
0 0.7007211538461539 0.5625 0.04326923076923077 0.04326923076923077
0 0.7463942307692307 0.5348557692307693 0.04326923076923077 0.04326923076923077
0 0.7475961538461539 0.5120192307692307 0.04326923076923077 0.04326923076923077
0 0.6502403846153846 0.44471153846153844 0.04326923076923077 0.04326923076923077
0 0.6382211538461539 0.40625 0.04326923076923077 0.04326923076923077
0 0.7091346153846154 0.41346153846153844 0.04326923076923077 0.04326923076923077
0 0.6418269230769231 0.31971153846153844 0.04326923076923077 0.04326923076923077
0 0.5805288461538461 0.25600961538461536 0.04326923076923077 0.04326923076923077
0 0.4891826923076923 0.15985576923076922 0.04326923076923077 0.04326923076923077
0 0.4338942307692308 0.17427884615384615 0.04326923076923077 0.04326923076923077
0 0.4014423076923077 0.14903846153846154 0.04326923076923077 0.04326923076923077
0 0.25961538461538464 0.45552884615384615 0.04326923076923077 0.04326923076923077
0 0.2704326923076923 0.3629807692307692 0.04326923076923077 0.04326923076923077
0 0.054086538461538464 0.13822115384615385 0.04326923076923077 0.04326923076923077
0 0.09975961538461539 0.23677884615384615 0.04326923076923077 0.04326923076923077
0 0.5733173076923077 0.36177884615384615 0.04326923076923077 0.04326923076923077
0 0.5 0.25721153846153844 0.04326923076923077 0.04326923076923077
0 0.32091346153846156 0.5072115384615384 0.04326923076923077 0.04326923076923077
0 0.28966346153846156 0.08653846153846154 0.04326923076923077 0.04326923076923077
0 0.41947115384615385 0.65625 0.04326923076923077 0.04326923076923077
0 0.3161057692307692 0.43028846153846156 0.04326923076923077 0.04326923076923077
0 0.43028846153846156 0.5192307692307693 0.04326923076923077 0.04326923076923077
0 0.35336538461538464 0.5372596153846154 0.04326923076923077 0.04326923076923077
0 0.43509615384615385 0.2127403846153846 0.04326923076923077 0.04326923076923077
0 0.24759615384615385 0.9242788461538461 0.04326923076923077 0.04326923076923077
0 0.20072115384615385 0.9495192307692307 0.04326923076923077 0.04326923076923077
0 0.40384615384615385 0.5913461538461539 0.04326923076923077 0.04326923076923077
0 0.34615384615384615 0.45913461538461536 0.04326923076923077 0.04326923076923077
0 0.234375 0.3245192307692308 0.04326923076923077 0.04326923076923077
0 0.5120192307692307 0.18389423076923078 0.04326923076923077 0.04326923076923077
0 0.48677884615384615 0.2247596153846154 0.04326923076923077 0.04326923076923077
0 0.5036057692307693 0.29447115384615385 0.04326923076923077 0.04326923076923077
0 0.5600961538461539 0.31490384615384615 0.04326923076923077 0.04326923076923077
0 0.4098557692307692 0.11298076923076923 0.04326923076923077 0.04326923076923077
0 0.7596153846153846 0.5721153846153846 0.04326923076923077 0.04326923076923077
0 0.4567307692307692 0.15625 0.04326923076923077 0.04326923076923077