0 0.8918269230769231 0.7175480769230769 0.021634615384615384 0.02283653846153846
0 0.8557692307692307 0.7596153846153846 0.021634615384615384 0.02283653846153846
0 0.8245192307692307 0.7548076923076923 0.021634615384615384 0.02283653846153846
0 0.7872596153846154 0.7560096153846154 0.021634615384615384 0.02283653846153846
0 0.75 0.7331730769230769 0.021634615384615384 0.02283653846153846
0 0.671875 0.7487980769230769 0.021634615384615384 0.02283653846153846
0 0.6670673076923077 0.7091346153846154 0.021634615384615384 0.02283653846153846
0 0.6490384615384616 0.7283653846153846 0.021634615384615384 0.02283653846153846
0 0.6189903846153846 0.7367788461538461 0.021634615384615384 0.02283653846153846
0 0.6262019230769231 0.7596153846153846 0.021634615384615384 0.02283653846153846
0 0.5901442307692307 0.7740384615384616 0.021634615384615384 0.02283653846153846
0 0.5576923076923077 0.7836538461538461 0.021634615384615384 0.02283653846153846
0 0.5060096153846154 0.7608173076923077 0.021634615384615384 0.02283653846153846
0 0.4074519230769231 0.7283653846153846 0.021634615384615384 0.02283653846153846
0 0.3629807692307692 0.7283653846153846 0.021634615384615384 0.02283653846153846
0 0.2956730769230769 0.7451923076923077 0.021634615384615384 0.02283653846153846
0 0.20432692307692307 0.6862980769230769 0.021634615384615384 0.02283653846153846
0 0.5769230769230769 0.8161057692307693 0.021634615384615384 0.02283653846153846
0 0.5625 0.8653846153846154 0.021634615384615384 0.02283653846153846
0 0.5252403846153846 0.8485576923076923 0.021634615384615384 0.02283653846153846
0 0.5348557692307693 0.9074519230769231 0.021634615384615384 0.02283653846153846
0 0.5096153846153846 0.8990384615384616 0.021634615384615384 0.02283653846153846
0 0.47596153846153844 0.9362980769230769 0.021634615384615384 0.02283653846153846
0 0.4375 0.9627403846153846 0.021634615384615384 0.02283653846153846
0 0.4014423076923077 0.9783653846153846 0.021634615384615384 0.02283653846153846
0 0.5564903846153846 0.8317307692307693 0.021634615384615384 0.02283653846153846
0 0.6466346153846154 0.34375 0.021634615384615384 0.02283653846153846
0 0.5829326923076923 0.3245192307692308 0.021634615384615384 0.02283653846153846
0 0.5120192307692307 0.35336538461538464 0.021634615384615384 0.02283653846153846
0 0.5216346153846154 0.32091346153846156 0.021634615384615384 0.02283653846153846
0 0.484375 0.29086538461538464 0.021634615384615384 0.02283653846153846
0 0.44711538461538464 0.3137019230769231 0.021634615384615384 0.02283653846153846
0 0.34375 0.24639423076923078 0.021634615384615384 0.02283653846153846
0 0.41586538461538464 0.23677884615384615 0.021634615384615384 0.02283653846153846
0 0.21153846153846154 0.18629807692307693 0.021634615384615384 0.02283653846153846
0 0.11057692307692307 0.23918269230769232 0.021634615384615384 0.02283653846153846
0 0.3737980769230769 0.25961538461538464 0.021634615384615384 0.02283653846153846
0 0.35336538461538464 0.171875 0.021634615384615384 0.02283653846153846
0 0.3269230769230769 0.14423076923076922 0.021634615384615384 0.02283653846153846
0 0.30649038461538464 0.11177884615384616 0.021634615384615384 0.02283653846153846
0 0.2932692307692308 0.078125 0.021634615384615384 0.02283653846153846
0 0.2512019230769231 0.09615384615384616 0.021634615384615384 0.02283653846153846
0 0.25961538461538464 0.14783653846153846 0.021634615384615384 0.02283653846153846
0 0.17067307692307693 0.09735576923076923 0.021634615384615384 0.02283653846153846
0 0.1971153846153846 0.0829326923076923 0.021634615384615384 0.02283653846153846
0 0.15144230769230768 0.06850961538461539 0.021634615384615384 0.02283653846153846
0 0.11298076923076923 0.26802884615384615 0.021634615384615384 0.02283653846153846
0 0.21875 0.14783653846153846 0.021634615384615384 0.02283653846153846
0 0.14423076923076922 0.026442307692307692 0.021634615384615384 0.02283653846153846
0 0.28846153846153844 0.040865384615384616 0.021634615384615384 0.02283653846153846
0 0.4495192307692308 0.35697115384615385 0.021634615384615384 0.02283653846153846