0 0.22716346153846154 0.10697115384615384 0.056490384615384616 0.056490384615384616
0 0.2860576923076923 0.09615384615384616 0.056490384615384616 0.056490384615384616
0 0.32572115384615385 0.17307692307692307 0.056490384615384616 0.056490384615384616
0 0.4266826923076923 0.2608173076923077 0.056490384615384616 0.056490384615384616
0 0.3605769230769231 0.23677884615384615 0.056490384615384616 0.056490384615384616
0 0.4206730769230769 0.33533653846153844 0.056490384615384616 0.056490384615384616
0 0.48677884615384615 0.34975961538461536 0.056490384615384616 0.056490384615384616
0 0.5204326923076923 0.3918269230769231 0.056490384615384616 0.056490384615384616
0 0.48197115384615385 0.44591346153846156 0.056490384615384616 0.056490384615384616
0 0.5420673076923077 0.5444711538461539 0.056490384615384616 0.056490384615384616
0 0.5637019230769231 0.49278846153846156 0.056490384615384616 0.056490384615384616
0 0.6490384615384616 0.9146634615384616 0.056490384615384616 0.056490384615384616
0 0.6334134615384616 0.6069711538461539 0.056490384615384616 0.056490384615384616
0 0.6153846153846154 0.6442307692307693 0.056490384615384616 0.056490384615384616
0 0.6382211538461539 0.7427884615384616 0.056490384615384616 0.056490384615384616
0 0.59375 0.8533653846153846 0.056490384615384616 0.056490384615384616