0 0.22355769230769232 0.35216346153846156 0.04326923076923077 0.04326923076923077
0 0.21153846153846154 0.4074519230769231 0.04326923076923077 0.04326923076923077
0 0.3641826923076923 0.34975961538461536 0.04326923076923077 0.04326923076923077
0 0.36778846153846156 0.2980769230769231 0.04326923076923077 0.04326923076923077
0 0.3762019230769231 0.15144230769230768 0.04326923076923077 0.04326923076923077
0 0.31490384615384615 0.3016826923076923 0.04326923076923077 0.04326923076923077
0 0.30288461538461536 0.41225961538461536 0.04326923076923077 0.04326923076923077
0 0.24879807692307693 0.42427884615384615 0.04326923076923077 0.04326923076923077
0 0.2704326923076923 0.5769230769230769 0.04326923076923077 0.04326923076923077
0 0.37740384615384615 0.6105769230769231 0.04326923076923077 0.04326923076923077
0 0.38822115384615385 0.6298076923076923 0.04326923076923077 0.04326923076923077
0 0.5060096153846154 0.6634615384615384 0.04326923076923077 0.04326923076923077
0 0.5600961538461539 0.7836538461538461 0.04326923076923077 0.04326923076923077
0 0.6165865384615384 0.8149038461538461 0.04326923076923077 0.04326923076923077
0 0.6899038461538461 0.8617788461538461 0.04326923076923077 0.04326923076923077
0 0.7259615384615384 0.9026442307692307 0.04326923076923077 0.04326923076923077
0 0.8052884615384616 0.9447115384615384 0.04326923076923077 0.04326923076923077
0 0.609375 0.8822115384615384 0.04326923076923077 0.04326923076923077
0 0.5661057692307693 0.7259615384615384 0.04326923076923077 0.04326923076923077