0 0.4074519230769231 0.6814903846153846 0.06610576923076923 0.06610576923076923
0 0.3954326923076923 0.6129807692307693 0.06610576923076923 0.06610576923076923
0 0.45552884615384615 0.4735576923076923 0.06610576923076923 0.06610576923076923
0 0.4254807692307692 0.42427884615384615 0.06610576923076923 0.06610576923076923
0 0.5516826923076923 0.7692307692307693 0.06610576923076923 0.06610576923076923
0 0.5997596153846154 0.7319711538461539 0.06610576923076923 0.06610576923076923
0 0.6610576923076923 0.671875 0.06610576923076923 0.06610576923076923
0 0.7007211538461539 0.6310096153846154 0.06610576923076923 0.06610576923076923
0 0.7536057692307693 0.5757211538461539 0.06610576923076923 0.06610576923076923
0 0.8161057692307693 0.5132211538461539 0.06610576923076923 0.06610576923076923
0 0.23557692307692307 0.2692307692307692 0.06610576923076923 0.06610576923076923
0 0.30528846153846156 0.18990384615384615 0.06610576923076923 0.06610576923076923
0 0.3449519230769231 0.2704326923076923 0.06610576923076923 0.06610576923076923
0 0.359375 0.22596153846153846 0.06610576923076923 0.06610576923076923
0 0.27524038461538464 0.14423076923076922 0.06610576923076923 0.06610576923076923
0 0.24879807692307693 0.11177884615384616 0.06610576923076923 0.06610576923076923