0 0.8329326923076923 0.9735576923076923 0.03125 0.03125
0 0.8834134615384616 0.9278846153846154 0.03125 0.03125
0 0.7956730769230769 0.9098557692307693 0.03125 0.03125
0 0.7752403846153846 0.8966346153846154 0.03125 0.03125
0 0.7451923076923077 0.8990384615384616 0.03125 0.03125
0 0.7524038461538461 0.8822115384615384 0.03125 0.03125
0 0.7115384615384616 0.8798076923076923 0.03125 0.03125
0 0.71875 0.8677884615384616 0.03125 0.03125
0 0.7103365384615384 0.8461538461538461 0.03125 0.03125
0 0.6538461538461539 0.8269230769230769 0.03125 0.03125
0 0.6322115384615384 0.8774038461538461 0.03125 0.03125
0 0.5841346153846154 0.859375 0.03125 0.03125
0 0.5300480769230769 0.8125 0.03125 0.03125
0 0.5649038461538461 0.7872596153846154 0.03125 0.03125
0 0.5600961538461539 0.7620192307692307 0.03125 0.03125
0 0.44711538461538464 0.7007211538461539 0.03125 0.03125
0 0.39783653846153844 0.6057692307692307 0.03125 0.03125
0 0.38341346153846156 0.5817307692307693 0.03125 0.03125
0 0.36538461538461536 0.5925480769230769 0.03125 0.03125
0 0.3641826923076923 0.5733173076923077 0.03125 0.03125
0 0.34134615384615385 0.5228365384615384 0.03125 0.03125
0 0.38822115384615385 0.5132211538461539 0.03125 0.03125
0 0.3870192307692308 0.49759615384615385 0.03125 0.03125
0 0.3401442307692308 0.45552884615384615 0.03125 0.03125
0 0.40625 0.45072115384615385 0.03125 0.03125
0 0.40625 0.4026442307692308 0.03125 0.03125
0 0.42427884615384615 0.3762019230769231 0.03125 0.03125
0 0.3954326923076923 0.32572115384615385 0.03125 0.03125
0 0.41346153846153844 0.34134615384615385 0.03125 0.03125
0 0.4230769230769231 0.31490384615384615 0.03125 0.03125
0 0.37740384615384615 0.28365384615384615 0.03125 0.03125
0 0.41225961538461536 0.27884615384615385 0.03125 0.03125
0 0.41586538461538464 0.25240384615384615 0.03125 0.03125
0 0.39903846153846156 0.25 0.03125 0.03125
0 0.4014423076923077 0.23317307692307693 0.03125 0.03125
0 0.3870192307692308 0.22115384615384615 0.03125 0.03125
0 0.4326923076923077 0.23677884615384615 0.03125 0.03125
0 0.4074519230769231 0.18870192307692307 0.03125 0.03125
0 0.4567307692307692 0.20072115384615385 0.03125 0.03125
0 0.4026442307692308 0.13822115384615385 0.03125 0.03125
0 0.43028846153846156 0.14543269230769232 0.03125 0.03125
0 0.4170673076923077 0.06370192307692307 0.03125 0.03125
0 0.5228365384615384 0.038461538461538464 0.03125 0.03125
0 0.37740384615384615 0.5492788461538461 0.03125 0.03125
0 0.33533653846153844 0.6057692307692307 0.03125 0.03125
0 0.32091346153846156 0.5745192307692307 0.03125 0.03125
0 0.3112980769230769 0.5540865384615384 0.03125 0.03125
0 0.27163461538461536 0.5408653846153846 0.03125 0.03125
0 0.2403846153846154 0.515625 0.03125 0.03125
0 0.2608173076923077 0.4963942307692308 0.03125 0.03125
0 0.16947115384615385 0.49038461538461536 0.03125 0.03125
0 0.09134615384615384 0.45072115384615385 0.03125 0.03125
0 0.1045673076923077 0.4362980769230769 0.03125 0.03125
0 0.08052884615384616 0.42427884615384615 0.03125 0.03125
0 0.08052884615384616 0.4639423076923077 0.03125 0.03125
0 0.15745192307692307 0.4675480769230769 0.03125 0.03125