0 0.6670673076923077 0.038461538461538464 0.027644230769230768 0.025240384615384616
0 0.5697115384615384 0.078125 0.027644230769230768 0.025240384615384616
0 0.5913461538461539 0.1045673076923077 0.027644230769230768 0.025240384615384616
0 0.5288461538461539 0.140625 0.027644230769230768 0.025240384615384616
0 0.5024038461538461 0.11778846153846154 0.027644230769230768 0.025240384615384616
0 0.453125 0.15865384615384615 0.027644230769230768 0.025240384615384616
0 0.40865384615384615 0.18389423076923078 0.027644230769230768 0.025240384615384616
0 0.22596153846153846 0.15865384615384615 0.027644230769230768 0.025240384615384616
0 0.42427884615384615 0.13822115384615385 0.027644230769230768 0.025240384615384616
0 0.5564903846153846 0.1658653846153846 0.027644230769230768 0.025240384615384616
0 0.5288461538461539 0.21514423076923078 0.027644230769230768 0.025240384615384616
0 0.5745192307692307 0.24519230769230768 0.027644230769230768 0.025240384615384616
0 0.5697115384615384 0.28846153846153844 0.027644230769230768 0.025240384615384616
0 0.5516826923076923 0.3112980769230769 0.027644230769230768 0.025240384615384616
0 0.15625 0.42908653846153844 0.027644230769230768 0.025240384615384616
0 0.1622596153846154 0.46875 0.027644230769230768 0.025240384615384616
0 0.19951923076923078 0.48197115384615385 0.027644230769230768 0.025240384615384616
0 0.27403846153846156 0.44591346153846156 0.027644230769230768 0.025240384615384616
0 0.3125 0.44711538461538464 0.027644230769230768 0.025240384615384616
0 0.4074519230769231 0.5012019230769231 0.027644230769230768 0.025240384615384616
0 0.46274038461538464 0.5048076923076923 0.027644230769230768 0.025240384615384616
0 0.32572115384615385 0.5228365384615384 0.027644230769230768 0.025240384615384616
0 0.5540865384615384 0.49759615384615385 0.027644230769230768 0.025240384615384616
0 0.6105769230769231 0.4951923076923077 0.027644230769230768 0.025240384615384616
0 0.6322115384615384 0.4543269230769231 0.027644230769230768 0.025240384615384616
0 0.6754807692307693 0.4831730769230769 0.027644230769230768 0.025240384615384616
0 0.7848557692307693 0.46153846153846156 0.027644230769230768 0.025240384615384616
0 0.18028846153846154 0.6478365384615384 0.027644230769230768 0.025240384615384616
0 0.19471153846153846 0.6778846153846154 0.027644230769230768 0.025240384615384616
0 0.23197115384615385 0.6754807692307693 0.027644230769230768 0.025240384615384616
0 0.23317307692307693 0.8317307692307693 0.027644230769230768 0.025240384615384616
0 0.20673076923076922 0.8822115384615384 0.027644230769230768 0.025240384615384616
0 0.17908653846153846 0.9182692307692307 0.027644230769230768 0.025240384615384616
0 0.9206730769230769 0.90625 0.027644230769230768 0.025240384615384616
0 0.875 0.8846153846153846 0.027644230769230768 0.025240384615384616
0 0.8509615384615384 0.8485576923076923 0.027644230769230768 0.025240384615384616
0 0.7512019230769231 0.7872596153846154 0.027644230769230768 0.025240384615384616
0 0.7391826923076923 0.7307692307692307 0.027644230769230768 0.025240384615384616
0 0.7247596153846154 0.7536057692307693 0.027644230769230768 0.025240384615384616
0 0.6947115384615384 0.7175480769230769 0.027644230769230768 0.025240384615384616
0 0.6502403846153846 0.7223557692307693 0.027644230769230768 0.025240384615384616
0 0.6069711538461539 0.7199519230769231 0.027644230769230768 0.025240384615384616
0 0.5661057692307693 0.6995192307692307 0.027644230769230768 0.025240384615384616