0 0.12259615384615384 0.15384615384615385 0.03125 0.03125
0 0.07211538461538461 0.21033653846153846 0.03125 0.03125
0 0.0673076923076923 0.23557692307692307 0.03125 0.03125
0 0.11298076923076923 0.20793269230769232 0.03125 0.03125
0 0.109375 0.25240384615384615 0.03125 0.03125
0 0.10216346153846154 0.27403846153846156 0.03125 0.03125
0 0.10216346153846154 0.296875 0.03125 0.03125
0 0.06370192307692307 0.3293269230769231 0.03125 0.03125
0 0.0829326923076923 0.39783653846153844 0.03125 0.03125
0 0.05889423076923077 0.3858173076923077 0.03125 0.03125
0 0.04447115384615385 0.41346153846153844 0.03125 0.03125
0 0.09134615384615384 0.4326923076923077 0.03125 0.03125
0 0.08173076923076923 0.484375 0.03125 0.03125
0 0.04447115384615385 0.42427884615384615 0.03125 0.03125
0 0.07572115384615384 0.5552884615384616 0.03125 0.03125
0 0.078125 0.640625 0.03125 0.03125
0 0.02283653846153846 0.5588942307692307 0.03125 0.03125
0 0.04447115384615385 0.7584134615384616 0.03125 0.03125
0 0.1346153846153846 0.8798076923076923 0.03125 0.03125
0 0.0733173076923077 0.6995192307692307 0.03125 0.03125
0 0.11177884615384616 0.8257211538461539 0.03125 0.03125
0 0.140625 0.8677884615384616 0.03125 0.03125
0 0.16466346153846154 0.12740384615384615 0.03125 0.03125
0 0.17307692307692307 0.1622596153846154 0.03125 0.03125
0 0.20072115384615385 0.19831730769230768 0.03125 0.03125
0 0.24879807692307693 0.16706730769230768 0.03125 0.03125
0 0.2283653846153846 0.1814903846153846 0.03125 0.03125
0 0.24519230769230768 0.19471153846153846 0.03125 0.03125
0 0.25721153846153844 0.20552884615384615 0.03125 0.03125
0 0.2548076923076923 0.23918269230769232 0.03125 0.03125
0 0.3016826923076923 0.21514423076923078 0.03125 0.03125
0 0.3293269230769231 0.23557692307692307 0.03125 0.03125
0 0.37259615384615385 0.31850961538461536 0.03125 0.03125
0 0.4338942307692308 0.30408653846153844 0.03125 0.03125
0 0.45072115384615385 0.3581730769230769 0.03125 0.03125
0 0.5108173076923077 0.3161057692307692 0.03125 0.03125
0 0.5132211538461539 0.33653846153846156 0.03125 0.03125
0 0.5276442307692307 0.390625 0.03125 0.03125
0 0.5396634615384616 0.3605769230769231 0.03125 0.03125
0 0.5637019230769231 0.39903846153846156 0.03125 0.03125
0 0.59375 0.4423076923076923 0.03125 0.03125
0 0.6346153846153846 0.4699519230769231 0.03125 0.03125
0 0.7115384615384616 0.5444711538461539 0.03125 0.03125
0 0.7632211538461539 0.5649038461538461 0.03125 0.03125
0 0.7572115384615384 0.5108173076923077 0.03125 0.03125
0 0.7067307692307693 0.4723557692307692 0.03125 0.03125
0 0.2980769230769231 0.18028846153846154 0.03125 0.03125
0 0.28125 0.16105769230769232 0.03125 0.03125
0 0.29447115384615385 0.12740384615384615 0.03125 0.03125
0 0.3389423076923077 0.12139423076923077 0.03125 0.03125
0 0.3545673076923077 0.16947115384615385 0.03125 0.03125
0 0.3798076923076923 0.16346153846153846 0.03125 0.03125
0 0.40865384615384615 0.1658653846153846 0.03125 0.03125
0 0.44591346153846156 0.11057692307692307 0.03125 0.03125
0 0.4855769230769231 0.140625 0.03125 0.03125
0 0.4675480769230769 0.17908653846153846 0.03125 0.03125
0 0.5889423076923077 0.18629807692307693 0.03125 0.03125
0 0.6165865384615384 0.2512019230769231 0.03125 0.03125
0 0.6129807692307693 0.23076923076923078 0.03125 0.03125
0 0.65625 0.22596153846153846 0.03125 0.03125
0 0.6802884615384616 0.22355769230769232 0.03125 0.03125
0 0.7163461538461539 0.19831730769230768 0.03125 0.03125
0 0.7079326923076923 0.16346153846153846 0.03125 0.03125
0 0.7415865384615384 0.1502403846153846 0.03125 0.03125
0 0.7752403846153846 0.11778846153846154 0.03125 0.03125
0 0.8449519230769231 0.11658653846153846 0.03125 0.03125
0 0.8762019230769231 0.08413461538461539 0.03125 0.03125