0 0.8930288461538461 0.5841346153846154 0.10576923076923077 0.10576923076923077
0 0.8557692307692307 0.5685096153846154 0.10576923076923077 0.10576923076923077
0 0.9194711538461539 0.4807692307692308 0.10576923076923077 0.10576923076923077
0 0.8028846153846154 0.4495192307692308 0.10576923076923077 0.10576923076923077
0 0.6346153846153846 0.5492788461538461 0.10576923076923077 0.10576923076923077
0 0.6213942307692307 0.5132211538461539 0.10576923076923077 0.10576923076923077
0 0.546875 0.43149038461538464 0.10576923076923077 0.10576923076923077
0 0.45552884615384615 0.41947115384615385 0.10576923076923077 0.10576923076923077
0 0.39302884615384615 0.47596153846153844 0.10576923076923077 0.10576923076923077
0 0.4723557692307692 0.5685096153846154 0.10576923076923077 0.10576923076923077
0 0.49399038461538464 0.5444711538461539 0.10576923076923077 0.10576923076923077
0 0.5288461538461539 0.5685096153846154 0.10576923076923077 0.10576923076923077
0 0.4254807692307692 0.5913461538461539 0.10576923076923077 0.10576923076923077
0 0.34975961538461536 0.5216346153846154 0.10576923076923077 0.10576923076923077
0 0.33653846153846156 0.6009615384615384 0.10576923076923077 0.10576923076923077
0 0.27524038461538464 0.6153846153846154 0.10576923076923077 0.10576923076923077
0 0.21634615384615385 0.6382211538461539 0.10576923076923077 0.10576923076923077
0 0.15865384615384615 0.609375 0.10576923076923077 0.10576923076923077
0 0.28365384615384615 0.5240384615384616 0.10576923076923077 0.10576923076923077
0 0.15865384615384615 0.5192307692307693 0.10576923076923077 0.10576923076923077
0 0.10697115384615384 0.4495192307692308 0.10576923076923077 0.10576923076923077
0 0.040865384615384616 0.45913461538461536 0.08173076923076923 0.10576923076923077