0 0.7908653846153846 0.7091346153846154 0.046875 0.046875
0 0.7211538461538461 0.8161057692307693 0.046875 0.046875
0 0.6274038461538461 0.7475961538461539 0.046875 0.046875
0 0.6129807692307693 0.7836538461538461 0.046875 0.046875
0 0.5661057692307693 0.7872596153846154 0.046875 0.046875
0 0.5661057692307693 0.7524038461538461 0.046875 0.046875
0 0.49278846153846156 0.7403846153846154 0.046875 0.046875
0 0.4495192307692308 0.7259615384615384 0.046875 0.046875
0 0.48197115384615385 0.6490384615384616 0.046875 0.046875
0 0.45072115384615385 0.6430288461538461 0.046875 0.046875
0 0.390625 0.6370192307692307 0.046875 0.046875
0 0.5072115384615384 0.6382211538461539 0.046875 0.046875
0 0.5913461538461539 0.59375 0.046875 0.046875
0 0.5661057692307693 0.5757211538461539 0.046875 0.046875
0 0.6622596153846154 0.6875 0.046875 0.046875
0 0.6838942307692307 0.7091346153846154 0.046875 0.046875
0 0.5 0.5432692307692307 0.046875 0.046875
0 0.5072115384615384 0.5216346153846154 0.046875 0.046875
0 0.5120192307692307 0.5757211538461539 0.046875 0.046875
0 0.5372596153846154 0.5841346153846154 0.046875 0.046875
0 0.46153846153846156 0.5444711538461539 0.046875 0.046875
0 0.46274038461538464 0.5024038461538461 0.046875 0.046875
0 0.42788461538461536 0.5384615384615384 0.046875 0.046875
0 0.35096153846153844 0.5721153846153846 0.046875 0.046875
0 0.28125 0.578125 0.046875 0.046875
0 0.25961538461538464 0.5384615384615384 0.046875 0.046875
0 0.30649038461538464 0.5625 0.046875 0.046875
0 0.234375 0.45072115384615385 0.046875 0.046875
0 0.23798076923076922 0.40865384615384615 0.046875 0.046875
0 0.19471153846153846 0.43028846153846156 0.046875 0.046875
0 0.15264423076923078 0.4807692307692308 0.046875 0.046875
0 0.10336538461538461 0.41225961538461536 0.046875 0.046875
0 0.09735576923076923 0.47596153846153844 0.046875 0.046875
0 0.17427884615384615 0.38100961538461536 0.046875 0.046875
0 0.1778846153846154 0.34134615384615385 0.046875 0.046875
0 0.21514423076923078 0.34975961538461536 0.046875 0.046875
0 0.16346153846153846 0.23197115384615385 0.046875 0.046875
0 0.0625 0.06610576923076923 0.046875 0.046875
0 0.1622596153846154 0.31009615384615385 0.046875 0.046875