0 0.9543269230769231 0.07572115384615384 0.03125 0.026442307692307692
0 0.9591346153846154 0.12740384615384615 0.03125 0.026442307692307692
0 0.8822115384615384 0.07572115384615384 0.03125 0.026442307692307692
0 0.8533653846153846 0.11899038461538461 0.03125 0.026442307692307692
0 0.8305288461538461 0.13822115384615385 0.03125 0.026442307692307692
0 0.6742788461538461 0.17908653846153846 0.03125 0.026442307692307692
0 0.6526442307692307 0.13942307692307693 0.03125 0.026442307692307692
0 0.6298076923076923 0.14302884615384615 0.03125 0.026442307692307692
0 0.5721153846153846 0.19110576923076922 0.03125 0.026442307692307692
0 0.7091346153846154 0.16706730769230768 0.03125 0.026442307692307692
0 0.7620192307692307 0.1658653846153846 0.03125 0.026442307692307692
0 0.7740384615384616 0.15264423076923078 0.03125 0.026442307692307692
0 0.5252403846153846 0.16466346153846154 0.03125 0.026442307692307692
0 0.4735576923076923 0.18269230769230768 0.03125 0.026442307692307692
0 0.21153846153846154 0.12980769230769232 0.03125 0.026442307692307692
0 0.18028846153846154 0.11177884615384616 0.03125 0.026442307692307692
0 0.1622596153846154 0.07692307692307693 0.03125 0.026442307692307692
0 0.9819711538461539 0.015625 0.03125 0.026442307692307692
0 0.31971153846153844 0.6153846153846154 0.03125 0.026442307692307692
0 0.21995192307692307 0.5913461538461539 0.03125 0.026442307692307692
0 0.18990384615384615 0.5588942307692307 0.03125 0.026442307692307692
0 0.23197115384615385 0.5336538461538461 0.03125 0.026442307692307692
0 0.12740384615384615 0.5072115384615384 0.03125 0.026442307692307692
0 0.27283653846153844 0.5192307692307693 0.03125 0.026442307692307692
0 0.25600961538461536 0.49038461538461536 0.03125 0.026442307692307692
0 0.31009615384615385 0.5120192307692307 0.03125 0.026442307692307692
0 0.31971153846153844 0.4891826923076923 0.03125 0.026442307692307692
0 0.39302884615384615 0.4891826923076923 0.03125 0.026442307692307692
0 0.41346153846153844 0.4699519230769231 0.03125 0.026442307692307692
0 0.46153846153846156 0.47716346153846156 0.03125 0.026442307692307692
0 0.47716346153846156 0.45552884615384615 0.03125 0.026442307692307692
0 0.43990384615384615 0.42427884615384615 0.03125 0.026442307692307692
0 0.45552884615384615 0.3858173076923077 0.03125 0.026442307692307692
0 0.5144230769230769 0.34375 0.03125 0.026442307692307692
0 0.5889423076923077 0.34375 0.03125 0.026442307692307692
0 0.35216346153846156 0.4387019230769231 0.03125 0.026442307692307692
0 0.5024038461538461 0.42427884615384615 0.03125 0.026442307692307692
0 0.5697115384615384 0.37740384615384615 0.03125 0.026442307692307692
0 0.6009615384615384 0.3894230769230769 0.03125 0.026442307692307692
0 0.6538461538461539 0.421875 0.03125 0.026442307692307692
0 0.6947115384615384 0.42427884615384615 0.03125 0.026442307692307692
0 0.5697115384615384 0.4338942307692308 0.03125 0.026442307692307692
0 0.7908653846153846 0.3605769230769231 0.03125 0.026442307692307692
0 0.7956730769230769 0.4050480769230769 0.03125 0.026442307692307692
0 0.8737980769230769 0.42908653846153844 0.03125 0.026442307692307692
0 0.8942307692307693 0.3473557692307692 0.03125 0.026442307692307692
0 0.9038461538461539 0.37259615384615385 0.03125 0.026442307692307692
0 0.8581730769230769 0.3485576923076923 0.03125 0.026442307692307692
0 0.10576923076923077 0.828125 0.03125 0.026442307692307692
0 0.14543269230769232 0.8365384615384616 0.03125 0.026442307692307692
0 0.030048076923076924 0.8209134615384616 0.03125 0.026442307692307692
0 0.046875 0.7896634615384616 0.03125 0.026442307692307692
0 0.20432692307692307 0.8966346153846154 0.03125 0.026442307692307692
0 0.31850961538461536 0.8882211538461539 0.03125 0.026442307692307692
0 0.2848557692307692 0.921875 0.03125 0.026442307692307692
0 0.33774038461538464 0.9230769230769231 0.03125 0.026442307692307692
0 0.40384615384615385 0.8978365384615384 0.03125 0.026442307692307692
0 0.38822115384615385 0.9242788461538461 0.03125 0.026442307692307692
0 0.375 0.9519230769230769 0.03125 0.026442307692307692
0 0.43028846153846156 0.9507211538461539 0.03125 0.026442307692307692
0 0.4699519230769231 0.9399038461538461 0.03125 0.026442307692307692
0 0.5048076923076923 0.9050480769230769 0.03125 0.026442307692307692
0 0.5360576923076923 0.9134615384615384 0.03125 0.026442307692307692
0 0.6009615384615384 0.9242788461538461 0.03125 0.026442307692307692
0 0.038461538461538464 0.11177884615384616 0.03125 0.026442307692307692
0 0.31490384615384615 0.6658653846153846 0.03125 0.026442307692307692