0 0.9242788461538461 0.41466346153846156 0.03125 0.03125
0 0.9122596153846154 0.40024038461538464 0.03125 0.03125
0 0.8942307692307693 0.40865384615384615 0.03125 0.03125
0 0.8822115384615384 0.4266826923076923 0.03125 0.03125
0 0.8725961538461539 0.45072115384615385 0.03125 0.03125
0 0.8473557692307693 0.5264423076923077 0.03125 0.03125
0 0.8197115384615384 0.5132211538461539 0.03125 0.03125
0 0.8389423076923077 0.45552884615384615 0.03125 0.03125
0 0.8100961538461539 0.4675480769230769 0.03125 0.03125
0 0.8185096153846154 0.5540865384615384 0.03125 0.03125
0 0.8629807692307693 0.5805288461538461 0.03125 0.03125
0 0.7932692307692307 0.6298076923076923 0.03125 0.03125
0 0.7776442307692307 0.6670673076923077 0.03125 0.03125
0 0.8149038461538461 0.6658653846153846 0.03125 0.03125
0 0.7680288461538461 0.7427884615384616 0.03125 0.03125
0 0.7175480769230769 0.7632211538461539 0.03125 0.03125
0 0.7439903846153846 0.796875 0.03125 0.03125
0 0.7391826923076923 0.8365384615384616 0.03125 0.03125
0 0.7175480769230769 0.8485576923076923 0.03125 0.03125
0 0.8161057692307693 0.6189903846153846 0.03125 0.03125
0 0.859375 0.5132211538461539 0.03125 0.03125
0 0.7908653846153846 0.3713942307692308 0.03125 0.03125
0 0.7848557692307693 0.31009615384615385 0.03125 0.03125
0 0.7800480769230769 0.32572115384615385 0.03125 0.03125
0 0.7680288461538461 0.3737980769230769 0.03125 0.03125
0 0.7524038461538461 0.36778846153846156 0.03125 0.03125
0 0.7271634615384616 0.32211538461538464 0.03125 0.03125
0 0.6850961538461539 0.36899038461538464 0.03125 0.03125
0 0.6490384615384616 0.31850961538461536 0.03125 0.03125
0 0.6009615384615384 0.3641826923076923 0.03125 0.03125
0 0.5805288461538461 0.359375 0.03125 0.03125
0 0.27283653846153844 0.43149038461538464 0.03125 0.03125
0 0.21394230769230768 0.44350961538461536 0.03125 0.03125
0 0.1935096153846154 0.4182692307692308 0.03125 0.03125
0 0.1346153846153846 0.42427884615384615 0.03125 0.03125
0 0.06009615384615385 0.41346153846153844 0.03125 0.03125
0 0.020432692307692308 0.4098557692307692 0.03125 0.03125
0 0.057692307692307696 0.5120192307692307 0.03125 0.03125
0 0.04326923076923077 0.45072115384615385 0.03125 0.03125
0 0.8461538461538461 0.4026442307692308 0.03125 0.03125