0 0.5204326923076923 0.6622596153846154 0.06610576923076923 0.06610576923076923
0 0.5372596153846154 0.609375 0.06610576923076923 0.06610576923076923
0 0.5649038461538461 0.5588942307692307 0.06610576923076923 0.06610576923076923
0 0.4387019230769231 0.5072115384615384 0.06610576923076923 0.06610576923076923
0 0.47716346153846156 0.5048076923076923 0.06610576923076923 0.06610576923076923
0 0.5673076923076923 0.48197115384615385 0.06610576923076923 0.06610576923076923
0 0.4879807692307692 0.46033653846153844 0.06610576923076923 0.06610576923076923
0 0.46875 0.39903846153846156 0.06610576923076923 0.06610576923076923
0 0.6189903846153846 0.43990384615384615 0.06610576923076923 0.06610576923076923
0 0.6105769230769231 0.39903846153846156 0.06610576923076923 0.06610576923076923
0 0.5360576923076923 0.2668269230769231 0.06610576923076923 0.06610576923076923
0 0.6430288461538461 0.2860576923076923 0.06610576923076923 0.06610576923076923
0 0.6610576923076923 0.21634615384615385 0.06610576923076923 0.06610576923076923
0 0.7439903846153846 0.17668269230769232 0.06610576923076923 0.06610576923076923
0 0.7475961538461539 0.09014423076923077 0.06610576923076923 0.06610576923076923
0 0.6334134615384616 0.055288461538461536 0.06610576923076923 0.06610576923076923
0 0.5997596153846154 0.0625 0.06610576923076923 0.06610576923076923