0 0.7115384615384616 0.953125 0.04326923076923077 0.04326923076923077
0 0.703125 0.8737980769230769 0.04326923076923077 0.04326923076923077
0 0.7271634615384616 0.7824519230769231 0.04326923076923077 0.04326923076923077
0 0.6670673076923077 0.7896634615384616 0.04326923076923077 0.04326923076923077
0 0.7163461538461539 0.7379807692307693 0.04326923076923077 0.04326923076923077
0 0.6310096153846154 0.7572115384615384 0.04326923076923077 0.04326923076923077
0 0.6742788461538461 0.6514423076923077 0.04326923076923077 0.04326923076923077
0 0.6983173076923077 0.6201923076923077 0.04326923076923077 0.04326923076923077
0 0.5709134615384616 0.546875 0.04326923076923077 0.04326923076923077
0 0.5504807692307693 0.5036057692307693 0.04326923076923077 0.04326923076923077
0 0.6177884615384616 0.43028846153846156 0.04326923076923077 0.04326923076923077
0 0.5913461538461539 0.4338942307692308 0.04326923076923077 0.04326923076923077
0 0.625 0.5 0.04326923076923077 0.04326923076923077
0 0.65625 0.5372596153846154 0.04326923076923077 0.04326923076923077
0 0.5300480769230769 0.49278846153846156 0.04326923076923077 0.04326923076923077
0 0.5384615384615384 0.4495192307692308 0.04326923076923077 0.04326923076923077
0 0.5168269230769231 0.4026442307692308 0.04326923076923077 0.04326923076923077
0 0.5024038461538461 0.37259615384615385 0.04326923076923077 0.04326923076923077
0 0.5240384615384616 0.3004807692307692 0.04326923076923077 0.04326923076923077
0 0.5024038461538461 0.2932692307692308 0.04326923076923077 0.04326923076923077
0 0.47596153846153844 0.3485576923076923 0.04326923076923077 0.04326923076923077
0 0.4375 0.3269230769230769 0.04326923076923077 0.04326923076923077
0 0.4579326923076923 0.3329326923076923 0.04326923076923077 0.04326923076923077
0 0.46153846153846156 0.22596153846153846 0.04326923076923077 0.04326923076923077
0 0.4387019230769231 0.27884615384615385 0.04326923076923077 0.04326923076923077
0 0.41466346153846156 0.22115384615384615 0.04326923076923077 0.04326923076923077
0 0.484375 0.23918269230769232 0.04326923076923077 0.04326923076923077
0 0.44591346153846156 0.17427884615384615 0.04326923076923077 0.04326923076923077
0 0.4230769230769231 0.1310096153846154 0.04326923076923077 0.04326923076923077
0 0.40384615384615385 0.09375 0.04326923076923077 0.04326923076923077
0 0.38100961538461536 0.16947115384615385 0.04326923076923077 0.04326923076923077
0 0.28125 0.08653846153846154 0.04326923076923077 0.04326923076923077
0 0.34615384615384615 0.030048076923076924 0.04326923076923077 0.04326923076923077