0 0.15384615384615385 0.3088942307692308 0.056490384615384616 0.056490384615384616
0 0.23677884615384615 0.37740384615384615 0.056490384615384616 0.056490384615384616
0 0.2920673076923077 0.45072115384615385 0.056490384615384616 0.056490384615384616
0 0.3762019230769231 0.33052884615384615 0.056490384615384616 0.056490384615384616
0 0.40625 0.36177884615384615 0.056490384615384616 0.056490384615384616
0 0.22355769230769232 0.21153846153846154 0.056490384615384616 0.056490384615384616
0 0.453125 0.4855769230769231 0.056490384615384616 0.056490384615384616
0 0.4699519230769231 0.4014423076923077 0.056490384615384616 0.056490384615384616
0 0.32091346153846156 0.42427884615384615 0.056490384615384616 0.056490384615384616
0 0.5324519230769231 0.5372596153846154 0.056490384615384616 0.056490384615384616
0 0.5540865384615384 0.5012019230769231 0.056490384615384616 0.056490384615384616
0 0.5949519230769231 0.5324519230769231 0.056490384615384616 0.056490384615384616
0 0.5516826923076923 0.45072115384615385 0.056490384615384616 0.056490384615384616
0 0.5829326923076923 0.47115384615384615 0.056490384615384616 0.056490384615384616
0 0.6574519230769231 0.43509615384615385 0.056490384615384616 0.056490384615384616
0 0.6658653846153846 0.38461538461538464 0.056490384615384616 0.056490384615384616
0 0.6201923076923077 0.39783653846153844 0.056490384615384616 0.056490384615384616
0 0.6538461538461539 0.5841346153846154 0.056490384615384616 0.056490384615384616
0 0.7223557692307693 0.5204326923076923 0.056490384615384616 0.056490384615384616
0 0.8293269230769231 0.6646634615384616 0.056490384615384616 0.056490384615384616
0 0.8846153846153846 0.5673076923076923 0.056490384615384616 0.056490384615384616
0 0.9194711538461539 0.5528846153846154 0.056490384615384616 0.056490384615384616
0 0.8930288461538461 0.45072115384615385 0.056490384615384616 0.056490384615384616
0 0.6586538461538461 0.5024038461538461 0.056490384615384616 0.056490384615384616
0 0.7439903846153846 0.390625 0.056490384615384616 0.056490384615384616
0 0.8149038461538461 0.30288461538461536 0.056490384615384616 0.056490384615384616
0 0.8245192307692307 0.2620192307692308 0.056490384615384616 0.056490384615384616