0 0.7391826923076923 0.8028846153846154 0.04326923076923077 0.04326923076923077
0 0.7127403846153846 0.7824519230769231 0.04326923076923077 0.04326923076923077
0 0.6418269230769231 0.7572115384615384 0.04326923076923077 0.04326923076923077
0 0.609375 0.75 0.04326923076923077 0.04326923076923077
0 0.5348557692307693 0.7139423076923077 0.04326923076923077 0.04326923076923077
0 0.5048076923076923 0.7463942307692307 0.04326923076923077 0.04326923076923077
0 0.4567307692307692 0.7067307692307693 0.04326923076923077 0.04326923076923077
0 0.4855769230769231 0.6574519230769231 0.04326923076923077 0.04326923076923077
0 0.5 0.6454326923076923 0.04326923076923077 0.04326923076923077
0 0.49399038461538464 0.6141826923076923 0.04326923076923077 0.04326923076923077
0 0.4579326923076923 0.6069711538461539 0.04326923076923077 0.04326923076923077
0 0.41466346153846156 0.5504807692307693 0.04326923076923077 0.04326923076923077
0 0.3317307692307692 0.5625 0.04326923076923077 0.04326923076923077
0 0.13822115384615385 0.5528846153846154 0.04326923076923077 0.04326923076923077
0 0.08774038461538461 0.5348557692307693 0.04326923076923077 0.04326923076923077
0 0.06370192307692307 0.4891826923076923 0.04326923076923077 0.04326923076923077
0 0.24759615384615385 0.6021634615384616 0.04326923076923077 0.04326923076923077
0 0.8365384615384616 0.6682692307692307 0.04326923076923077 0.04326923076923077
0 0.7944711538461539 0.5853365384615384 0.04326923076923077 0.04326923076923077
0 0.9098557692307693 0.6730769230769231 0.04326923076923077 0.04326923076923077
0 0.30528846153846156 0.5324519230769231 0.04326923076923077 0.04326923076923077
0 0.23557692307692307 0.4230769230769231 0.04326923076923077 0.04326923076923077
0 0.2932692307692308 0.4110576923076923 0.04326923076923077 0.04326923076923077
0 0.21754807692307693 0.328125 0.04326923076923077 0.04326923076923077
0 0.10697115384615384 0.23918269230769232 0.04326923076923077 0.04326923076923077
0 0.06850961538461539 0.1778846153846154 0.04326923076923077 0.04326923076923077
0 0.021634615384615384 0.23317307692307693 0.04326923076923077 0.04326923076923077
0 0.34615384615384615 0.42427884615384615 0.04326923076923077 0.04326923076923077
0 0.3473557692307692 0.39903846153846156 0.04326923076923077 0.04326923076923077
0 0.3293269230769231 0.36899038461538464 0.04326923076923077 0.04326923076923077
0 0.1622596153846154 0.1141826923076923 0.04326923076923077 0.04326923076923077
0 0.038461538461538464 0.03365384615384615 0.04326923076923077 0.04326923076923077