0 0.4723557692307692 0.9795673076923077 0.04326923076923077 0.040865384615384616
0 0.49759615384615385 0.9459134615384616 0.04326923076923077 0.04326923076923077
0 0.48197115384615385 0.8954326923076923 0.04326923076923077 0.04326923076923077
0 0.5264423076923077 0.8557692307692307 0.04326923076923077 0.04326923076923077
0 0.5865384615384616 0.890625 0.04326923076923077 0.04326923076923077
0 0.5697115384615384 0.9447115384615384 0.04326923076923077 0.04326923076923077
0 0.6334134615384616 0.8954326923076923 0.04326923076923077 0.04326923076923077
0 0.5432692307692307 0.8197115384615384 0.04326923076923077 0.04326923076923077
0 0.5973557692307693 0.8052884615384616 0.04326923076923077 0.04326923076923077
0 0.6225961538461539 0.765625 0.04326923076923077 0.04326923076923077
0 0.6298076923076923 0.7295673076923077 0.04326923076923077 0.04326923076923077
0 0.6802884615384616 0.7932692307692307 0.04326923076923077 0.04326923076923077
0 0.6899038461538461 0.7572115384615384 0.04326923076923077 0.04326923076923077
0 0.7139423076923077 0.7427884615384616 0.04326923076923077 0.04326923076923077
0 0.6490384615384616 0.8016826923076923 0.04326923076923077 0.04326923076923077
0 0.7331730769230769 0.6598557692307693 0.04326923076923077 0.04326923076923077
0 0.7055288461538461 0.65625 0.04326923076923077 0.04326923076923077
0 0.7007211538461539 0.6057692307692307 0.04326923076923077 0.04326923076923077
0 0.6105769230769231 0.578125 0.04326923076923077 0.04326923076923077
0 0.6382211538461539 0.3870192307692308 0.04326923076923077 0.04326923076923077
0 0.7319711538461539 0.35096153846153844 0.04326923076923077 0.04326923076923077
0 0.7367788461538461 0.2848557692307692 0.04326923076923077 0.04326923076923077
0 0.7007211538461539 0.23798076923076922 0.04326923076923077 0.04326923076923077
0 0.6923076923076923 0.20793269230769232 0.04326923076923077 0.04326923076923077
0 0.7199519230769231 0.19831730769230768 0.04326923076923077 0.04326923076923077
0 0.7355769230769231 0.17908653846153846 0.04326923076923077 0.04326923076923077
0 0.7740384615384616 0.14903846153846154 0.04326923076923077 0.04326923076923077
0 0.8473557692307693 0.04807692307692308 0.04326923076923077 0.04326923076923077
0 0.6694711538461539 0.3629807692307692 0.04326923076923077 0.04326923076923077
0 0.6730769230769231 0.47596153846153844 0.04326923076923077 0.04326923076923077
0 0.7115384615384616 0.44471153846153844 0.04326923076923077 0.04326923076923077
0 0.7319711538461539 0.43028846153846156 0.04326923076923077 0.04326923076923077
0 0.7463942307692307 0.39903846153846156 0.04326923076923077 0.04326923076923077
0 0.36538461538461536 0.9014423076923077 0.04326923076923077 0.04326923076923077
0 0.4411057692307692 0.8665865384615384 0.04326923076923077 0.04326923076923077
0 0.42788461538461536 0.8257211538461539 0.04326923076923077 0.04326923076923077
0 0.3016826923076923 0.9098557692307693 0.04326923076923077 0.04326923076923077
0 0.32572115384615385 0.8737980769230769 0.04326923076923077 0.04326923076923077
0 0.38100961538461536 0.7896634615384616 0.04326923076923077 0.04326923076923077
0 0.3737980769230769 0.7668269230769231 0.04326923076923077 0.04326923076923077
0 0.28365384615384615 0.7776442307692307 0.04326923076923077 0.04326923076923077
0 0.3233173076923077 0.7271634615384616 0.04326923076923077 0.04326923076923077
0 0.31490384615384615 0.671875 0.04326923076923077 0.04326923076923077
0 0.21153846153846154 0.6586538461538461 0.04326923076923077 0.04326923076923077
0 0.22235576923076922 0.5552884615384616 0.04326923076923077 0.04326923076923077
0 0.30649038461538464 0.5108173076923077 0.04326923076923077 0.04326923076923077
0 0.2692307692307692 0.27403846153846156 0.04326923076923077 0.04326923076923077
0 0.3317307692307692 0.203125 0.04326923076923077 0.04326923076923077
0 0.22716346153846154 0.14302884615384615 0.04326923076923077 0.04326923076923077
0 0.2608173076923077 0.3449519230769231 0.04326923076923077 0.04326923076923077
0 0.41346153846153844 0.9807692307692307 0.04326923076923077 0.038461538461538464
0 0.13341346153846154 0.3425480769230769 0.04326923076923077 0.04326923076923077
0 0.10336538461538461 0.29927884615384615 0.04326923076923077 0.04326923076923077
0 0.18870192307692307 0.28725961538461536 0.04326923076923077 0.04326923076923077
0 0.20432692307692307 0.3016826923076923 0.04326923076923077 0.04326923076923077
0 0.15865384615384615 0.19591346153846154 0.04326923076923077 0.04326923076923077
0 0.16105769230769232 0.1346153846153846 0.04326923076923077 0.04326923076923077
0 0.14182692307692307 0.09134615384615384 0.04326923076923077 0.04326923076923077
0 0.09254807692307693 0.15865384615384615 0.04326923076923077 0.04326923076923077
0 0.04326923076923077 0.02403846153846154 0.04326923076923077 0.04326923076923077