0 0.09495192307692307 0.9158653846153846 0.04326923076923077 0.04326923076923077
0 0.13701923076923078 0.8894230769230769 0.04326923076923077 0.04326923076923077
0 0.16346153846153846 0.8677884615384616 0.04326923076923077 0.04326923076923077
0 0.18509615384615385 0.8413461538461539 0.04326923076923077 0.04326923076923077
0 0.15865384615384615 0.7740384615384616 0.04326923076923077 0.04326923076923077
0 0.21995192307692307 0.75 0.04326923076923077 0.04326923076923077
0 0.27403846153846156 0.6923076923076923 0.04326923076923077 0.04326923076923077
0 0.3137019230769231 0.6899038461538461 0.04326923076923077 0.04326923076923077
0 0.30528846153846156 0.7163461538461539 0.04326923076923077 0.04326923076923077
0 0.32572115384615385 0.7680288461538461 0.04326923076923077 0.04326923076923077
0 0.3473557692307692 0.7848557692307693 0.04326923076923077 0.04326923076923077
0 0.39663461538461536 0.765625 0.04326923076923077 0.04326923076923077
0 0.36177884615384615 0.7139423076923077 0.04326923076923077 0.04326923076923077
0 0.41346153846153844 0.6682692307692307 0.04326923076923077 0.04326923076923077
0 0.43990384615384615 0.6586538461538461 0.04326923076923077 0.04326923076923077
0 0.5180288461538461 0.6225961538461539 0.04326923076923077 0.04326923076923077
0 0.5420673076923077 0.703125 0.04326923076923077 0.04326923076923077
0 0.46634615384615385 0.7572115384615384 0.04326923076923077 0.04326923076923077
0 0.47115384615384615 0.7211538461538461 0.04326923076923077 0.04326923076923077
0 0.5745192307692307 0.5793269230769231 0.04326923076923077 0.04326923076923077
0 0.5324519230769231 0.6069711538461539 0.04326923076923077 0.04326923076923077
0 0.6274038461538461 0.5252403846153846 0.04326923076923077 0.04326923076923077
0 0.6526442307692307 0.6069711538461539 0.04326923076923077 0.04326923076923077
0 0.6923076923076923 0.6225961538461539 0.04326923076923077 0.04326923076923077
0 0.6778846153846154 0.578125 0.04326923076923077 0.04326923076923077
0 0.8197115384615384 0.5192307692307693 0.04326923076923077 0.04326923076923077
0 0.8834134615384616 0.38100961538461536 0.04326923076923077 0.04326923076923077
0 0.9591346153846154 0.43990384615384615 0.04326923076923077 0.04326923076923077
0 0.9435096153846154 0.31850961538461536 0.04326923076923077 0.04326923076923077
0 0.96875 0.26322115384615385 0.04326923076923077 0.04326923076923077
0 0.7355769230769231 0.5552884615384616 0.04326923076923077 0.04326923076923077