0 0.15504807692307693 0.3798076923076923 0.04326923076923077 0.04326923076923077
0 0.19951923076923078 0.4567307692307692 0.04326923076923077 0.04326923076923077
0 0.21634615384615385 0.5552884615384616 0.04326923076923077 0.04326923076923077
0 0.15264423076923078 0.6418269230769231 0.04326923076923077 0.04326923076923077
0 0.25 0.59375 0.04326923076923077 0.04326923076923077
0 0.2620192307692308 0.6213942307692307 0.04326923076923077 0.04326923076923077
0 0.36778846153846156 0.6947115384615384 0.04326923076923077 0.04326923076923077
0 0.2668269230769231 0.7632211538461539 0.04326923076923077 0.04326923076923077
0 0.5348557692307693 0.7704326923076923 0.04326923076923077 0.04326923076923077
0 0.5973557692307693 0.78125 0.04326923076923077 0.04326923076923077
0 0.6081730769230769 0.8677884615384616 0.04326923076923077 0.04326923076923077
0 0.7007211538461539 0.8317307692307693 0.04326923076923077 0.04326923076923077
0 0.65625 0.7788461538461539 0.04326923076923077 0.04326923076923077
0 0.7512019230769231 0.9050480769230769 0.04326923076923077 0.04326923076923077
0 0.7980769230769231 0.8786057692307693 0.04326923076923077 0.04326923076923077
0 0.7692307692307693 0.9615384615384616 0.04326923076923077 0.04326923076923077
0 0.19110576923076922 0.29447115384615385 0.04326923076923077 0.04326923076923077
0 0.34375 0.19471153846153846 0.04326923076923077 0.04326923076923077
0 0.33052884615384615 0.30408653846153844 0.04326923076923077 0.04326923076923077
0 0.36899038461538464 0.30288461538461536 0.04326923076923077 0.04326923076923077
0 0.3786057692307692 0.25961538461538464 0.04326923076923077 0.04326923076923077
0 0.4567307692307692 0.27283653846153844 0.04326923076923077 0.04326923076923077
0 0.46033653846153844 0.3317307692307692 0.04326923076923077 0.04326923076923077
0 0.484375 0.33653846153846156 0.04326923076923077 0.04326923076923077
0 0.5048076923076923 0.3269230769230769 0.04326923076923077 0.04326923076923077
0 0.5252403846153846 0.33533653846153844 0.04326923076923077 0.04326923076923077
0 0.5793269230769231 0.3317307692307692 0.04326923076923077 0.04326923076923077
0 0.5973557692307693 0.3088942307692308 0.04326923076923077 0.04326923076923077
0 0.6262019230769231 0.265625 0.04326923076923077 0.04326923076923077
0 0.7163461538461539 0.25721153846153844 0.04326923076923077 0.04326923076923077
0 0.5384615384615384 0.2692307692307692 0.04326923076923077 0.04326923076923077
0 0.6658653846153846 0.3125 0.04326923076923077 0.04326923076923077
0 0.75 0.3137019230769231 0.04326923076923077 0.04326923076923077
0 0.7944711538461539 0.30649038461538464 0.04326923076923077 0.04326923076923077
0 0.9423076923076923 0.25721153846153844 0.04326923076923077 0.04326923076923077
0 0.8533653846153846 0.31971153846153844 0.04326923076923077 0.04326923076923077
0 0.7608173076923077 0.25721153846153844 0.04326923076923077 0.04326923076923077
0 0.8930288461538461 0.2776442307692308 0.04326923076923077 0.04326923076923077
0 0.9242788461538461 0.18389423076923078 0.04326923076923077 0.04326923076923077
0 0.9567307692307693 0.14903846153846154 0.04326923076923077 0.04326923076923077
0 0.8701923076923077 0.19471153846153846 0.04326923076923077 0.04326923076923077
0 0.8293269230769231 0.22235576923076922 0.04326923076923077 0.04326923076923077
0 0.37740384615384615 0.171875 0.04326923076923077 0.04326923076923077
0 0.3918269230769231 0.14903846153846154 0.04326923076923077 0.04326923076923077
0 0.3473557692307692 0.10096153846153846 0.04326923076923077 0.04326923076923077
0 0.48677884615384615 0.07451923076923077 0.04326923076923077 0.04326923076923077
0 0.5144230769230769 0.109375 0.04326923076923077 0.04326923076923077
0 0.484375 0.16346153846153846 0.04326923076923077 0.04326923076923077
0 0.5204326923076923 0.21033653846153846 0.04326923076923077 0.04326923076923077
0 0.5841346153846154 0.14903846153846154 0.04326923076923077 0.04326923076923077