0 0.15865384615384615 0.7475961538461539 0.06610576923076923 0.06610576923076923
0 0.21634615384615385 0.7536057692307693 0.06610576923076923 0.06610576923076923
0 0.26802884615384615 0.7463942307692307 0.06610576923076923 0.06610576923076923
0 0.28125 0.8305288461538461 0.06610576923076923 0.06610576923076923
0 0.31490384615384615 0.7992788461538461 0.06610576923076923 0.06610576923076923
0 0.39903846153846156 0.8461538461538461 0.06610576923076923 0.06610576923076923
0 0.4230769230769231 0.7752403846153846 0.06610576923076923 0.06610576923076923
0 0.5168269230769231 0.7704326923076923 0.06610576923076923 0.06610576923076923
0 0.49399038461538464 0.6069711538461539 0.06610576923076923 0.06610576923076923
0 0.3954326923076923 0.5384615384615384 0.06610576923076923 0.06610576923076923
0 0.5336538461538461 0.59375 0.06610576923076923 0.06610576923076923
0 0.6009615384615384 0.6117788461538461 0.06610576923076923 0.06610576923076923
0 0.5733173076923077 0.5180288461538461 0.06610576923076923 0.06610576923076923
0 0.5180288461538461 0.5516826923076923 0.06610576923076923 0.06610576923076923
0 0.47115384615384615 0.4855769230769231 0.06610576923076923 0.06610576923076923
0 0.6550480769230769 0.3088942307692308 0.06610576923076923 0.06610576923076923
0 0.6995192307692307 0.29927884615384615 0.06610576923076923 0.06610576923076923
0 0.7512019230769231 0.203125 0.06610576923076923 0.06610576923076923
0 0.765625 0.2512019230769231 0.06610576923076923 0.06610576923076923
0 0.8882211538461539 0.31490384615384615 0.06610576923076923 0.06610576923076923
0 0.6850961538461539 0.2283653846153846 0.06610576923076923 0.06610576923076923
0 0.5877403846153846 0.921875 0.06610576923076923 0.06610576923076923