0 0.1466346153846154 0.921875 0.04326923076923077 0.04326923076923077
0 0.26322115384615385 0.9014423076923077 0.04326923076923077 0.04326923076923077
0 0.23076923076923078 0.7740384615384616 0.04326923076923077 0.04326923076923077
0 0.2247596153846154 0.7223557692307693 0.04326923076923077 0.04326923076923077
0 0.27884615384615385 0.6574519230769231 0.04326923076923077 0.04326923076923077
0 0.4050480769230769 0.42908653846153844 0.04326923076923077 0.04326923076923077
0 0.4050480769230769 0.45913461538461536 0.04326923076923077 0.04326923076923077
0 0.46875 0.5288461538461539 0.04326923076923077 0.04326923076923077
0 0.42788461538461536 0.5384615384615384 0.04326923076923077 0.04326923076923077
0 0.5012019230769231 0.4170673076923077 0.04326923076923077 0.04326923076923077
0 0.44471153846153844 0.3317307692307692 0.04326923076923077 0.04326923076923077
0 0.5 0.25841346153846156 0.04326923076923077 0.04326923076923077
0 0.5264423076923077 0.2668269230769231 0.04326923076923077 0.04326923076923077
0 0.5288461538461539 0.3713942307692308 0.04326923076923077 0.04326923076923077
0 0.5492788461538461 0.3329326923076923 0.04326923076923077 0.04326923076923077
0 0.5985576923076923 0.24759615384615385 0.04326923076923077 0.04326923076923077
0 0.6201923076923077 0.23918269230769232 0.04326923076923077 0.04326923076923077
0 0.6959134615384616 0.15384615384615385 0.04326923076923077 0.04326923076923077
0 0.7391826923076923 0.15625 0.04326923076923077 0.04326923076923077
0 0.59375 0.171875 0.04326923076923077 0.04326923076923077
0 0.6430288461538461 0.10336538461538461 0.04326923076923077 0.04326923076923077
0 0.7139423076923077 0.20072115384615385 0.04326923076923077 0.04326923076923077
0 0.7608173076923077 0.08653846153846154 0.04326923076923077 0.04326923076923077
0 0.8822115384615384 0.12860576923076922 0.04326923076923077 0.04326923076923077
0 0.8161057692307693 0.14543269230769232 0.04326923076923077 0.04326923076923077
0 0.4050480769230769 0.6262019230769231 0.04326923076923077 0.04326923076923077
0 0.4423076923076923 0.6262019230769231 0.04326923076923077 0.04326923076923077
0 0.3954326923076923 0.7151442307692307 0.04326923076923077 0.04326923076923077
0 0.3954326923076923 0.6742788461538461 0.04326923076923077 0.04326923076923077