0 0.47596153846153844 0.4026442307692308 0.04326923076923077 0.04326923076923077
0 0.27884615384615385 0.5877403846153846 0.04326923076923077 0.04326923076923077
0 0.6826923076923077 0.3112980769230769 0.04326923076923077 0.04326923076923077
0 0.7175480769230769 0.20552884615384615 0.04326923076923077 0.04326923076923077
0 0.6418269230769231 0.31009615384615385 0.04326923076923077 0.04326923076923077
0 0.16947115384615385 0.9711538461538461 0.04326923076923077 0.04326923076923077
0 0.36899038461538464 0.5805288461538461 0.04326923076923077 0.04326923076923077
0 0.17548076923076922 0.7211538461538461 0.04326923076923077 0.04326923076923077
0 0.41947115384615385 0.5552884615384616 0.04326923076923077 0.04326923076923077
0 0.4651442307692308 0.515625 0.04326923076923077 0.04326923076923077
0 0.48197115384615385 0.49399038461538464 0.04326923076923077 0.04326923076923077
0 0.39663461538461536 0.4807692307692308 0.04326923076923077 0.04326923076923077
0 0.43990384615384615 0.43990384615384615 0.04326923076923077 0.04326923076923077
0 0.5865384615384616 0.39903846153846156 0.04326923076923077 0.04326923076923077
0 0.6310096153846154 0.4254807692307692 0.04326923076923077 0.04326923076923077
0 0.7055288461538461 0.28725961538461536 0.04326923076923077 0.04326923076923077
0 0.6538461538461539 0.2403846153846154 0.04326923076923077 0.04326923076923077
0 0.7403846153846154 0.27403846153846156 0.04326923076923077 0.04326923076923077
0 0.765625 0.2439903846153846 0.04326923076923077 0.04326923076923077
0 0.7944711538461539 0.22115384615384615 0.04326923076923077 0.04326923076923077
0 0.7620192307692307 0.10697115384615384 0.04326923076923077 0.04326923076923077
0 0.24759615384615385 0.6490384615384616 0.04326923076923077 0.04326923076923077
0 0.1778846153846154 0.78125 0.04326923076923077 0.04326923076923077