0 0.7211538461538461 0.9302884615384616 0.04326923076923077 0.04326923076923077
0 0.6935096153846154 0.8942307692307693 0.04326923076923077 0.04326923076923077
0 0.8461538461538461 0.859375 0.04326923076923077 0.04326923076923077
0 0.44711538461538464 0.8569711538461539 0.04326923076923077 0.04326923076923077
0 0.43149038461538464 0.8185096153846154 0.04326923076923077 0.04326923076923077
0 0.47836538461538464 0.78125 0.04326923076923077 0.04326923076923077
0 0.4495192307692308 0.7475961538461539 0.04326923076923077 0.04326923076923077
0 0.43509615384615385 0.7067307692307693 0.04326923076923077 0.04326923076923077
0 0.4182692307692308 0.7007211538461539 0.04326923076923077 0.04326923076923077
0 0.34975961538461536 0.7379807692307693 0.04326923076923077 0.04326923076923077
0 0.38461538461538464 0.7992788461538461 0.04326923076923077 0.04326923076923077
0 0.3713942307692308 0.6694711538461539 0.04326923076923077 0.04326923076923077
0 0.35336538461538464 0.5841346153846154 0.04326923076923077 0.04326923076923077
0 0.3004807692307692 0.5625 0.04326923076923077 0.04326923076923077
0 0.2620192307692308 0.578125 0.04326923076923077 0.04326923076923077
0 0.234375 0.5432692307692307 0.04326923076923077 0.04326923076923077
0 0.30528846153846156 0.49399038461538464 0.04326923076923077 0.04326923076923077
0 0.32211538461538464 0.5444711538461539 0.04326923076923077 0.04326923076923077
0 0.21634615384615385 0.37259615384615385 0.04326923076923077 0.04326923076923077
0 0.19110576923076922 0.36177884615384615 0.04326923076923077 0.04326923076923077
0 0.15264423076923078 0.47596153846153844 0.04326923076923077 0.04326923076923077
0 0.1310096153846154 0.4567307692307692 0.04326923076923077 0.04326923076923077
0 0.125 0.3713942307692308 0.04326923076923077 0.04326923076923077
0 0.08774038461538461 0.36899038461538464 0.04326923076923077 0.04326923076923077
0 0.04927884615384615 0.375 0.04326923076923077 0.04326923076923077
0 0.2439903846153846 0.45072115384615385 0.04326923076923077 0.04326923076923077
0 0.5504807692307693 0.734375 0.04326923076923077 0.04326923076923077
0 0.5841346153846154 0.6899038461538461 0.04326923076923077 0.04326923076923077
0 0.5036057692307693 0.6995192307692307 0.04326923076923077 0.04326923076923077
0 0.484375 0.6490384615384616 0.04326923076923077 0.04326923076923077
0 0.5180288461538461 0.6322115384615384 0.04326923076923077 0.04326923076923077
0 0.5216346153846154 0.578125 0.04326923076923077 0.04326923076923077
0 0.49759615384615385 0.5408653846153846 0.04326923076923077 0.04326923076923077
0 0.5588942307692307 0.47475961538461536 0.04326923076923077 0.04326923076923077
0 0.49278846153846156 0.47475961538461536 0.04326923076923077 0.04326923076923077
0 0.5805288461538461 0.43509615384615385 0.04326923076923077 0.04326923076923077
0 0.6033653846153846 0.40625 0.04326923076923077 0.04326923076923077
0 0.5913461538461539 0.38221153846153844 0.04326923076923077 0.04326923076923077
0 0.5216346153846154 0.36778846153846156 0.04326923076923077 0.04326923076923077
0 0.515625 0.40625 0.04326923076923077 0.04326923076923077
0 0.6033653846153846 0.31971153846153844 0.04326923076923077 0.04326923076923077
0 0.5661057692307693 0.265625 0.04326923076923077 0.04326923076923077
0 0.5841346153846154 0.25240384615384615 0.04326923076923077 0.04326923076923077
0 0.6322115384615384 0.21634615384615385 0.04326923076923077 0.04326923076923077
0 0.6899038461538461 0.25 0.04326923076923077 0.04326923076923077
0 0.7403846153846154 0.1971153846153846 0.04326923076923077 0.04326923076923077
0 0.7932692307692307 0.17427884615384615 0.04326923076923077 0.04326923076923077
0 0.8810096153846154 0.07572115384615384 0.04326923076923077 0.04326923076923077
0 0.8557692307692307 0.021634615384615384 0.04326923076923077 0.04326923076923077
0 0.8365384615384616 0.052884615384615384 0.04326923076923077 0.04326923076923077
0 0.8004807692307693 0.078125 0.04326923076923077 0.04326923076923077
0 0.765625 0.42427884615384615 0.04326923076923077 0.04326923076923077
0 0.8028846153846154 0.33052884615384615 0.04326923076923077 0.04326923076923077
0 0.8846153846153846 0.35697115384615385 0.04326923076923077 0.04326923076923077
0 0.296875 0.5588942307692307 0.04326923076923077 0.04326923076923077
0 0.7307692307692307 0.4567307692307692 0.04326923076923077 0.04326923076923077
0 0.8052884615384616 0.859375 0.04326923076923077 0.04326923076923077