0 0.27884615384615385 0.8064903846153846 0.09735576923076923 0.09735576923076923
0 0.32211538461538464 0.8149038461538461 0.09735576923076923 0.09735576923076923
0 0.31009615384615385 0.7475961538461539 0.09735576923076923 0.09735576923076923
0 0.24759615384615385 0.7848557692307693 0.09735576923076923 0.09735576923076923
0 0.2247596153846154 0.7055288461538461 0.09735576923076923 0.09735576923076923
0 0.26322115384615385 0.7319711538461539 0.09735576923076923 0.09735576923076923
0 0.1658653846153846 0.7379807692307693 0.09735576923076923 0.09735576923076923
0 0.40024038461538464 0.7439903846153846 0.09735576923076923 0.09735576923076923
0 0.5180288461538461 0.5625 0.09735576923076923 0.09735576923076923
0 0.5528846153846154 0.5901442307692307 0.09735576923076923 0.09735576923076923
0 0.5348557692307693 0.5805288461538461 0.09735576923076923 0.09735576923076923
0 0.5336538461538461 0.6033653846153846 0.09735576923076923 0.09735576923076923
0 0.49399038461538464 0.8245192307692307 0.09735576923076923 0.09735576923076923
0 0.10336538461538461 0.7524038461538461 0.09735576923076923 0.09735576923076923
0 0.26322115384615385 0.8221153846153846 0.09735576923076923 0.09735576923076923
0 0.23197115384615385 0.8100961538461539 0.09735576923076923 0.09735576923076923
0 0.2247596153846154 0.7908653846153846 0.09735576923076923 0.09735576923076923
0 0.35336538461538464 0.7620192307692307 0.09735576923076923 0.09735576923076923
0 0.5600961538461539 0.41586538461538464 0.09735576923076923 0.09735576923076923
0 0.5805288461538461 0.35697115384615385 0.09735576923076923 0.09735576923076923
0 0.5997596153846154 0.33413461538461536 0.09735576923076923 0.09735576923076923
0 0.5877403846153846 0.37740384615384615 0.09735576923076923 0.09735576923076923
0 0.5877403846153846 0.43149038461538464 0.09735576923076923 0.09735576923076923
0 0.6778846153846154 0.40865384615384615 0.09735576923076923 0.09735576923076923
0 0.5060096153846154 0.28365384615384615 0.09735576923076923 0.09735576923076923
0 0.5180288461538461 0.21634615384615385 0.09735576923076923 0.09735576923076923
0 0.46274038461538464 0.18990384615384615 0.09735576923076923 0.09735576923076923
0 0.49399038461538464 0.1346153846153846 0.09735576923076923 0.09735576923076923
0 0.5997596153846154 0.3088942307692308 0.09735576923076923 0.09735576923076923
0 0.9194711538461539 0.1658653846153846 0.09735576923076923 0.09735576923076923
0 0.9122596153846154 0.18509615384615385 0.09735576923076923 0.09735576923076923
0 0.9350961538461539 0.22115384615384615 0.09735576923076923 0.09735576923076923
0 0.953125 0.28365384615384615 0.09375 0.09735576923076923
0 0.9435096153846154 0.26802884615384615 0.09735576923076923 0.09735576923076923
0 0.9507211538461539 0.24759615384615385 0.09735576923076923 0.09735576923076923
0 0.9278846153846154 0.30649038461538464 0.09735576923076923 0.09735576923076923
0 0.8653846153846154 0.25961538461538464 0.09735576923076923 0.09735576923076923
0 0.8774038461538461 0.30649038461538464 0.09735576923076923 0.09735576923076923
0 0.8689903846153846 0.32572115384615385 0.09735576923076923 0.09735576923076923
0 0.8774038461538461 0.34134615384615385 0.09735576923076923 0.09735576923076923
0 0.8461538461538461 0.35697115384615385 0.09735576923076923 0.09735576923076923
0 0.8569711538461539 0.36899038461538464 0.09735576923076923 0.09735576923076923
0 0.8461538461538461 0.32211538461538464 0.09735576923076923 0.09735576923076923
0 0.9086538461538461 0.33052884615384615 0.09735576923076923 0.09735576923076923
0 0.8966346153846154 0.28365384615384615 0.09735576923076923 0.09735576923076923
0 0.8161057692307693 0.41947115384615385 0.09735576923076923 0.09735576923076923
0 0.8377403846153846 0.42427884615384615 0.09735576923076923 0.09735576923076923
0 0.9158653846153846 0.25961538461538464 0.09735576923076923 0.09735576923076923
0 0.9314903846153846 0.125 0.09735576923076923 0.09735576923076923
0 0.13701923076923078 0.5817307692307693 0.09735576923076923 0.09735576923076923
0 0.15625 0.5036057692307693 0.09735576923076923 0.09735576923076923
0 0.13221153846153846 0.5276442307692307 0.09735576923076923 0.09735576923076923
0 0.24278846153846154 0.3557692307692308 0.09735576923076923 0.09735576923076923
0 0.19471153846153846 0.4375 0.09735576923076923 0.09735576923076923