0 0.30528846153846156 0.48197115384615385 0.13221153846153846 0.13221153846153846
0 0.45913461538461536 0.5661057692307693 0.13221153846153846 0.13221153846153846
0 0.4098557692307692 0.47475961538461536 0.13221153846153846 0.13221153846153846
0 0.5192307692307693 0.48197115384615385 0.13221153846153846 0.13221153846153846
0 0.5192307692307693 0.546875 0.13221153846153846 0.13221153846153846
0 0.65625 0.49399038461538464 0.13221153846153846 0.13221153846153846
0 0.6778846153846154 0.5336538461538461 0.13221153846153846 0.13221153846153846
0 0.7067307692307693 0.41586538461538464 0.13221153846153846 0.13221153846153846
0 0.8930288461538461 0.44471153846153844 0.13221153846153846 0.13221153846153846
0 0.8088942307692307 0.5348557692307693 0.13221153846153846 0.13221153846153846
0 0.7680288461538461 0.5408653846153846 0.13221153846153846 0.13221153846153846
0 0.8617788461538461 0.5276442307692307 0.13221153846153846 0.13221153846153846
0 0.7572115384615384 0.4254807692307692 0.13221153846153846 0.13221153846153846