0 0.33052884615384615 0.8725961538461539 0.028846153846153848 0.028846153846153848
0 0.28365384615384615 0.8822115384615384 0.028846153846153848 0.028846153846153848
0 0.2764423076923077 0.8413461538461539 0.028846153846153848 0.028846153846153848
0 0.2776442307692308 0.8221153846153846 0.028846153846153848 0.028846153846153848
0 0.26322115384615385 0.8100961538461539 0.028846153846153848 0.028846153846153848
0 0.24519230769230768 0.8197115384615384 0.028846153846153848 0.028846153846153848
0 0.31009615384615385 0.8137019230769231 0.028846153846153848 0.028846153846153848
0 0.328125 0.8197115384615384 0.028846153846153848 0.028846153846153848
0 0.32091346153846156 0.7788461538461539 0.028846153846153848 0.028846153846153848
0 0.2824519230769231 0.765625 0.028846153846153848 0.028846153846153848
0 0.28966346153846156 0.7379807692307693 0.028846153846153848 0.028846153846153848
0 0.3004807692307692 0.7211538461538461 0.028846153846153848 0.028846153846153848
0 0.30528846153846156 0.703125 0.028846153846153848 0.028846153846153848
0 0.31850961538461536 0.6706730769230769 0.028846153846153848 0.028846153846153848
0 0.33774038461538464 0.6514423076923077 0.028846153846153848 0.028846153846153848
0 0.26322115384615385 0.7451923076923077 0.028846153846153848 0.028846153846153848
0 0.2283653846153846 0.765625 0.028846153846153848 0.028846153846153848
0 0.17307692307692307 0.7319711538461539 0.028846153846153848 0.028846153846153848
0 0.22716346153846154 0.6947115384615384 0.028846153846153848 0.028846153846153848
0 0.19471153846153846 0.6598557692307693 0.028846153846153848 0.028846153846153848
0 0.12379807692307693 0.6706730769230769 0.028846153846153848 0.028846153846153848
0 0.15384615384615385 0.6538461538461539 0.028846153846153848 0.028846153846153848
0 0.10697115384615384 0.6310096153846154 0.028846153846153848 0.028846153846153848
0 0.5180288461538461 0.7487980769230769 0.028846153846153848 0.028846153846153848
0 0.5540865384615384 0.7427884615384616 0.028846153846153848 0.028846153846153848
0 0.6225961538461539 0.7560096153846154 0.028846153846153848 0.028846153846153848
0 0.5745192307692307 0.7896634615384616 0.028846153846153848 0.028846153846153848
0 0.6586538461538461 0.6899038461538461 0.028846153846153848 0.028846153846153848
0 0.7019230769230769 0.6923076923076923 0.028846153846153848 0.028846153846153848
0 0.6850961538461539 0.6622596153846154 0.028846153846153848 0.028846153846153848
0 0.7163461538461539 0.6778846153846154 0.028846153846153848 0.028846153846153848
0 0.71875 0.6574519230769231 0.028846153846153848 0.028846153846153848
0 0.7319711538461539 0.6322115384615384 0.028846153846153848 0.028846153846153848
0 0.6947115384615384 0.5853365384615384 0.028846153846153848 0.028846153846153848
0 0.6887019230769231 0.609375 0.028846153846153848 0.028846153846153848
0 0.7548076923076923 0.5036057692307693 0.028846153846153848 0.028846153846153848
0 0.75 0.4723557692307692 0.028846153846153848 0.028846153846153848
0 0.7427884615384616 0.4387019230769231 0.028846153846153848 0.028846153846153848
0 0.7271634615384616 0.39663461538461536 0.028846153846153848 0.028846153846153848
0 0.6899038461538461 0.4362980769230769 0.028846153846153848 0.028846153846153848
0 0.7463942307692307 0.5288461538461539 0.028846153846153848 0.028846153846153848
0 0.6346153846153846 0.7091346153846154 0.028846153846153848 0.028846153846153848
0 0.6899038461538461 0.7319711538461539 0.028846153846153848 0.028846153846153848
0 0.6033653846153846 0.7247596153846154 0.028846153846153848 0.028846153846153848
0 0.734375 0.2764423076923077 0.028846153846153848 0.028846153846153848
0 0.7403846153846154 0.25 0.028846153846153848 0.028846153846153848
0 0.7764423076923077 0.27283653846153844 0.028846153846153848 0.028846153846153848
0 0.7680288461538461 0.21634615384615385 0.028846153846153848 0.028846153846153848
0 0.8076923076923077 0.20072115384615385 0.028846153846153848 0.028846153846153848
0 0.7512019230769231 0.20793269230769232 0.028846153846153848 0.028846153846153848
0 0.75 0.17427884615384615 0.028846153846153848 0.028846153846153848
0 0.7151442307692307 0.5204326923076923 0.028846153846153848 0.028846153846153848
0 0.7439903846153846 0.5504807692307693 0.028846153846153848 0.028846153846153848
0 0.7584134615384616 0.3605769230769231 0.028846153846153848 0.028846153846153848
0 0.7776442307692307 0.05889423076923077 0.028846153846153848 0.028846153846153848