0 0.22115384615384615 0.17067307692307693 0.04326923076923077 0.04326923076923077
0 0.31971153846153844 0.13221153846153846 0.04326923076923077 0.04326923076923077
0 0.29927884615384615 0.11778846153846154 0.04326923076923077 0.04326923076923077
0 0.3942307692307692 0.1971153846153846 0.04326923076923077 0.04326923076923077
0 0.33653846153846156 0.2860576923076923 0.04326923076923077 0.04326923076923077
0 0.3449519230769231 0.328125 0.04326923076923077 0.04326923076923077
0 0.35096153846153844 0.38221153846153844 0.04326923076923077 0.04326923076923077
0 0.41947115384615385 0.30528846153846156 0.04326923076923077 0.04326923076923077
0 0.3918269230769231 0.4050480769230769 0.04326923076923077 0.04326923076923077
0 0.421875 0.3858173076923077 0.04326923076923077 0.04326923076923077
0 0.4230769230769231 0.4963942307692308 0.04326923076923077 0.04326923076923077
0 0.41947115384615385 0.5649038461538461 0.04326923076923077 0.04326923076923077
0 0.49759615384615385 0.5697115384615384 0.04326923076923077 0.04326923076923077
0 0.47115384615384615 0.6742788461538461 0.04326923076923077 0.04326923076923077
0 0.5072115384615384 0.796875 0.04326923076923077 0.04326923076923077
0 0.5324519230769231 0.8509615384615384 0.04326923076923077 0.04326923076923077
0 0.5216346153846154 0.7295673076923077 0.04326923076923077 0.04326923076923077
0 0.10216346153846154 0.04447115384615385 0.04326923076923077 0.04326923076923077
0 0.5588942307692307 0.6117788461538461 0.04326923076923077 0.04326923076923077
0 0.6009615384615384 0.59375 0.04326923076923077 0.04326923076923077
0 0.5252403846153846 0.5444711538461539 0.04326923076923077 0.04326923076923077
0 0.6334134615384616 0.5625 0.04326923076923077 0.04326923076923077
0 0.6394230769230769 0.6081730769230769 0.04326923076923077 0.04326923076923077
0 0.6658653846153846 0.6129807692307693 0.04326923076923077 0.04326923076923077
0 0.7283653846153846 0.6947115384615384 0.04326923076923077 0.04326923076923077
0 0.7283653846153846 0.6069711538461539 0.04326923076923077 0.04326923076923077
0 0.7668269230769231 0.6177884615384616 0.04326923076923077 0.04326923076923077
0 0.8016826923076923 0.6213942307692307 0.04326923076923077 0.04326923076923077
0 0.8016826923076923 0.6598557692307693 0.04326923076923077 0.04326923076923077
0 0.8449519230769231 0.6646634615384616 0.04326923076923077 0.04326923076923077
0 0.8064903846153846 0.7379807692307693 0.04326923076923077 0.04326923076923077
0 0.9579326923076923 0.7944711538461539 0.04326923076923077 0.04326923076923077
0 0.8653846153846154 0.7307692307692307 0.04326923076923077 0.04326923076923077
0 0.8882211538461539 0.7560096153846154 0.04326923076923077 0.04326923076923077
0 0.6346153846153846 0.5408653846153846 0.04326923076923077 0.04326923076923077
0 0.5612980769230769 0.7175480769230769 0.04326923076923077 0.04326923076923077
0 0.5324519230769231 0.6322115384615384 0.04326923076923077 0.04326923076923077
0 0.9038461538461539 0.28846153846153844 0.04326923076923077 0.04326923076923077
0 0.8942307692307693 0.14903846153846154 0.04326923076923077 0.04326923076923077
0 0.8882211538461539 0.11899038461538461 0.04326923076923077 0.04326923076923077