0 0.07451923076923077 0.38221153846153844 0.03125 0.03125
0 0.0625 0.28846153846153844 0.03125 0.03125
0 0.09615384615384616 0.16826923076923078 0.03125 0.03125
0 0.3557692307692308 0.23557692307692307 0.03125 0.03125
0 0.38822115384615385 0.27403846153846156 0.03125 0.03125
0 0.41346153846153844 0.265625 0.03125 0.03125
0 0.4362980769230769 0.30528846153846156 0.03125 0.03125
0 0.47596153846153844 0.23677884615384615 0.03125 0.03125
0 0.47596153846153844 0.28966346153846156 0.03125 0.03125
0 0.5901442307692307 0.30528846153846156 0.03125 0.03125
0 0.6682692307692307 0.3088942307692308 0.03125 0.03125
0 0.7079326923076923 0.33533653846153844 0.03125 0.03125
0 0.7367788461538461 0.33413461538461536 0.03125 0.03125
0 0.7956730769230769 0.2776442307692308 0.03125 0.03125
0 0.84375 0.22596153846153846 0.03125 0.03125
0 0.9086538461538461 0.21153846153846154 0.03125 0.03125
0 0.8545673076923077 0.16947115384615385 0.03125 0.03125
0 0.8774038461538461 0.21153846153846154 0.03125 0.03125
0 0.2956730769230769 0.29086538461538464 0.03125 0.03125
0 0.3629807692307692 0.3449519230769231 0.03125 0.03125
0 0.4230769230769231 0.3641826923076923 0.03125 0.03125
0 0.5444711538461539 0.46634615384615385 0.03125 0.03125
0 0.49759615384615385 0.45913461538461536 0.03125 0.03125
0 0.5697115384615384 0.5480769230769231 0.03125 0.03125
0 0.5661057692307693 0.5889423076923077 0.03125 0.03125
0 0.6586538461538461 0.7560096153846154 0.03125 0.03125
0 0.6730769230769231 0.7367788461538461 0.03125 0.03125
0 0.7091346153846154 0.84375 0.03125 0.03125
0 0.7596153846153846 0.8942307692307693 0.03125 0.03125
0 0.5600961538461539 0.4423076923076923 0.03125 0.03125