0 0.11778846153846154 0.4519230769230769 0.04326923076923077 0.04326923076923077
0 0.24158653846153846 0.4375 0.04326923076923077 0.04326923076923077
0 0.34375 0.5853365384615384 0.04326923076923077 0.04326923076923077
0 0.9026442307692307 0.703125 0.04326923076923077 0.04326923076923077
0 0.9338942307692307 0.6658653846153846 0.04326923076923077 0.04326923076923077
0 0.4230769230769231 0.6466346153846154 0.04326923076923077 0.04326923076923077
0 0.4951923076923077 0.7872596153846154 0.04326923076923077 0.04326923076923077
0 0.47475961538461536 0.8461538461538461 0.04326923076923077 0.04326923076923077
0 0.6274038461538461 0.6274038461538461 0.04326923076923077 0.04326923076923077
0 0.23677884615384615 0.4963942307692308 0.04326923076923077 0.04326923076923077
0 0.21033653846153846 0.4074519230769231 0.04326923076923077 0.04326923076923077
0 0.14903846153846154 0.40384615384615385 0.04326923076923077 0.04326923076923077
0 0.7896634615384616 0.6213942307692307 0.04326923076923077 0.04326923076923077
0 0.29447115384615385 0.47836538461538464 0.04326923076923077 0.04326923076923077
0 0.2620192307692308 0.5192307692307693 0.04326923076923077 0.04326923076923077
0 0.28725961538461536 0.5528846153846154 0.04326923076923077 0.04326923076923077
0 0.6875 0.6322115384615384 0.04326923076923077 0.04326923076923077
0 0.6658653846153846 0.6947115384615384 0.04326923076923077 0.04326923076923077