0 0.07091346153846154 0.5516826923076923 0.04927884615384615 0.04927884615384615
0 0.10216346153846154 0.5600961538461539 0.04927884615384615 0.04927884615384615
0 0.14182692307692307 0.5673076923076923 0.04927884615384615 0.04927884615384615
0 0.13581730769230768 0.49158653846153844 0.04927884615384615 0.04927884615384615
0 0.20432692307692307 0.47716346153846156 0.04927884615384615 0.04927884615384615
0 0.22355769230769232 0.5228365384615384 0.04927884615384615 0.04927884615384615
0 0.28846153846153844 0.5360576923076923 0.04927884615384615 0.04927884615384615
0 0.2608173076923077 0.4951923076923077 0.04927884615384615 0.04927884615384615
0 0.32572115384615385 0.5024038461538461 0.04927884615384615 0.04927884615384615
0 0.31009615384615385 0.42908653846153844 0.04927884615384615 0.04927884615384615
0 0.36658653846153844 0.4110576923076923 0.04927884615384615 0.04927884615384615
0 0.47716346153846156 0.4230769230769231 0.04927884615384615 0.04927884615384615
0 0.44471153846153844 0.5048076923076923 0.04927884615384615 0.04927884615384615
0 0.46153846153846156 0.4987980769230769 0.04927884615384615 0.04927884615384615
0 0.5024038461538461 0.49278846153846156 0.04927884615384615 0.04927884615384615
0 0.5168269230769231 0.4362980769230769 0.04927884615384615 0.04927884615384615
0 0.5637019230769231 0.4326923076923077 0.04927884615384615 0.04927884615384615
0 0.35697115384615385 0.5024038461538461 0.04927884615384615 0.04927884615384615
0 0.36658653846153844 0.46875 0.04927884615384615 0.04927884615384615
0 0.6490384615384616 0.4987980769230769 0.04927884615384615 0.04927884615384615
0 0.7824519230769231 0.48197115384615385 0.04927884615384615 0.04927884615384615
0 0.7704326923076923 0.37740384615384615 0.04927884615384615 0.04927884615384615
0 0.7524038461538461 0.4014423076923077 0.04927884615384615 0.04927884615384615
0 0.9110576923076923 0.4050480769230769 0.04927884615384615 0.04927884615384615
0 0.9459134615384616 0.3485576923076923 0.04927884615384615 0.04927884615384615
0 0.9795673076923077 0.3016826923076923 0.040865384615384616 0.04927884615384615
0 0.8052884615384616 0.5048076923076923 0.04927884615384615 0.04927884615384615
0 0.7608173076923077 0.5637019230769231 0.04927884615384615 0.04927884615384615
0 0.8485576923076923 0.6141826923076923 0.04927884615384615 0.04927884615384615
0 0.8016826923076923 0.6141826923076923 0.04927884615384615 0.04927884615384615
0 0.8449519230769231 0.5829326923076923 0.04927884615384615 0.04927884615384615
0 0.7427884615384616 0.6274038461538461 0.04927884615384615 0.04927884615384615
0 0.6790865384615384 0.6610576923076923 0.04927884615384615 0.04927884615384615
0 0.8052884615384616 0.6454326923076923 0.04927884615384615 0.04927884615384615
0 0.8882211538461539 0.5372596153846154 0.04927884615384615 0.04927884615384615
0 0.8966346153846154 0.5120192307692307 0.04927884615384615 0.04927884615384615
0 0.9242788461538461 0.49759615384615385 0.04927884615384615 0.04927884615384615
0 0.9314903846153846 0.47596153846153844 0.04927884615384615 0.04927884615384615
0 0.9507211538461539 0.46274038461538464 0.04927884615384615 0.04927884615384615