0 0.421875 0.3329326923076923 0.06850961538461539 0.03245192307692308
0 0.5168269230769231 0.3786057692307692 0.06850961538461539 0.03245192307692308
0 0.5637019230769231 0.4170673076923077 0.06850961538461539 0.03245192307692308
0 0.5721153846153846 0.4375 0.06850961538461539 0.03245192307692308
0 0.5877403846153846 0.4579326923076923 0.06850961538461539 0.03245192307692308
0 0.49399038461538464 0.4423076923076923 0.06850961538461539 0.03245192307692308
0 0.5829326923076923 0.5012019230769231 0.06850961538461539 0.03245192307692308
0 0.6322115384615384 0.5673076923076923 0.06850961538461539 0.03245192307692308
0 0.6358173076923077 0.5973557692307693 0.06850961538461539 0.03245192307692308
0 0.6346153846153846 0.6442307692307693 0.06850961538461539 0.03245192307692308
0 0.6069711538461539 0.7271634615384616 0.06850961538461539 0.03245192307692308
0 0.5637019230769231 0.8125 0.06850961538461539 0.03245192307692308
0 0.5661057692307693 0.9170673076923077 0.06850961538461539 0.03245192307692308
0 0.6430288461538461 0.8966346153846154 0.06850961538461539 0.03245192307692308