0 0.11057692307692307 0.3473557692307692 0.04927884615384615 0.1045673076923077
0 0.08052884615384616 0.3557692307692308 0.04927884615384615 0.1045673076923077
0 0.15745192307692307 0.4170673076923077 0.04927884615384615 0.1045673076923077
0 0.20432692307692307 0.6057692307692307 0.04927884615384615 0.1045673076923077
0 0.24519230769230768 0.6358173076923077 0.04927884615384615 0.1045673076923077
0 0.2608173076923077 0.6189903846153846 0.04927884615384615 0.1045673076923077
0 0.31971153846153844 0.5901442307692307 0.04927884615384615 0.1045673076923077
0 0.36778846153846156 0.4483173076923077 0.04927884615384615 0.1045673076923077
0 0.37740384615384615 0.5060096153846154 0.04927884615384615 0.1045673076923077
0 0.3641826923076923 0.5817307692307693 0.04927884615384615 0.1045673076923077
0 0.40384615384615385 0.5997596153846154 0.04927884615384615 0.1045673076923077
0 0.3016826923076923 0.4891826923076923 0.04927884615384615 0.1045673076923077
0 0.4795673076923077 0.6394230769230769 0.04927884615384615 0.1045673076923077
0 0.4579326923076923 0.6442307692307693 0.04927884615384615 0.1045673076923077
0 0.5793269230769231 0.6899038461538461 0.04927884615384615 0.1045673076923077
0 0.6225961538461539 0.6814903846153846 0.04927884615384615 0.1045673076923077
0 0.5072115384615384 0.5396634615384616 0.04927884615384615 0.1045673076923077
0 0.5360576923076923 0.7151442307692307 0.04927884615384615 0.1045673076923077
0 0.19471153846153846 0.4206730769230769 0.04927884615384615 0.1045673076923077
0 0.06490384615384616 0.46634615384615385 0.04927884615384615 0.1045673076923077
0 0.027644230769230768 0.47115384615384615 0.04927884615384615 0.1045673076923077