0 0.7992788461538461 0.18028846153846154 0.04927884615384615 0.04927884615384615
0 0.7379807692307693 0.2764423076923077 0.04927884615384615 0.04927884615384615
0 0.6802884615384616 0.21995192307692307 0.04927884615384615 0.04927884615384615
0 0.6790865384615384 0.25841346153846156 0.04927884615384615 0.04927884615384615
0 0.6442307692307693 0.30528846153846156 0.04927884615384615 0.04927884615384615
0 0.625 0.3449519230769231 0.04927884615384615 0.04927884615384615
0 0.5925480769230769 0.36778846153846156 0.04927884615384615 0.04927884615384615
0 0.5841346153846154 0.4026442307692308 0.04927884615384615 0.04927884615384615
0 0.6117788461538461 0.4362980769230769 0.04927884615384615 0.04927884615384615
0 0.5012019230769231 0.47596153846153844 0.04927884615384615 0.04927884615384615
0 0.5240384615384616 0.5 0.04927884615384615 0.04927884615384615
0 0.46634615384615385 0.5132211538461539 0.04927884615384615 0.04927884615384615
0 0.4567307692307692 0.5504807692307693 0.04927884615384615 0.04927884615384615
0 0.5180288461538461 0.6045673076923077 0.04927884615384615 0.04927884615384615
0 0.5228365384615384 0.5709134615384616 0.04927884615384615 0.04927884615384615
0 0.4963942307692308 0.5829326923076923 0.04927884615384615 0.04927884615384615
0 0.4266826923076923 0.59375 0.04927884615384615 0.04927884615384615
0 0.4182692307692308 0.6286057692307693 0.04927884615384615 0.04927884615384615
0 0.36899038461538464 0.6911057692307693 0.04927884615384615 0.04927884615384615
0 0.32211538461538464 0.7067307692307693 0.04927884615384615 0.04927884615384615
0 0.4651442307692308 0.7307692307692307 0.04927884615384615 0.04927884615384615
0 0.5588942307692307 0.5216346153846154 0.04927884615384615 0.04927884615384615
0 0.13822115384615385 0.125 0.04927884615384615 0.04927884615384615
0 0.21634615384615385 0.08774038461538461 0.04927884615384615 0.04927884615384615
0 0.26322115384615385 0.06850961538461539 0.04927884615384615 0.04927884615384615
0 0.3245192307692308 0.06610576923076923 0.04927884615384615 0.04927884615384615
0 0.5072115384615384 0.055288461538461536 0.04927884615384615 0.04927884615384615
0 0.5504807692307693 0.06971153846153846 0.04927884615384615 0.04927884615384615
0 0.6430288461538461 0.06009615384615385 0.04927884615384615 0.04927884615384615
0 0.8088942307692307 0.06971153846153846 0.04927884615384615 0.04927884615384615
0 0.8461538461538461 0.1622596153846154 0.04927884615384615 0.04927884615384615