0 0.29927884615384615 0.12740384615384615 0.04326923076923077 0.04326923076923077
0 0.2824519230769231 0.203125 0.04326923076923077 0.04326923076923077
0 0.31009615384615385 0.21514423076923078 0.04326923076923077 0.04326923076923077
0 0.34975961538461536 0.2692307692307692 0.04326923076923077 0.04326923076923077
0 0.4543269230769231 0.23317307692307693 0.04326923076923077 0.04326923076923077
0 0.45552884615384615 0.25961538461538464 0.04326923076923077 0.04326923076923077
0 0.49759615384615385 0.26802884615384615 0.04326923076923077 0.04326923076923077
0 0.39783653846153844 0.3329326923076923 0.04326923076923077 0.04326923076923077
0 0.47596153846153844 0.3786057692307692 0.04326923076923077 0.04326923076923077
0 0.5348557692307693 0.4098557692307692 0.04326923076923077 0.04326923076923077
0 0.4987980769230769 0.453125 0.04326923076923077 0.04326923076923077
0 0.5216346153846154 0.44591346153846156 0.04326923076923077 0.04326923076923077
0 0.5697115384615384 0.4831730769230769 0.04326923076923077 0.04326923076923077
0 0.59375 0.5036057692307693 0.04326923076923077 0.04326923076923077
0 0.6586538461538461 0.4338942307692308 0.04326923076923077 0.04326923076923077
0 0.5889423076923077 0.41225961538461536 0.04326923076923077 0.04326923076923077
0 0.6682692307692307 0.578125 0.04326923076923077 0.04326923076923077
0 0.6802884615384616 0.6117788461538461 0.04326923076923077 0.04326923076923077
0 0.7307692307692307 0.5516826923076923 0.04326923076923077 0.04326923076923077
0 0.7740384615384616 0.6754807692307693 0.04326923076923077 0.04326923076923077
0 0.7896634615384616 0.6081730769230769 0.04326923076923077 0.04326923076923077
0 0.7391826923076923 0.6129807692307693 0.04326923076923077 0.04326923076923077
0 0.7319711538461539 0.6550480769230769 0.04326923076923077 0.04326923076923077
0 0.9206730769230769 0.6598557692307693 0.04326923076923077 0.04326923076923077
0 0.9242788461538461 0.6911057692307693 0.04326923076923077 0.04326923076923077
0 0.8858173076923077 0.7536057692307693 0.04326923076923077 0.04326923076923077
0 0.9579326923076923 0.7668269230769231 0.04326923076923077 0.04326923076923077
0 0.9122596153846154 0.7884615384615384 0.04326923076923077 0.04326923076923077
0 0.9362980769230769 0.8197115384615384 0.04326923076923077 0.04326923076923077
0 0.8533653846153846 0.7199519230769231 0.04326923076923077 0.04326923076923077
0 0.13822115384615385 0.2536057692307692 0.04326923076923077 0.04326923076923077
0 0.171875 0.4483173076923077 0.04326923076923077 0.04326923076923077
0 0.15504807692307693 0.46875 0.04326923076923077 0.04326923076923077
0 0.18269230769230768 0.484375 0.04326923076923077 0.04326923076923077
0 0.15384615384615385 0.6538461538461539 0.04326923076923077 0.04326923076923077
0 0.2668269230769231 0.65625 0.04326923076923077 0.04326923076923077
0 0.25721153846153844 0.6995192307692307 0.04326923076923077 0.04326923076923077
0 0.18870192307692307 0.7211538461538461 0.04326923076923077 0.04326923076923077
0 0.2091346153846154 0.7584134615384616 0.04326923076923077 0.04326923076923077
0 0.296875 0.7223557692307693 0.04326923076923077 0.04326923076923077
0 0.3245192307692308 0.796875 0.04326923076923077 0.04326923076923077
0 0.21514423076923078 0.7980769230769231 0.04326923076923077 0.04326923076923077
0 0.34615384615384615 0.8461538461538461 0.04326923076923077 0.04326923076923077
0 0.3786057692307692 0.9098557692307693 0.04326923076923077 0.04326923076923077
0 0.41466346153846156 0.9447115384615384 0.04326923076923077 0.04326923076923077
0 0.49038461538461536 0.9723557692307693 0.04326923076923077 0.04326923076923077
0 0.5372596153846154 0.9615384615384616 0.04326923076923077 0.04326923076923077
0 0.28725961538461536 0.8786057692307693 0.04326923076923077 0.04326923076923077
0 0.25240384615384615 0.8485576923076923 0.04326923076923077 0.04326923076923077