0 0.3173076923076923 0.11778846153846154 0.04927884615384615 0.04927884615384615
0 0.33774038461538464 0.1875 0.04927884615384615 0.04927884615384615
0 0.37259615384615385 0.22235576923076922 0.04927884615384615 0.04927884615384615
0 0.43149038461538464 0.21514423076923078 0.04927884615384615 0.04927884615384615
0 0.4254807692307692 0.24759615384615385 0.04927884615384615 0.04927884615384615
0 0.46153846153846156 0.28846153846153844 0.04927884615384615 0.04927884615384615
0 0.41947115384615385 0.3245192307692308 0.04927884615384615 0.04927884615384615
0 0.46033653846153844 0.39903846153846156 0.04927884615384615 0.04927884615384615
0 0.48197115384615385 0.42427884615384615 0.04927884615384615 0.04927884615384615
0 0.5180288461538461 0.4423076923076923 0.04927884615384615 0.04927884615384615
0 0.5673076923076923 0.42788461538461536 0.04927884615384615 0.04927884615384615
0 0.7199519230769231 0.46153846153846156 0.04927884615384615 0.04927884615384615
0 0.6442307692307693 0.4987980769230769 0.04927884615384615 0.04927884615384615
0 0.8569711538461539 0.5745192307692307 0.04927884615384615 0.04927884615384615
0 0.8389423076923077 0.4855769230769231 0.04927884615384615 0.04927884615384615
0 0.9423076923076923 0.5516826923076923 0.04927884615384615 0.04927884615384615
0 0.8774038461538461 0.5108173076923077 0.04927884615384615 0.04927884615384615
0 0.8293269230769231 0.5588942307692307 0.04927884615384615 0.04927884615384615
0 0.7584134615384616 0.5360576923076923 0.04927884615384615 0.04927884615384615
0 0.38461538461538464 0.35216346153846156 0.04927884615384615 0.04927884615384615
0 0.4411057692307692 0.35096153846153844 0.04927884615384615 0.04927884615384615
0 0.37740384615384615 0.4254807692307692 0.04927884615384615 0.04927884615384615
0 0.4338942307692308 0.40865384615384615 0.04927884615384615 0.04927884615384615
0 0.390625 0.47115384615384615 0.04927884615384615 0.04927884615384615
0 0.43028846153846156 0.46274038461538464 0.04927884615384615 0.04927884615384615
0 0.43509615384615385 0.5084134615384616 0.04927884615384615 0.04927884615384615
0 0.41947115384615385 0.5588942307692307 0.04927884615384615 0.04927884615384615
0 0.3581730769230769 0.5709134615384616 0.04927884615384615 0.04927884615384615
0 0.37259615384615385 0.6057692307692307 0.04927884615384615 0.04927884615384615
0 0.41346153846153844 0.6322115384615384 0.04927884615384615 0.04927884615384615
0 0.33774038461538464 0.6646634615384616 0.04927884615384615 0.04927884615384615
0 0.3858173076923077 0.7992788461538461 0.04927884615384615 0.04927884615384615
0 0.31009615384615385 0.8329326923076923 0.04927884615384615 0.04927884615384615
0 0.59375 0.5372596153846154 0.04927884615384615 0.04927884615384615
0 0.34134615384615385 0.734375 0.04927884615384615 0.04927884615384615
0 0.40865384615384615 0.1310096153846154 0.04927884615384615 0.04927884615384615