0 0.5528846153846154 0.5877403846153846 0.04927884615384615 0.08052884615384616
0 0.5540865384615384 0.5060096153846154 0.04927884615384615 0.08052884615384616
0 0.5120192307692307 0.6105769230769231 0.04927884615384615 0.08052884615384616
0 0.48677884615384615 0.5048076923076923 0.04927884615384615 0.08052884615384616
0 0.4579326923076923 0.5480769230769231 0.04927884615384615 0.08052884615384616
0 0.4362980769230769 0.5444711538461539 0.04927884615384615 0.08052884615384616
0 0.4230769230769231 0.5036057692307693 0.04927884615384615 0.08052884615384616
0 0.37259615384615385 0.5228365384615384 0.04927884615384615 0.08052884615384616
0 0.3545673076923077 0.44591346153846156 0.04927884615384615 0.08052884615384616
0 0.3425480769230769 0.39783653846153844 0.04927884615384615 0.08052884615384616
0 0.34134615384615385 0.5060096153846154 0.04927884615384615 0.08052884615384616
0 0.2668269230769231 0.48677884615384615 0.04927884615384615 0.08052884615384616
0 0.2692307692307692 0.4362980769230769 0.04927884615384615 0.08052884615384616
0 0.23677884615384615 0.5324519230769231 0.04927884615384615 0.08052884615384616
0 0.21514423076923078 0.5516826923076923 0.04927884615384615 0.08052884615384616
0 0.17908653846153846 0.5192307692307693 0.04927884615384615 0.08052884615384616
0 0.13581730769230768 0.38461538461538464 0.04927884615384615 0.08052884615384616
0 0.04927884615384615 0.3449519230769231 0.04927884615384615 0.08052884615384616
0 0.078125 0.33052884615384615 0.04927884615384615 0.08052884615384616
0 0.1658653846153846 0.375 0.04927884615384615 0.08052884615384616
0 0.2247596153846154 0.4387019230769231 0.04927884615384615 0.08052884615384616