0 0.32572115384615385 0.9146634615384616 0.04326923076923077 0.04326923076923077
0 0.3088942307692308 0.8401442307692307 0.04326923076923077 0.04326923076923077
0 0.3629807692307692 0.8677884615384616 0.04326923076923077 0.04326923076923077
0 0.4074519230769231 0.7992788461538461 0.04326923076923077 0.04326923076923077
0 0.4326923076923077 0.7668269230769231 0.04326923076923077 0.04326923076923077
0 0.3737980769230769 0.7163461538461539 0.04326923076923077 0.04326923076923077
0 0.41466346153846156 0.7115384615384616 0.04326923076923077 0.04326923076923077
0 0.4230769230769231 0.6670673076923077 0.04326923076923077 0.04326923076923077
0 0.36778846153846156 0.6490384615384616 0.04326923076923077 0.04326923076923077
0 0.38461538461538464 0.6129807692307693 0.04326923076923077 0.04326923076923077
0 0.46153846153846156 0.6141826923076923 0.04326923076923077 0.04326923076923077
0 0.46153846153846156 0.5625 0.04326923076923077 0.04326923076923077
0 0.4375 0.4879807692307692 0.04326923076923077 0.04326923076923077
0 0.5 0.49278846153846156 0.04326923076923077 0.04326923076923077
0 0.4543269230769231 0.4266826923076923 0.04326923076923077 0.04326923076923077
0 0.546875 0.4375 0.04326923076923077 0.04326923076923077
0 0.40384615384615385 0.5120192307692307 0.04326923076923077 0.04326923076923077
0 0.41586538461538464 0.4723557692307692 0.04326923076923077 0.04326923076923077
0 0.47475961538461536 0.36778846153846156 0.04326923076923077 0.04326923076923077
0 0.49278846153846156 0.31971153846153844 0.04326923076923077 0.04326923076923077
0 0.5372596153846154 0.37740384615384615 0.04326923076923077 0.04326923076923077
0 0.5697115384615384 0.3557692307692308 0.04326923076923077 0.04326923076923077
0 0.5552884615384616 0.2824519230769231 0.04326923076923077 0.04326923076923077
0 0.5132211538461539 0.27163461538461536 0.04326923076923077 0.04326923076923077
0 0.5372596153846154 0.23677884615384615 0.04326923076923077 0.04326923076923077
0 0.5913461538461539 0.24519230769230768 0.04326923076923077 0.04326923076923077
0 0.5649038461538461 0.18028846153846154 0.04326923076923077 0.04326923076923077
0 0.6105769230769231 0.19951923076923078 0.04326923076923077 0.04326923076923077
0 0.5600961538461539 0.14543269230769232 0.04326923076923077 0.04326923076923077
0 0.6298076923076923 0.13221153846153846 0.04326923076923077 0.04326923076923077