0 0.4074519230769231 0.9807692307692307 0.04326923076923077 0.038461538461538464
0 0.4326923076923077 0.9555288461538461 0.04326923076923077 0.04326923076923077
0 0.3798076923076923 0.9134615384615384 0.04326923076923077 0.04326923076923077
0 0.4230769230769231 0.8413461538461539 0.04326923076923077 0.04326923076923077
0 0.48197115384615385 0.8425480769230769 0.04326923076923077 0.04326923076923077
0 0.4987980769230769 0.7512019230769231 0.04326923076923077 0.04326923076923077
0 0.5264423076923077 0.7740384615384616 0.04326923076923077 0.04326923076923077
0 0.4483173076923077 0.7319711538461539 0.04326923076923077 0.04326923076923077
0 0.5600961538461539 0.6790865384615384 0.04326923076923077 0.04326923076923077
0 0.5709134615384616 0.6923076923076923 0.04326923076923077 0.04326923076923077
0 0.5925480769230769 0.6694711538461539 0.04326923076923077 0.04326923076923077
0 0.5288461538461539 0.6177884615384616 0.04326923076923077 0.04326923076923077
0 0.5769230769230769 0.5516826923076923 0.04326923076923077 0.04326923076923077
0 0.6141826923076923 0.5276442307692307 0.04326923076923077 0.04326923076923077
0 0.5492788461538461 0.5144230769230769 0.04326923076923077 0.04326923076923077
0 0.6538461538461539 0.45072115384615385 0.04326923076923077 0.04326923076923077
0 0.6105769230769231 0.3918269230769231 0.04326923076923077 0.04326923076923077
0 0.5552884615384616 0.47716346153846156 0.04326923076923077 0.04326923076923077
0 0.6862980769230769 0.33653846153846156 0.04326923076923077 0.04326923076923077
0 0.7764423076923077 0.20673076923076922 0.04326923076923077 0.04326923076923077
0 0.7956730769230769 0.19591346153846154 0.04326923076923077 0.04326923076923077
0 0.3269230769230769 0.9254807692307693 0.04326923076923077 0.04326923076923077
0 0.28966346153846156 0.8449519230769231 0.04326923076923077 0.04326923076923077
0 0.2980769230769231 0.8016826923076923 0.04326923076923077 0.04326923076923077
0 0.3581730769230769 0.8221153846153846 0.04326923076923077 0.04326923076923077
0 0.35697115384615385 0.7331730769230769 0.04326923076923077 0.04326923076923077
0 0.2824519230769231 0.7319711538461539 0.04326923076923077 0.04326923076923077
0 0.3016826923076923 0.6802884615384616 0.04326923076923077 0.04326923076923077
0 0.3641826923076923 0.6069711538461539 0.04326923076923077 0.04326923076923077
0 0.3485576923076923 0.6334134615384616 0.04326923076923077 0.04326923076923077
0 0.3137019230769231 0.6105769230769231 0.04326923076923077 0.04326923076923077
0 0.31009615384615385 0.5564903846153846 0.04326923076923077 0.04326923076923077
0 0.3329326923076923 0.5012019230769231 0.04326923076923077 0.04326923076923077
0 0.3641826923076923 0.44471153846153844 0.04326923076923077 0.04326923076923077
0 0.4362980769230769 0.4855769230769231 0.04326923076923077 0.04326923076923077
0 0.3173076923076923 0.4387019230769231 0.04326923076923077 0.04326923076923077
0 0.41466346153846156 0.4230769230769231 0.04326923076923077 0.04326923076923077
0 0.3954326923076923 0.3641826923076923 0.04326923076923077 0.04326923076923077
0 0.5709134615384616 0.35697115384615385 0.04326923076923077 0.04326923076923077
0 0.5420673076923077 0.3293269230769231 0.04326923076923077 0.04326923076923077
0 0.4483173076923077 0.3485576923076923 0.04326923076923077 0.04326923076923077
0 0.4675480769230769 0.28966346153846156 0.04326923076923077 0.04326923076923077
0 0.5048076923076923 0.27884615384615385 0.04326923076923077 0.04326923076923077
0 0.5204326923076923 0.2512019230769231 0.04326923076923077 0.04326923076923077
0 0.6418269230769231 0.25240384615384615 0.04326923076923077 0.04326923076923077
0 0.6826923076923077 0.09615384615384616 0.04326923076923077 0.04326923076923077
0 0.7271634615384616 0.09134615384615384 0.04326923076923077 0.04326923076923077
0 0.2848557692307692 0.8882211538461539 0.04326923076923077 0.04326923076923077
0 0.31009615384615385 0.8882211538461539 0.04326923076923077 0.04326923076923077