0 0.2800480769230769 0.6670673076923077 0.04927884615384615 0.04927884615384615
0 0.33533653846153844 0.7235576923076923 0.04927884615384615 0.04927884615384615
0 0.3954326923076923 0.7355769230769231 0.04927884615384615 0.04927884615384615
0 0.37740384615384615 0.6923076923076923 0.04927884615384615 0.04927884615384615
0 0.40384615384615385 0.6766826923076923 0.04927884615384615 0.04927884615384615
0 0.37740384615384615 0.6105769230769231 0.04927884615384615 0.04927884615384615
0 0.36778846153846156 0.5612980769230769 0.04927884615384615 0.04927884615384615
0 0.3425480769230769 0.5492788461538461 0.04927884615384615 0.04927884615384615
0 0.2764423076923077 0.5961538461538461 0.04927884615384615 0.04927884615384615
0 0.26322115384615385 0.5516826923076923 0.04927884615384615 0.04927884615384615
0 0.22115384615384615 0.5180288461538461 0.04927884615384615 0.04927884615384615
0 0.3088942307692308 0.49759615384615385 0.04927884615384615 0.04927884615384615
0 0.31009615384615385 0.46033653846153844 0.04927884615384615 0.04927884615384615
0 0.3173076923076923 0.42788461538461536 0.04927884615384615 0.04927884615384615
0 0.3233173076923077 0.3954326923076923 0.04927884615384615 0.04927884615384615
0 0.3269230769230769 0.31971153846153844 0.04927884615384615 0.04927884615384615
0 0.2548076923076923 0.35216346153846156 0.04927884615384615 0.04927884615384615
0 0.22716346153846154 0.33413461538461536 0.04927884615384615 0.04927884615384615
0 0.24879807692307693 0.2644230769230769 0.04927884615384615 0.04927884615384615
0 0.26802884615384615 0.21033653846153846 0.04927884615384615 0.04927884615384615
0 0.43990384615384615 0.7163461538461539 0.04927884615384615 0.04927884615384615
0 0.48677884615384615 0.6983173076923077 0.04927884615384615 0.04927884615384615
0 0.5396634615384616 0.6514423076923077 0.04927884615384615 0.04927884615384615
0 0.5600961538461539 0.7127403846153846 0.04927884615384615 0.04927884615384615
0 0.5961538461538461 0.6742788461538461 0.04927884615384615 0.04927884615384615
0 0.6586538461538461 0.5697115384615384 0.04927884615384615 0.04927884615384615
0 0.6706730769230769 0.5384615384615384 0.04927884615384615 0.04927884615384615
0 0.6862980769230769 0.5600961538461539 0.04927884615384615 0.04927884615384615
0 0.7199519230769231 0.5456730769230769 0.04927884615384615 0.04927884615384615
0 0.6947115384615384 0.5913461538461539 0.04927884615384615 0.04927884615384615
0 0.7896634615384616 0.5540865384615384 0.04927884615384615 0.04927884615384615
0 0.7548076923076923 0.5733173076923077 0.04927884615384615 0.04927884615384615
0 0.7572115384615384 0.5024038461538461 0.04927884615384615 0.04927884615384615
0 0.7956730769230769 0.42427884615384615 0.04927884615384615 0.04927884615384615
0 0.8545673076923077 0.5336538461538461 0.04927884615384615 0.04927884615384615
0 0.8605769230769231 0.390625 0.04927884615384615 0.04927884615384615
0 0.8569711538461539 0.47596153846153844 0.04927884615384615 0.04927884615384615
0 0.6117788461538461 0.5961538461538461 0.04927884615384615 0.04927884615384615