0 0.31009615384615385 0.20793269230769232 0.0625 0.07692307692307693
0 0.32572115384615385 0.25841346153846156 0.0625 0.07692307692307693
0 0.3858173076923077 0.29086538461538464 0.0625 0.07692307692307693
0 0.3401442307692308 0.37740384615384615 0.0625 0.07692307692307693
0 0.4182692307692308 0.33413461538461536 0.0625 0.07692307692307693
0 0.45072115384615385 0.3233173076923077 0.0625 0.07692307692307693
0 0.5204326923076923 0.3088942307692308 0.0625 0.07692307692307693
0 0.5276442307692307 0.3701923076923077 0.0625 0.07692307692307693
0 0.46033653846153844 0.4170673076923077 0.0625 0.07692307692307693
0 0.21514423076923078 0.22355769230769232 0.0625 0.07692307692307693
0 0.35336538461538464 0.44471153846153844 0.0625 0.07692307692307693