0 0.057692307692307696 0.26322115384615385 0.04326923076923077 0.04326923076923077
0 0.0889423076923077 0.25721153846153844 0.04326923076923077 0.04326923076923077
0 0.15384615384615385 0.21995192307692307 0.04326923076923077 0.04326923076923077
0 0.13581730769230768 0.24639423076923078 0.04326923076923077 0.04326923076923077
0 0.15504807692307693 0.265625 0.04326923076923077 0.04326923076923077
0 0.28846153846153844 0.23317307692307693 0.04326923076923077 0.04326923076923077
0 0.2956730769230769 0.17067307692307693 0.04326923076923077 0.04326923076923077
0 0.35096153846153844 0.14783653846153846 0.04326923076923077 0.04326923076923077
0 0.39302884615384615 0.2800480769230769 0.04326923076923077 0.04326923076923077
0 0.4326923076923077 0.20192307692307693 0.04326923076923077 0.04326923076923077
0 0.4639423076923077 0.23197115384615385 0.04326923076923077 0.04326923076923077
0 0.48197115384615385 0.2608173076923077 0.04326923076923077 0.04326923076923077
0 0.5180288461538461 0.26322115384615385 0.04326923076923077 0.04326923076923077
0 0.5324519230769231 0.28846153846153844 0.04326923076923077 0.04326923076923077
0 0.5540865384615384 0.31490384615384615 0.04326923076923077 0.04326923076923077
0 0.5769230769230769 0.3389423076923077 0.04326923076923077 0.04326923076923077
0 0.5180288461538461 0.40865384615384615 0.04326923076923077 0.04326923076923077
0 0.5961538461538461 0.48197115384615385 0.04326923076923077 0.04326923076923077
0 0.6117788461538461 0.5072115384615384 0.04326923076923077 0.04326923076923077
0 0.6322115384615384 0.5264423076923077 0.04326923076923077 0.04326923076923077
0 0.6694711538461539 0.5204326923076923 0.04326923076923077 0.04326923076923077
0 0.7331730769230769 0.5288461538461539 0.04326923076923077 0.04326923076923077
0 0.7019230769230769 0.5456730769230769 0.04326923076923077 0.04326923076923077
0 0.7079326923076923 0.5985576923076923 0.04326923076923077 0.04326923076923077
0 0.7884615384615384 0.5769230769230769 0.04326923076923077 0.04326923076923077
0 0.8233173076923077 0.5757211538461539 0.04326923076923077 0.04326923076923077
0 0.7860576923076923 0.6117788461538461 0.04326923076923077 0.04326923076923077
0 0.8858173076923077 0.6947115384615384 0.04326923076923077 0.04326923076923077
0 0.9302884615384616 0.7175480769230769 0.04326923076923077 0.04326923076923077
0 0.9783653846153846 0.7235576923076923 0.04326923076923077 0.04326923076923077
0 0.9447115384615384 0.7451923076923077 0.04326923076923077 0.04326923076923077
0 0.6826923076923077 0.4831730769230769 0.04326923076923077 0.04326923076923077