0 0.8209134615384616 0.9122596153846154 0.04927884615384615 0.11899038461538461
0 0.8076923076923077 0.8413461538461539 0.04927884615384615 0.11899038461538461
0 0.8461538461538461 0.6947115384615384 0.04927884615384615 0.11899038461538461
0 0.6862980769230769 0.6322115384615384 0.04927884615384615 0.11899038461538461
0 0.7139423076923077 0.5901442307692307 0.04927884615384615 0.11899038461538461
0 0.7415865384615384 0.6802884615384616 0.04927884615384615 0.11899038461538461
0 0.7764423076923077 0.5564903846153846 0.04927884615384615 0.11899038461538461
0 0.7800480769230769 0.453125 0.04927884615384615 0.11899038461538461
0 0.7103365384615384 0.38100961538461536 0.04927884615384615 0.11899038461538461
0 0.7115384615384616 0.41947115384615385 0.04927884615384615 0.11899038461538461
0 0.6790865384615384 0.3954326923076923 0.04927884615384615 0.11899038461538461
0 0.6694711538461539 0.21995192307692307 0.04927884615384615 0.11899038461538461
0 0.6165865384615384 0.2920673076923077 0.04927884615384615 0.11899038461538461
0 0.5324519230769231 0.21033653846153846 0.04927884615384615 0.11899038461538461
0 0.5480769230769231 0.42908653846153844 0.04927884615384615 0.11899038461538461
0 0.5612980769230769 0.36778846153846156 0.04927884615384615 0.11899038461538461
0 0.4831730769230769 0.3485576923076923 0.04927884615384615 0.11899038461538461
0 0.49759615384615385 0.20673076923076922 0.04927884615384615 0.11899038461538461
0 0.4362980769230769 0.22956730769230768 0.04927884615384615 0.11899038461538461
0 0.3858173076923077 0.20192307692307693 0.04927884615384615 0.11899038461538461
0 0.38221153846153844 0.3293269230769231 0.04927884615384615 0.11899038461538461
0 0.41947115384615385 0.3605769230769231 0.04927884615384615 0.11899038461538461
0 0.4483173076923077 0.37259615384615385 0.04927884615384615 0.11899038461538461
0 0.3137019230769231 0.1778846153846154 0.04927884615384615 0.11899038461538461
0 0.24759615384615385 0.13942307692307693 0.04927884615384615 0.11899038461538461
0 0.2668269230769231 0.31971153846153844 0.04927884615384615 0.11899038461538461
0 0.23557692307692307 0.2824519230769231 0.04927884615384615 0.11899038461538461
0 0.2848557692307692 0.1466346153846154 0.04927884615384615 0.11899038461538461