0 0.6442307692307693 0.07572115384615384 0.04927884615384615 0.04927884615384615
0 0.6213942307692307 0.12860576923076922 0.04927884615384615 0.04927884615384615
0 0.609375 0.15985576923076922 0.04927884615384615 0.04927884615384615
0 0.5733173076923077 0.1141826923076923 0.04927884615384615 0.04927884615384615
0 0.5276442307692307 0.14423076923076922 0.04927884615384615 0.04927884615384615
0 0.5697115384615384 0.22235576923076922 0.04927884615384615 0.04927884615384615
0 0.4891826923076923 0.21153846153846154 0.04927884615384615 0.04927884615384615
0 0.5300480769230769 0.25721153846153844 0.04927884615384615 0.04927884615384615
0 0.47475961538461536 0.27403846153846156 0.04927884615384615 0.04927884615384615
0 0.4423076923076923 0.3125 0.04927884615384615 0.04927884615384615
0 0.40865384615384615 0.3786057692307692 0.04927884615384615 0.04927884615384615
0 0.3918269230769231 0.4074519230769231 0.04927884615384615 0.04927884615384615
0 0.4182692307692308 0.40865384615384615 0.04927884615384615 0.04927884615384615
0 0.47115384615384615 0.4375 0.04927884615384615 0.04927884615384615
0 0.46153846153846156 0.49278846153846156 0.04927884615384615 0.04927884615384615
0 0.37259615384615385 0.5384615384615384 0.04927884615384615 0.04927884615384615
0 0.36538461538461536 0.609375 0.04927884615384615 0.04927884615384615
0 0.36778846153846156 0.6454326923076923 0.04927884615384615 0.04927884615384615
0 0.34615384615384615 0.6370192307692307 0.04927884615384615 0.04927884615384615
0 0.32572115384615385 0.7536057692307693 0.04927884615384615 0.04927884615384615
0 0.4098557692307692 0.7379807692307693 0.04927884615384615 0.04927884615384615
0 0.39302884615384615 0.8004807692307693 0.04927884615384615 0.04927884615384615
0 0.34134615384615385 0.8665865384615384 0.04927884615384615 0.04927884615384615
0 0.43509615384615385 0.9447115384615384 0.04927884615384615 0.04927884615384615