0 0.7163461538461539 0.35096153846153844 0.04326923076923077 0.04326923076923077
0 0.6141826923076923 0.390625 0.04326923076923077 0.04326923076923077
0 0.6802884615384616 0.3557692307692308 0.04326923076923077 0.04326923076923077
0 0.6165865384615384 0.3161057692307692 0.04326923076923077 0.04326923076923077
0 0.5072115384615384 0.19951923076923078 0.04326923076923077 0.04326923076923077
0 0.36778846153846156 0.234375 0.04326923076923077 0.04326923076923077
0 0.37740384615384615 0.2776442307692308 0.04326923076923077 0.04326923076923077
0 0.4026442307692308 0.18028846153846154 0.04326923076923077 0.04326923076923077
0 0.4567307692307692 0.20552884615384615 0.04326923076923077 0.04326923076923077
0 0.3449519230769231 0.125 0.04326923076923077 0.04326923076923077
0 0.2704326923076923 0.1310096153846154 0.04326923076923077 0.04326923076923077
0 0.46033653846153844 0.2620192307692308 0.04326923076923077 0.04326923076923077
0 0.47836538461538464 0.7379807692307693 0.04326923076923077 0.04326923076923077
0 0.4182692307692308 0.7247596153846154 0.04326923076923077 0.04326923076923077
0 0.3641826923076923 0.7475961538461539 0.04326923076923077 0.04326923076923077
0 0.39302884615384615 0.7572115384615384 0.04326923076923077 0.04326923076923077
0 0.4170673076923077 0.7512019230769231 0.04326923076923077 0.04326923076923077
0 0.2932692307692308 0.8425480769230769 0.04326923076923077 0.04326923076923077
0 0.31971153846153844 0.8052884615384616 0.04326923076923077 0.04326923076923077
0 0.26322115384615385 0.78125 0.04326923076923077 0.04326923076923077
0 0.21394230769230768 0.796875 0.04326923076923077 0.04326923076923077
0 0.22355769230769232 0.875 0.04326923076923077 0.04326923076923077
0 0.29086538461538464 0.7584134615384616 0.04326923076923077 0.04326923076923077
0 0.1346153846153846 0.9278846153846154 0.04326923076923077 0.04326923076923077
0 0.16947115384615385 0.8317307692307693 0.04326923076923077 0.04326923076923077
0 0.4375 0.6213942307692307 0.04326923076923077 0.04326923076923077
0 0.35697115384615385 0.6538461538461539 0.04326923076923077 0.04326923076923077
0 0.38341346153846156 0.6262019230769231 0.04326923076923077 0.04326923076923077
0 0.3918269230769231 0.6033653846153846 0.04326923076923077 0.04326923076923077
0 0.33653846153846156 0.6213942307692307 0.04326923076923077 0.04326923076923077