0 0.796875 0.9375 0.04927884615384615 0.12379807692307693
0 0.7824519230769231 0.8605769230769231 0.04927884615384615 0.12379807692307693
0 0.8233173076923077 0.7115384615384616 0.04927884615384615 0.12379807692307693
0 0.7475961538461539 0.5745192307692307 0.04927884615384615 0.12379807692307693
0 0.7560096153846154 0.46274038461538464 0.04927884615384615 0.12379807692307693
0 0.7283653846153846 0.6322115384615384 0.04927884615384615 0.12379807692307693
0 0.7115384615384616 0.7091346153846154 0.04927884615384615 0.12379807692307693
0 0.6899038461538461 0.5997596153846154 0.04927884615384615 0.12379807692307693
0 0.6670673076923077 0.6466346153846154 0.04927884615384615 0.12379807692307693
0 0.6887019230769231 0.4423076923076923 0.04927884615384615 0.12379807692307693
0 0.6850961538461539 0.37259615384615385 0.04927884615384615 0.12379807692307693
0 0.6490384615384616 0.39783653846153844 0.04927884615384615 0.12379807692307693
0 0.6382211538461539 0.234375 0.04927884615384615 0.12379807692307693
0 0.5901442307692307 0.2956730769230769 0.04927884615384615 0.12379807692307693
0 0.5192307692307693 0.43509615384615385 0.04927884615384615 0.12379807692307693
0 0.5012019230769231 0.21153846153846154 0.04927884615384615 0.12379807692307693
0 0.4699519230769231 0.21153846153846154 0.04927884615384615 0.12379807692307693
0 0.4579326923076923 0.35096153846153844 0.04927884615384615 0.12379807692307693
0 0.4110576923076923 0.22115384615384615 0.04927884615384615 0.12379807692307693
0 0.3954326923076923 0.3605769230769231 0.04927884615384615 0.12379807692307693
0 0.4230769230769231 0.36538461538461536 0.04927884615384615 0.12379807692307693
0 0.35697115384615385 0.32091346153846156 0.04927884615384615 0.12379807692307693
0 0.3605769230769231 0.20192307692307693 0.04927884615384615 0.12379807692307693
0 0.2932692307692308 0.18389423076923078 0.04927884615384615 0.12379807692307693
0 0.21634615384615385 0.12139423076923077 0.04927884615384615 0.12379807692307693
0 0.23557692307692307 0.3112980769230769 0.04927884615384615 0.12379807692307693
0 0.1814903846153846 0.15144230769230768 0.04927884615384615 0.12379807692307693