0 0.9110576923076923 0.4375 0.04927884615384615 0.04927884615384615
0 0.8774038461538461 0.49158653846153844 0.04927884615384615 0.04927884615384615
0 0.8173076923076923 0.5072115384615384 0.04927884615384615 0.04927884615384615
0 0.78125 0.5 0.04927884615384615 0.04927884615384615
0 0.7524038461538461 0.4411057692307692 0.04927884615384615 0.04927884615384615
0 0.7235576923076923 0.45072115384615385 0.04927884615384615 0.04927884615384615
0 0.6634615384615384 0.546875 0.04927884615384615 0.04927884615384615
0 0.6586538461538461 0.49278846153846156 0.04927884615384615 0.04927884615384615
0 0.6971153846153846 0.5360576923076923 0.04927884615384615 0.04927884615384615
0 0.6177884615384616 0.4675480769230769 0.04927884615384615 0.04927884615384615
0 0.5985576923076923 0.49038461538461536 0.04927884615384615 0.04927884615384615
0 0.5709134615384616 0.4795673076923077 0.04927884615384615 0.04927884615384615
0 0.6286057692307693 0.5637019230769231 0.04927884615384615 0.04927884615384615
0 0.6117788461538461 0.5588942307692307 0.04927884615384615 0.04927884615384615
0 0.5697115384615384 0.5745192307692307 0.04927884615384615 0.04927884615384615
0 0.5108173076923077 0.5240384615384616 0.04927884615384615 0.04927884615384615
0 0.4951923076923077 0.49278846153846156 0.04927884615384615 0.04927884615384615
0 0.4891826923076923 0.5805288461538461 0.04927884615384615 0.04927884615384615
0 0.45552884615384615 0.5829326923076923 0.04927884615384615 0.04927884615384615
0 0.421875 0.5372596153846154 0.04927884615384615 0.04927884615384615
0 0.38822115384615385 0.5480769230769231 0.04927884615384615 0.04927884615384615
0 0.3605769230769231 0.5444711538461539 0.04927884615384615 0.04927884615384615
0 0.30649038461538464 0.5889423076923077 0.04927884615384615 0.04927884615384615
0 0.28125 0.5745192307692307 0.04927884615384615 0.04927884615384615
0 0.3112980769230769 0.5396634615384616 0.04927884615384615 0.04927884615384615
0 0.26802884615384615 0.5168269230769231 0.04927884615384615 0.04927884615384615
0 0.22355769230769232 0.5180288461538461 0.04927884615384615 0.04927884615384615
0 0.24158653846153846 0.59375 0.04927884615384615 0.04927884615384615
0 0.1141826923076923 0.5649038461538461 0.04927884615384615 0.04927884615384615
0 0.07451923076923077 0.5552884615384616 0.04927884615384615 0.04927884615384615
0 0.0829326923076923 0.5048076923076923 0.04927884615384615 0.04927884615384615
0 0.17668269230769232 0.5252403846153846 0.04927884615384615 0.04927884615384615
0 0.7247596153846154 0.5408653846153846 0.04927884615384615 0.04927884615384615