0 0.8822115384615384 0.4987980769230769 0.04927884615384615 0.04927884615384615
0 0.9447115384615384 0.5336538461538461 0.04927884615384615 0.04927884615384615
0 0.8485576923076923 0.6322115384615384 0.04927884615384615 0.04927884615384615
0 0.7980769230769231 0.546875 0.04927884615384615 0.04927884615384615
0 0.8257211538461539 0.5444711538461539 0.04927884615384615 0.04927884615384615
0 0.7896634615384616 0.5180288461538461 0.04927884615384615 0.04927884615384615
0 0.8137019230769231 0.6418269230769231 0.04927884615384615 0.04927884615384615
0 0.7752403846153846 0.6598557692307693 0.04927884615384615 0.04927884615384615
0 0.7043269230769231 0.6514423076923077 0.04927884615384615 0.04927884615384615
0 0.6814903846153846 0.546875 0.04927884615384615 0.04927884615384615
0 0.6105769230769231 0.6177884615384616 0.04927884615384615 0.04927884615384615
0 0.6358173076923077 0.5384615384615384 0.04927884615384615 0.04927884615384615
0 0.5997596153846154 0.5444711538461539 0.04927884615384615 0.04927884615384615
0 0.5913461538461539 0.515625 0.04927884615384615 0.04927884615384615
0 0.5384615384615384 0.6129807692307693 0.04927884615384615 0.04927884615384615
0 0.5 0.5949519230769231 0.04927884615384615 0.04927884615384615
0 0.5216346153846154 0.5276442307692307 0.04927884615384615 0.04927884615384615
0 0.4651442307692308 0.5805288461538461 0.04927884615384615 0.04927884615384615
0 0.47115384615384615 0.5240384615384616 0.04927884615384615 0.04927884615384615
0 0.39663461538461536 0.5661057692307693 0.04927884615384615 0.04927884615384615
0 0.3641826923076923 0.5661057692307693 0.04927884615384615 0.04927884615384615
0 0.3545673076923077 0.5084134615384616 0.04927884615384615 0.04927884615384615
0 0.2932692307692308 0.49759615384615385 0.04927884615384615 0.04927884615384615
0 0.32091346153846156 0.5276442307692307 0.04927884615384615 0.04927884615384615
0 0.33413461538461536 0.5973557692307693 0.04927884615384615 0.04927884615384615
0 0.26322115384615385 0.5384615384615384 0.04927884615384615 0.04927884615384615
0 0.2860576923076923 0.6021634615384616 0.04927884615384615 0.04927884615384615
0 0.21514423076923078 0.5204326923076923 0.04927884615384615 0.04927884615384615
0 0.23197115384615385 0.5576923076923077 0.04927884615384615 0.04927884615384615
0 0.20673076923076922 0.609375 0.04927884615384615 0.04927884615384615
0 0.16466346153846154 0.6177884615384616 0.04927884615384615 0.04927884615384615
0 0.12740384615384615 0.6586538461538461 0.04927884615384615 0.04927884615384615
0 0.09975961538461539 0.6598557692307693 0.04927884615384615 0.04927884615384615
0 0.07211538461538461 0.6165865384615384 0.04927884615384615 0.04927884615384615
0 0.13701923076923078 0.5697115384615384 0.04927884615384615 0.04927884615384615
0 0.15865384615384615 0.5673076923076923 0.04927884615384615 0.04927884615384615
0 0.25240384615384615 0.6153846153846154 0.04927884615384615 0.04927884615384615