0 0.07932692307692307 0.6021634615384616 0.04927884615384615 0.04927884615384615
0 0.0733173076923077 0.6538461538461539 0.04927884615384615 0.04927884615384615
0 0.10697115384615384 0.6610576923076923 0.04927884615384615 0.04927884615384615
0 0.22956730769230768 0.6887019230769231 0.04927884615384615 0.04927884615384615
0 0.22115384615384615 0.6177884615384616 0.04927884615384615 0.04927884615384615
0 0.16947115384615385 0.6237980769230769 0.04927884615384615 0.04927884615384615
0 0.14543269230769232 0.6322115384615384 0.04927884615384615 0.04927884615384615
0 0.2668269230769231 0.6165865384615384 0.04927884615384615 0.04927884615384615
0 0.29927884615384615 0.6298076923076923 0.04927884615384615 0.04927884615384615
0 0.2800480769230769 0.671875 0.04927884615384615 0.04927884615384615
0 0.30408653846153844 0.6826923076923077 0.04927884615384615 0.04927884615384615
0 0.35096153846153844 0.6394230769230769 0.04927884615384615 0.04927884615384615
0 0.41346153846153844 0.6382211538461539 0.04927884615384615 0.04927884615384615
0 0.44471153846153844 0.6862980769230769 0.04927884615384615 0.04927884615384615
0 0.48197115384615385 0.6790865384615384 0.04927884615384615 0.04927884615384615
0 0.4891826923076923 0.5961538461538461 0.04927884615384615 0.04927884615384615
0 0.5600961538461539 0.6670673076923077 0.04927884615384615 0.04927884615384615
0 0.5697115384615384 0.5889423076923077 0.04927884615384615 0.04927884615384615
0 0.5961538461538461 0.5901442307692307 0.04927884615384615 0.04927884615384615
0 0.6225961538461539 0.5709134615384616 0.04927884615384615 0.04927884615384615
0 0.6514423076923077 0.5925480769230769 0.04927884615384615 0.04927884615384615
0 0.7199519230769231 0.5456730769230769 0.04927884615384615 0.04927884615384615
0 0.7427884615384616 0.5384615384615384 0.04927884615384615 0.04927884615384615
0 0.6574519230769231 0.6454326923076923 0.04927884615384615 0.04927884615384615
0 0.6225961538461539 0.6502403846153846 0.04927884615384615 0.04927884615384615
0 0.5913461538461539 0.6526442307692307 0.04927884615384615 0.04927884615384615
0 0.6923076923076923 0.6358173076923077 0.04927884615384615 0.04927884615384615
0 0.7199519230769231 0.6310096153846154 0.04927884615384615 0.04927884615384615
0 0.7764423076923077 0.5961538461538461 0.04927884615384615 0.04927884615384615
0 0.8112980769230769 0.6021634615384616 0.04927884615384615 0.04927884615384615
0 0.8762019230769231 0.5949519230769231 0.04927884615384615 0.04927884615384615
0 0.8990384615384616 0.5396634615384616 0.04927884615384615 0.04927884615384615
0 0.6706730769230769 0.5757211538461539 0.04927884615384615 0.04927884615384615
0 0.9459134615384616 0.6141826923076923 0.04927884615384615 0.04927884615384615
0 0.40024038461538464 0.6802884615384616 0.04927884615384615 0.04927884615384615
0 0.38461538461538464 0.6382211538461539 0.04927884615384615 0.04927884615384615