0 0.20192307692307693 0.10817307692307693 0.04927884615384615 0.04927884615384615
0 0.17668269230769232 0.16466346153846154 0.04927884615384615 0.04927884615384615
0 0.23197115384615385 0.09254807692307693 0.04927884615384615 0.04927884615384615
0 0.2644230769230769 0.10697115384615384 0.04927884615384615 0.04927884615384615
0 0.10817307692307693 0.12379807692307693 0.04927884615384615 0.04927884615384615
0 0.31009615384615385 0.12139423076923077 0.04927884615384615 0.04927884615384615
0 0.3269230769230769 0.16466346153846154 0.04927884615384615 0.04927884615384615
0 0.35216346153846156 0.08533653846153846 0.04927884615384615 0.04927884615384615
0 0.37740384615384615 0.09254807692307693 0.04927884615384615 0.04927884615384615
0 0.43028846153846156 0.1045673076923077 0.04927884615384615 0.04927884615384615
0 0.3918269230769231 0.16346153846153846 0.04927884615384615 0.04927884615384615
0 0.4639423076923077 0.16706730769230768 0.04927884615384615 0.04927884615384615
0 0.5288461538461539 0.17307692307692307 0.04927884615384615 0.04927884615384615
0 0.4855769230769231 0.07091346153846154 0.04927884615384615 0.04927884615384615
0 0.5108173076923077 0.09975961538461539 0.04927884615384615 0.04927884615384615
0 0.5600961538461539 0.08653846153846154 0.04927884615384615 0.04927884615384615
0 0.06490384615384616 0.19831730769230768 0.04927884615384615 0.04927884615384615
0 0.17668269230769232 0.26802884615384615 0.04927884615384615 0.04927884615384615
0 0.16346153846153846 0.23918269230769232 0.04927884615384615 0.04927884615384615
0 0.1201923076923077 0.33533653846153844 0.04927884615384615 0.04927884615384615
0 0.0889423076923077 0.3016826923076923 0.04927884615384615 0.04927884615384615
0 0.07572115384615384 0.25841346153846156 0.04927884615384615 0.04927884615384615
0 0.24759615384615385 0.38221153846153844 0.04927884615384615 0.04927884615384615
0 0.22115384615384615 0.39783653846153844 0.04927884615384615 0.04927884615384615
0 0.14182692307692307 0.38822115384615385 0.04927884615384615 0.04927884615384615
0 0.15144230769230768 0.4483173076923077 0.04927884615384615 0.04927884615384615
0 0.20552884615384615 0.4987980769230769 0.04927884615384615 0.04927884615384615
0 0.19230769230769232 0.5240384615384616 0.04927884615384615 0.04927884615384615
0 0.21153846153846154 0.5709134615384616 0.04927884615384615 0.04927884615384615
0 0.2644230769230769 0.4891826923076923 0.04927884615384615 0.04927884615384615
0 0.24158653846153846 0.4423076923076923 0.04927884615384615 0.04927884615384615
0 0.2800480769230769 0.6730769230769231 0.04927884615384615 0.04927884615384615
0 0.22716346153846154 0.6322115384615384 0.04927884615384615 0.04927884615384615
0 0.2824519230769231 0.5829326923076923 0.04927884615384615 0.04927884615384615
0 0.33052884615384615 0.6694711538461539 0.04927884615384615 0.04927884615384615
0 0.33653846153846156 0.6262019230769231 0.04927884615384615 0.04927884615384615
0 0.23557692307692307 0.5985576923076923 0.04927884615384615 0.04927884615384615
0 0.5228365384615384 0.8257211538461539 0.04927884615384615 0.04927884615384615
0 0.46033653846153844 0.9242788461538461 0.04927884615384615 0.04927884615384615
0 0.47596153846153844 0.8016826923076923 0.04927884615384615 0.04927884615384615
0 0.4519230769230769 0.7788461538461539 0.04927884615384615 0.04927884615384615
0 0.45072115384615385 0.8197115384615384 0.04927884615384615 0.04927884615384615
0 0.5240384615384616 0.9050480769230769 0.04927884615384615 0.04927884615384615
0 0.18629807692307693 0.38221153846153844 0.04927884615384615 0.04927884615384615