0 0.8269230769230769 0.04447115384615385 0.04326923076923077 0.04326923076923077
0 0.8341346153846154 0.15384615384615385 0.04326923076923077 0.04326923076923077
0 0.75 0.1622596153846154 0.04326923076923077 0.04326923076923077
0 0.7283653846153846 0.20793269230769232 0.04326923076923077 0.04326923076923077
0 0.7055288461538461 0.22235576923076922 0.04326923076923077 0.04326923076923077
0 0.8125 0.20552884615384615 0.04326923076923077 0.04326923076923077
0 0.7632211538461539 0.2776442307692308 0.04326923076923077 0.04326923076923077
0 0.7776442307692307 0.29927884615384615 0.04326923076923077 0.04326923076923077
0 0.7211538461538461 0.3425480769230769 0.04326923076923077 0.04326923076923077
0 0.5865384615384616 0.41466346153846156 0.04326923076923077 0.04326923076923077
0 0.7079326923076923 0.47596153846153844 0.04326923076923077 0.04326923076923077
0 0.6694711538461539 0.4879807692307692 0.04326923076923077 0.04326923076923077
0 0.6430288461538461 0.4855769230769231 0.04326923076923077 0.04326923076923077
0 0.5997596153846154 0.5757211538461539 0.04326923076923077 0.04326923076923077
0 0.6117788461538461 0.47115384615384615 0.04326923076923077 0.04326923076923077
0 0.6189903846153846 0.44591346153846156 0.04326923076923077 0.04326923076923077
0 0.5805288461538461 0.5913461538461539 0.04326923076923077 0.04326923076923077
0 0.5552884615384616 0.6009615384615384 0.04326923076923077 0.04326923076923077
0 0.4723557692307692 0.6598557692307693 0.04326923076923077 0.04326923076923077
0 0.39302884615384615 0.6538461538461539 0.04326923076923077 0.04326923076923077
0 0.359375 0.7584134615384616 0.04326923076923077 0.04326923076923077
0 0.33653846153846156 0.7596153846153846 0.04326923076923077 0.04326923076923077
0 0.32572115384615385 0.7896634615384616 0.04326923076923077 0.04326923076923077
0 0.3004807692307692 0.7163461538461539 0.04326923076923077 0.04326923076923077
0 0.21634615384615385 0.7704326923076923 0.04326923076923077 0.04326923076923077
0 0.24158653846153846 0.8677884615384616 0.04326923076923077 0.04326923076923077
0 0.29447115384615385 0.8653846153846154 0.04326923076923077 0.04326923076923077
0 0.19110576923076922 0.9615384615384616 0.04326923076923077 0.04326923076923077
0 0.30528846153846156 0.9759615384615384 0.04326923076923077 0.04326923076923077
0 0.5709134615384616 0.32572115384615385 0.04326923076923077 0.04326923076923077
0 0.49759615384615385 0.3557692307692308 0.04326923076923077 0.04326923076923077
0 0.44711538461538464 0.4026442307692308 0.04326923076923077 0.04326923076923077
0 0.4375 0.3161057692307692 0.04326923076923077 0.04326923076923077
0 0.39903846153846156 0.38341346153846156 0.04326923076923077 0.04326923076923077
0 0.3870192307692308 0.4266826923076923 0.04326923076923077 0.04326923076923077
0 0.31490384615384615 0.43990384615384615 0.04326923076923077 0.04326923076923077
0 0.3737980769230769 0.48677884615384615 0.04326923076923077 0.04326923076923077
0 0.3485576923076923 0.49759615384615385 0.04326923076923077 0.04326923076923077
0 0.32572115384615385 0.5132211538461539 0.04326923076923077 0.04326923076923077
0 0.2439903846153846 0.6286057692307693 0.04326923076923077 0.04326923076923077
0 0.17668269230769232 0.5793269230769231 0.04326923076923077 0.04326923076923077