0 0.08533653846153846 0.34134615384615385 0.04927884615384615 0.0829326923076923
0 0.055288461538461536 0.3485576923076923 0.04927884615384615 0.0829326923076923
0 0.13221153846153846 0.39663461538461536 0.04927884615384615 0.0829326923076923
0 0.17908653846153846 0.5480769230769231 0.04927884615384615 0.0829326923076923
0 0.21995192307692307 0.5721153846153846 0.04927884615384615 0.0829326923076923
0 0.23557692307692307 0.5588942307692307 0.04927884615384615 0.0829326923076923
0 0.29447115384615385 0.5348557692307693 0.04927884615384615 0.0829326923076923
0 0.3425480769230769 0.421875 0.04927884615384615 0.0829326923076923
0 0.35216346153846156 0.46875 0.04927884615384615 0.0829326923076923
0 0.3389423076923077 0.5288461538461539 0.04927884615384615 0.0829326923076923
0 0.37740384615384615 0.5432692307692307 0.04927884615384615 0.0829326923076923
0 0.2764423076923077 0.45552884615384615 0.04927884615384615 0.0829326923076923
0 0.4543269230769231 0.5745192307692307 0.04927884615384615 0.0829326923076923
0 0.4326923076923077 0.578125 0.04927884615384615 0.0829326923076923
0 0.5540865384615384 0.6153846153846154 0.04927884615384615 0.0829326923076923
0 0.5961538461538461 0.6081730769230769 0.04927884615384615 0.0829326923076923
0 0.48197115384615385 0.4951923076923077 0.04927884615384615 0.0829326923076923
0 0.5108173076923077 0.6346153846153846 0.04927884615384615 0.0829326923076923
0 0.22115384615384615 0.4495192307692308 0.04927884615384615 0.0829326923076923
0 0.17427884615384615 0.38341346153846156 0.04927884615384615 0.0829326923076923