0 0.2932692307692308 0.21634615384615385 0.0625 0.07692307692307693
0 0.3076923076923077 0.26802884615384615 0.0625 0.07692307692307693
0 0.36778846153846156 0.3004807692307692 0.0625 0.07692307692307693
0 0.3233173076923077 0.3858173076923077 0.0625 0.07692307692307693
0 0.40024038461538464 0.3425480769230769 0.0625 0.07692307692307693
0 0.4326923076923077 0.3317307692307692 0.0625 0.07692307692307693
0 0.5024038461538461 0.31850961538461536 0.0625 0.07692307692307693
0 0.5096153846153846 0.3798076923076923 0.0625 0.07692307692307693
0 0.4423076923076923 0.4266826923076923 0.0625 0.07692307692307693
0 0.19831730769230768 0.23197115384615385 0.0625 0.07692307692307693
0 0.33533653846153844 0.4543269230769231 0.0625 0.07692307692307693