0 0.4326923076923077 0.9579326923076923 0.0625 0.0733173076923077
0 0.29447115384615385 0.8353365384615384 0.0625 0.0733173076923077
0 0.28725961538461536 0.7091346153846154 0.0625 0.0733173076923077
0 0.35336538461538464 0.6826923076923077 0.0625 0.0733173076923077
0 0.39903846153846156 0.6394230769230769 0.0625 0.0733173076923077
0 0.46153846153846156 0.6514423076923077 0.0625 0.0733173076923077
0 0.5012019230769231 0.6177884615384616 0.0625 0.0733173076923077
0 0.5757211538461539 0.5829326923076923 0.0625 0.0733173076923077
0 0.6646634615384616 0.5997596153846154 0.0625 0.0733173076923077
0 0.5408653846153846 0.6358173076923077 0.0625 0.0733173076923077
0 0.4387019230769231 0.7163461538461539 0.0625 0.0733173076923077
0 0.4074519230769231 0.7788461538461539 0.0625 0.0733173076923077
0 0.5324519230769231 0.703125 0.0625 0.0733173076923077
0 0.17548076923076922 0.9182692307692307 0.0625 0.0733173076923077