0 0.10096153846153846 0.3942307692307692 0.04927884615384615 0.11778846153846154
0 0.15985576923076922 0.4579326923076923 0.04927884615384615 0.11778846153846154
0 0.1778846153846154 0.3112980769230769 0.04927884615384615 0.11778846153846154
0 0.203125 0.28125 0.04927884615384615 0.11778846153846154
0 0.23798076923076922 0.3112980769230769 0.04927884615384615 0.11778846153846154
0 0.30528846153846156 0.25240384615384615 0.04927884615384615 0.11778846153846154
0 0.33653846153846156 0.2548076923076923 0.04927884615384615 0.11778846153846154
0 0.34615384615384615 0.45552884615384615 0.04927884615384615 0.11778846153846154
0 0.3798076923076923 0.30408653846153844 0.04927884615384615 0.11778846153846154
0 0.4098557692307692 0.453125 0.04927884615384615 0.11778846153846154
0 0.4639423076923077 0.453125 0.04927884615384615 0.11778846153846154
0 0.48677884615384615 0.2548076923076923 0.04927884615384615 0.11778846153846154
0 0.29927884615384615 0.44350961538461536 0.04927884615384615 0.11778846153846154
0 0.27884615384615385 0.33052884615384615 0.04927884615384615 0.11778846153846154