0 0.2800480769230769 0.10096153846153846 0.04927884615384615 0.04927884615384615
0 0.2980769230769231 0.17067307692307693 0.04927884615384615 0.04927884615384615
0 0.3701923076923077 0.1141826923076923 0.04927884615384615 0.04927884615384615
0 0.3329326923076923 0.20432692307692307 0.04927884615384615 0.04927884615384615
0 0.3954326923076923 0.20072115384615385 0.04927884615384615 0.04927884615384615
0 0.3894230769230769 0.22716346153846154 0.04927884615384615 0.04927884615384615
0 0.35096153846153844 0.3293269230769231 0.04927884615384615 0.04927884615384615
0 0.3449519230769231 0.40384615384615385 0.04927884615384615 0.04927884615384615
0 0.39783653846153844 0.3329326923076923 0.04927884615384615 0.04927884615384615
0 0.4014423076923077 0.3894230769230769 0.04927884615384615 0.04927884615384615
0 0.39783653846153844 0.44591346153846156 0.04927884615384615 0.04927884615384615
0 0.3545673076923077 0.4519230769230769 0.04927884615384615 0.04927884615384615
0 0.39302884615384615 0.4891826923076923 0.04927884615384615 0.04927884615384615
0 0.3858173076923077 0.5396634615384616 0.04927884615384615 0.04927884615384615
0 0.32091346153846156 0.5516826923076923 0.04927884615384615 0.04927884615384615
0 0.33533653846153844 0.5913461538461539 0.04927884615384615 0.04927884615384615
0 0.37740384615384615 0.6105769230769231 0.04927884615384615 0.04927884615384615
0 0.3485576923076923 0.7800480769230769 0.04927884615384615 0.04927884615384615
0 0.2800480769230769 0.8052884615384616 0.04927884615384615 0.04927884615384615
0 0.3076923076923077 0.7175480769230769 0.04927884615384615 0.04927884615384615
0 0.30408653846153844 0.6454326923076923 0.04927884615384615 0.04927884615384615
0 0.42427884615384615 0.27403846153846156 0.04927884615384615 0.04927884615384615
0 0.4266826923076923 0.3798076923076923 0.04927884615384615 0.04927884615384615
0 0.44471153846153844 0.4074519230769231 0.04927884615384615 0.04927884615384615
0 0.48677884615384615 0.41947115384615385 0.04927884615384615 0.04927884615384615
0 0.5600961538461539 0.5048076923076923 0.04927884615384615 0.04927884615384615
0 0.6117788461538461 0.48197115384615385 0.04927884615384615 0.04927884615384615
0 0.8197115384615384 0.5552884615384616 0.04927884615384615 0.04927884615384615
0 0.8052884615384616 0.4639423076923077 0.04927884615384615 0.04927884615384615
0 0.8461538461538461 0.4855769230769231 0.04927884615384615 0.04927884615384615
0 0.6790865384615384 0.44471153846153844 0.04927884615384615 0.04927884615384615
0 0.7319711538461539 0.4387019230769231 0.04927884615384615 0.04927884615384615
0 0.7175480769230769 0.5168269230769231 0.04927884615384615 0.04927884615384615
0 0.5240384615384616 0.4495192307692308 0.04927884615384615 0.04927884615384615
0 0.7896634615384616 0.5336538461538461 0.04927884615384615 0.04927884615384615
0 0.5649038461538461 0.45913461538461536 0.04927884615384615 0.04927884615384615
0 0.38221153846153844 0.3088942307692308 0.04927884615384615 0.04927884615384615