0 0.9579326923076923 0.7391826923076923 0.04326923076923077 0.04326923076923077
0 0.9074519230769231 0.7331730769230769 0.04326923076923077 0.04326923076923077
0 0.8641826923076923 0.7115384615384616 0.04326923076923077 0.04326923076923077
0 0.8365384615384616 0.7427884615384616 0.04326923076923077 0.04326923076923077
0 0.796875 0.59375 0.04326923076923077 0.04326923076923077
0 0.7728365384615384 0.5877403846153846 0.04326923076923077 0.04326923076923077
0 0.7632211538461539 0.6237980769230769 0.04326923076923077 0.04326923076923077
0 0.6850961538461539 0.609375 0.04326923076923077 0.04326923076923077
0 0.7115384615384616 0.5504807692307693 0.04326923076923077 0.04326923076923077
0 0.6478365384615384 0.5336538461538461 0.04326923076923077 0.04326923076923077
0 0.6622596153846154 0.4963942307692308 0.04326923076923077 0.04326923076923077
0 0.6129807692307693 0.5432692307692307 0.04326923076923077 0.04326923076923077
0 0.5913461538461539 0.5240384615384616 0.04326923076923077 0.04326923076923077
0 0.5757211538461539 0.5084134615384616 0.04326923076923077 0.04326923076923077
0 0.5396634615384616 0.39903846153846156 0.04326923076923077 0.04326923076923077
0 0.5600961538461539 0.36658653846153844 0.04326923076923077 0.04326923076923077
0 0.5 0.43028846153846156 0.04326923076923077 0.04326923076923077
0 0.5084134615384616 0.3701923076923077 0.04326923076923077 0.04326923076923077
0 0.5096153846153846 0.3088942307692308 0.04326923076923077 0.04326923076923077
0 0.4651442307692308 0.28846153846153844 0.04326923076923077 0.04326923076923077
0 0.37259615384615385 0.296875 0.04326923076923077 0.04326923076923077
0 0.41466346153846156 0.22596153846153846 0.04326923076923077 0.04326923076923077
0 0.44471153846153844 0.24639423076923078 0.04326923076923077 0.04326923076923077
0 0.3293269230769231 0.16826923076923078 0.04326923076923077 0.04326923076923077
0 0.35697115384615385 0.25 0.04326923076923077 0.04326923076923077
0 0.2644230769230769 0.25 0.04326923076923077 0.04326923076923077
0 0.2764423076923077 0.18629807692307693 0.04326923076923077 0.04326923076923077
0 0.13822115384615385 0.28365384615384615 0.04326923076923077 0.04326923076923077
0 0.11538461538461539 0.26802884615384615 0.04326923076923077 0.04326923076923077
0 0.13701923076923078 0.23677884615384615 0.04326923076923077 0.04326923076923077
0 0.038461538461538464 0.2824519230769231 0.04326923076923077 0.04326923076923077
0 0.06850961538461539 0.27283653846153844 0.04326923076923077 0.04326923076923077
0 0.22235576923076922 0.2548076923076923 0.04326923076923077 0.04326923076923077
0 0.5348557692307693 0.3317307692307692 0.04326923076923077 0.04326923076923077
0 0.49759615384615385 0.2860576923076923 0.04326923076923077 0.04326923076923077
0 0.859375 0.3389423076923077 0.04326923076923077 0.04326923076923077
0 0.8930288461538461 0.3401442307692308 0.04326923076923077 0.04326923076923077
0 0.8569711538461539 0.43028846153846156 0.04326923076923077 0.04326923076923077
0 0.8725961538461539 0.41346153846153844 0.04326923076923077 0.04326923076923077
0 0.9362980769230769 0.43990384615384615 0.04326923076923077 0.04326923076923077
0 0.953125 0.4110576923076923 0.04326923076923077 0.04326923076923077
0 0.9230769230769231 0.39903846153846156 0.04326923076923077 0.04326923076923077
0 0.9663461538461539 0.4579326923076923 0.04326923076923077 0.04326923076923077