0 0.7704326923076923 0.0985576923076923 0.04326923076923077 0.04326923076923077
0 0.8605769230769231 0.0889423076923077 0.04326923076923077 0.04326923076923077
0 0.8365384615384616 0.14903846153846154 0.04326923076923077 0.04326923076923077
0 0.7259615384615384 0.16105769230769232 0.04326923076923077 0.04326923076923077
0 0.7487980769230769 0.14783653846153846 0.04326923076923077 0.04326923076923077
0 0.7824519230769231 0.21634615384615385 0.04326923076923077 0.04326923076923077
0 0.7980769230769231 0.23557692307692307 0.04326923076923077 0.04326923076923077
0 0.7451923076923077 0.2800480769230769 0.04326923076923077 0.04326923076923077
0 0.7211538461538461 0.20432692307692307 0.04326923076923077 0.04326923076923077
0 0.33052884615384615 0.9110576923076923 0.04326923076923077 0.04326923076923077
0 0.21153846153846154 0.9038461538461539 0.04326923076923077 0.04326923076923077
0 0.26322115384615385 0.8100961538461539 0.04326923076923077 0.04326923076923077
0 0.31971153846153844 0.8100961538461539 0.04326923076923077 0.04326923076923077
0 0.23918269230769232 0.7139423076923077 0.04326923076923077 0.04326923076923077
0 0.35096153846153844 0.7295673076923077 0.04326923076923077 0.04326923076923077
0 0.38341346153846156 0.6947115384615384 0.04326923076923077 0.04326923076923077
0 0.3605769230769231 0.7043269230769231 0.04326923076923077 0.04326923076923077
0 0.32091346153846156 0.6586538461538461 0.04326923076923077 0.04326923076923077
0 0.6105769230769231 0.35216346153846156 0.04326923076923077 0.04326923076923077
0 0.6947115384615384 0.42427884615384615 0.04326923076923077 0.04326923076923077
0 0.7331730769230769 0.4110576923076923 0.04326923076923077 0.04326923076923077
0 0.6706730769230769 0.4266826923076923 0.04326923076923077 0.04326923076923077
0 0.6117788461538461 0.5240384615384616 0.04326923076923077 0.04326923076923077
0 0.5805288461538461 0.5384615384615384 0.04326923076923077 0.04326923076923077
0 0.4987980769230769 0.59375 0.04326923076923077 0.04326923076923077
0 0.40865384615384615 0.5913461538461539 0.04326923076923077 0.04326923076923077
0 0.46153846153846156 0.2548076923076923 0.04326923076923077 0.04326923076923077
0 0.4675480769230769 0.3389423076923077 0.04326923076923077 0.04326923076923077
0 0.41947115384615385 0.32572115384615385 0.04326923076923077 0.04326923076923077
0 0.40865384615384615 0.3713942307692308 0.04326923076923077 0.04326923076923077
0 0.33533653846153844 0.3858173076923077 0.04326923076923077 0.04326923076923077
0 0.39783653846153844 0.43028846153846156 0.04326923076923077 0.04326923076923077
0 0.3701923076923077 0.4362980769230769 0.04326923076923077 0.04326923076923077
0 0.3545673076923077 0.4543269230769231 0.04326923076923077 0.04326923076923077
0 0.25721153846153844 0.47716346153846156 0.04326923076923077 0.04326923076923077
0 0.5180288461538461 0.2920673076923077 0.04326923076923077 0.04326923076923077
0 0.49759615384615385 0.3137019230769231 0.04326923076923077 0.04326923076923077
0 0.49038461538461536 0.5504807692307693 0.04326923076923077 0.04326923076923077
0 0.5288461538461539 0.48677884615384615 0.04326923076923077 0.04326923076923077
0 0.33052884615384615 0.5024038461538461 0.04326923076923077 0.04326923076923077
0 0.2692307692307692 0.5120192307692307 0.04326923076923077 0.04326923076923077
0 0.265625 0.5685096153846154 0.04326923076923077 0.04326923076923077
0 0.1875 0.5552884615384616 0.04326923076923077 0.04326923076923077
0 0.16826923076923078 0.5180288461538461 0.04326923076923077 0.04326923076923077
0 0.11778846153846154 0.6490384615384616 0.04326923076923077 0.04326923076923077
0 0.1658653846153846 0.6634615384615384 0.04326923076923077 0.04326923076923077
0 0.38461538461538464 0.6694711538461539 0.04326923076923077 0.04326923076923077
0 0.4651442307692308 0.6322115384615384 0.04326923076923077 0.04326923076923077