0 0.27524038461538464 0.17668269230769232 0.08173076923076923 0.06610576923076923
0 0.5997596153846154 0.59375 0.12139423076923077 0.07091346153846154
0 0.4831730769230769 0.7451923076923077 0.08653846153846154 0.0889423076923077
0 0.5661057692307693 0.7211538461538461 0.1141826923076923 0.08533653846153846
0 0.7776442307692307 0.6862980769230769 0.10576923076923077 0.09254807692307693
0 0.875 0.5793269230769231 0.10697115384615384 0.07932692307692307
0 0.39783653846153844 0.6021634615384616 0.10697115384615384 0.07091346153846154
0 0.4831730769230769 0.6033653846153846 0.1045673076923077 0.10697115384615384
0 0.15264423076923078 0.7475961538461539 0.11899038461538461 0.09014423076923077
0 0.23197115384615385 0.6237980769230769 0.09134615384615384 0.07091346153846154
0 0.04807692307692308 0.08533653846153846 0.09495192307692307 0.08774038461538461