0 0.4206730769230769 0.6838942307692307 0.06129807692307692 0.05889423076923077
0 0.35336538461538464 0.7067307692307693 0.06370192307692307 0.057692307692307696
0 0.27163461538461536 0.6995192307692307 0.0673076923076923 0.06129807692307692
0 0.16826923076923078 0.7055288461538461 0.09014423076923077 0.06850961538461539
0 0.13221153846153846 0.19951923076923078 0.07451923076923077 0.06490384615384616
0 0.6935096153846154 0.6225961538461539 0.057692307692307696 0.06009615384615385
0 0.5793269230769231 0.7391826923076923 0.07211538461538461 0.06490384615384616
0 0.5012019230769231 0.6538461538461539 0.0829326923076923 0.057692307692307696
0 0.1935096153846154 0.4375 0.08173076923076923 0.06971153846153846
0 0.5877403846153846 0.5300480769230769 0.06490384615384616 0.06129807692307692
0 0.9483173076923077 0.43990384615384615 0.0889423076923077 0.08653846153846154
0 0.3425480769230769 0.34615384615384615 0.09735576923076923 0.07211538461538461
0 0.2668269230769231 0.2536057692307692 0.07932692307692307 0.07451923076923077
0 0.18269230769230768 0.2608173076923077 0.07932692307692307 0.06490384615384616