0 0.25078125 0.37578125 0.0984375 0.09453125
0 0.3203125 0.45078125 0.1515625 0.1125
0 0.5859375 0.68828125 0.109375 0.08515625
0 0.2734375 0.6203125 0.09765625 0.0828125
0 0.4125 0.75703125 0.09609375 0.09296875
0 0.51953125 0.92265625 0.134375 0.11640625
0 0.76328125 0.465625 0.103125 0.11796875
0 0.696875 0.86640625 0.0875 0.08984375
0 0.875 0.91875 0.09140625 0.071875
0 0.7796875 0.71796875 0.109375 0.0953125
0 0.6578125 0.25546875 0.1109375 0.07890625
0 0.59765625 0.1515625 0.09765625 0.1078125
0 0.49296875 0.20234375 0.10390625 0.075
0 0.2546875 0.5203125 0.10859375 0.075