0 0.19296875 0.190625 0.0703125 0.0546875
0 0.296875 0.121875 0.06640625 0.0703125
0 0.3203125 0.24140625 0.06796875 0.06640625
0 0.38359375 0.35625 0.07890625 0.09296875
0 0.3109375 0.51171875 0.090625 0.07421875
0 0.359375 0.565625 0.0859375 0.0875
0 0.4625 0.509375 0.09375 0.10078125
0 0.540625 0.60859375 0.115625 0.125
0 0.71328125 0.815625 0.08984375 0.0875
0 0.58046875 0.71953125 0.08359375 0.078125
0 0.48203125 0.92109375 0.140625 0.1203125
0 0.61640625 0.9046875 0.0890625 0.0703125
0 0.66328125 0.94765625 0.12734375 0.08203125
0 0.4203125 0.66328125 0.1234375 0.09296875
0 0.11796875 0.0703125 0.0703125 0.06640625