0 0.56796875 0.4421875 0.10234375 0.0890625
0 0.425 0.63515625 0.1015625 0.08125
0 0.43046875 0.3234375 0.09453125 0.084375
0 0.5265625 0.07109375 0.09921875 0.1015625
0 0.5390625 0.26484375 0.09921875 0.0796875
0 0.56484375 0.76796875 0.11953125 0.1359375
0 0.43203125 0.75625 0.10859375 0.1046875
0 0.56875 0.5375 0.09453125 0.096875
0 0.4203125 0.22890625 0.11484375 0.0828125
0 0.38359375 0.06640625 0.08984375 0.09296875
0 0.4 0.515625 0.10390625 0.07890625
0 0.4140625 0.55078125 0.1421875 0.1
0 0.60703125 0.91015625 0.128125 0.11640625
0 0.27734375 0.94375 0.1265625 0.08828125
0 0.4625 0.9734375 0.1125 0.053125