0 0.546875 0.6578125 0.0984375 0.0921875
0 0.56796875 0.4515625 0.10625 0.1046875
0 0.71875 0.58671875 0.08671875 0.09296875
0 0.33828125 0.5625 0.0796875 0.0921875
0 0.303125 0.5203125 0.0734375 0.08203125
0 0.2296875 0.50546875 0.1140625 0.0890625
0 0.1265625 0.44296875 0.096875 0.059375
0 0.1953125 0.34453125 0.0734375 0.0703125
0 0.05859375 0.18046875 0.09453125 0.0796875
0 0.79296875 0.896875 0.08203125 0.071875
0 0.86875 0.95 0.09453125 0.090625
0 0.4390625 0.59921875 0.09375 0.1125
0 0.85546875 0.7375 0.0984375 0.0984375