0 0.22421875 0.22890625 0.09765625 0.0734375
0 0.41796875 0.2078125 0.07734375 0.07109375
0 0.46328125 0.2578125 0.0984375 0.09765625
0 0.3328125 0.47734375 0.096875 0.0890625
0 0.37421875 0.553125 0.12890625 0.0953125
0 0.921875 0.5265625 0.10546875 0.09296875
0 0.5328125 0.89140625 0.11171875 0.0953125
0 0.43046875 0.6921875 0.1046875 0.1015625
0 0.6234375 0.6546875 0.0921875 0.1
0 0.2640625 0.34375 0.1125 0.09609375
0 0.4875 0.41640625 0.109375 0.0921875
0 0.49453125 0.73046875 0.0953125 0.0640625
0 0.48671875 0.7609375 0.1265625 0.05390625
0 0.525 0.7859375 0.1109375 0.08046875
0 0.66796875 0.73828125 0.1125 0.10390625
0 0.79609375 0.96875 0.09140625 0.0625